// Export filename: 'C:\Program Files (x86)\Steam\steamapps\common\Call of Duty Black Ops III\xanim_export\tbd\s2\melee_shovel\vm_melee_shovel_s2_melee_offhand.xanim_export'
// Source filename: 'C:\Users\Ash\Documents\WW2 Shovel\wpn_s2_melee_shovel_excel_rig.mb'
// Export time: Sun Nov 19 2017, 17:31:29

ANIMATION
VERSION 3

NUMPARTS 71
PART 0 "tag_torso"
PART 1 "j_shoulder_le"
PART 2 "j_shoulder_ri"
PART 3 "tag_weapon_left"
PART 4 "tag_weapon_right"
PART 5 "j_elbow_le"
PART 6 "j_elbow_ri"
PART 7 "tag_weapon"
PART 8 "j_elbow_bulge_le"
PART 9 "j_wrist_le"
PART 10 "j_wristtwist1_le"
PART 11 "j_wristtwist2_le"
PART 12 "j_wristtwist3_le"
PART 13 "j_wristtwist4_le"
PART 14 "j_wristtwist5_le"
PART 15 "j_wristtwist6_le"
PART 16 "j_wristtwist_le"
PART 17 "j_elbow_bulge_ri"
PART 18 "j_wrist_ri"
PART 19 "j_wristtwist1_ri"
PART 20 "j_wristtwist2_ri"
PART 21 "j_wristtwist3_ri"
PART 22 "j_wristtwist4_ri"
PART 23 "j_wristtwist5_ri"
PART 24 "j_wristtwist6_ri"
PART 25 "j_wristtwist_ri"
PART 26 "tag_knife"
PART 27 "j_indexbase_le"
PART 28 "j_mid_le_1"
PART 29 "j_pinkybase_le"
PART 30 "j_ringbase_le"
PART 31 "j_thumb_le_1"
PART 32 "j_indexbase_ri"
PART 33 "j_mid_ri_1"
PART 34 "j_pinkybase_ri"
PART 35 "j_ringbase_ri"
PART 36 "j_thumb_ri_1"
PART 37 "tag_fx"
PART 38 "j_index_le_1"
PART 39 "j_indexretract_le"
PART 40 "j_mid_le_2"
PART 41 "j_pinky_le_1"
PART 42 "j_ring_le_1"
PART 43 "j_thumb_le_2"
PART 44 "j_index_ri_1"
PART 45 "j_indexretract_ri"
PART 46 "j_mid_ri_2"
PART 47 "j_pinky_ri_1"
PART 48 "j_ring_ri_1"
PART 49 "j_thumb_ri_2"
PART 50 "j_index_le_2"
PART 51 "j_mid_le_3"
PART 52 "j_pinky_le_2"
PART 53 "j_ring_le_2"
PART 54 "j_thumb_le_3"
PART 55 "j_index_ri_2"
PART 56 "j_mid_ri_3"
PART 57 "j_pinky_ri_2"
PART 58 "j_ring_ri_2"
PART 59 "j_thumb_ri_3"
PART 60 "j_index_le_3"
PART 61 "j_pinky_le_3"
PART 62 "j_ring_le_3"
PART 63 "j_index_ri_3"
PART 64 "j_pinky_ri_3"
PART 65 "j_ring_ri_3"
PART 66 "tag_cambone"
PART 67 "tag_camera"
PART 68 "tag_fill_light"
PART 69 "tag_flashlight"
PART 70 "tag_gasmask"

FRAMERATE 30
NUMFRAMES 51

FRAME 0
PART 0
OFFSET -1.009664, -0.000001, 52.513799
SCALE 1.000000, 1.000000, 1.000000
X 1.000000, 0.000000, 0.000000
Y 0.000000, 1.000000, 0.000000
Z 0.000000, 0.000000, 1.000000

PART 1
OFFSET 1.474420, 10.051580, 59.836641
SCALE 1.000000, 1.000000, 1.000000
X -0.510496, 0.837548, 0.194697
Y 0.097801, 0.281509, -0.954562
Z -0.854300, -0.468259, -0.225622

PART 2
OFFSET 1.146699, -5.377240, 57.317517
SCALE 1.000000, 1.000000, 1.000000
X 0.289907, 0.322987, 0.900907
Y 0.791528, 0.448240, -0.415409
Z -0.537994, 0.833523, -0.125706

PART 3
OFFSET -20.371826, -28.929752, 52.329682
SCALE 1.000000, 1.000000, 1.000000
X 0.979412, -0.192001, -0.062351
Y 0.188909, 0.980604, -0.052238
Z 0.071171, 0.039384, 0.996686

PART 4
OFFSET -20.374763, -28.926301, 52.322299
SCALE 1.000000, 1.000000, 1.000000
X 0.979396, -0.192095, -0.062319
Y 0.189016, 0.980592, -0.052077
Z 0.071113, 0.039225, 0.996697

PART 5
OFFSET -3.659159, 18.160659, 62.445953
SCALE 1.000000, 1.000000, 1.000000
X 0.179598, -0.673276, 0.717247
Y -0.487819, 0.572193, 0.659264
Z -0.854270, -0.468289, -0.225672

PART 6
OFFSET -1.424477, -8.546456, 47.307409
SCALE 1.000000, 1.000000, 1.000000
X -0.517967, -0.209162, 0.829435
Y 0.665098, 0.511283, 0.544274
Z -0.537917, 0.833571, -0.125714

PART 7
OFFSET -2.714246, 10.008363, 73.976691
SCALE 1.000000, 1.000000, 1.000000
X 0.646813, -0.312177, 0.695829
Y 0.259096, 0.948067, 0.184496
Z -0.717288, 0.060953, 0.694106

PART 8
OFFSET -3.659159, 18.160659, 62.445953
SCALE 1.000000, 1.000000, 1.000000
X 0.179598, -0.673276, 0.717247
Y -0.487819, 0.572193, 0.659264
Z -0.854270, -0.468289, -0.225672

PART 9
OFFSET -1.779167, 11.408086, 69.755051
SCALE 1.000000, 1.000000, 1.000000
X 0.246772, -0.253783, 0.935253
Y 0.968340, 0.027043, -0.248165
Z 0.037688, 0.966883, 0.252422

PART 10
OFFSET -2.338033, 13.209659, 67.721186
SCALE 1.000000, 1.000000, 1.000000
X 0.179598, -0.673276, 0.717247
Y 0.960284, 0.278251, 0.020738
Z -0.213537, 0.685037, 0.696510

PART 11
OFFSET -2.558221, 14.034823, 66.841981
SCALE 1.000000, 1.000000, 1.000000
X 0.179598, -0.673276, 0.717247
Y 0.841304, 0.483002, 0.242729
Z -0.509855, 0.559829, 0.653176

PART 12
OFFSET -2.778408, 14.859991, 65.962774
SCALE 1.000000, 1.000000, 1.000000
X 0.179598, -0.673276, 0.717247
Y 0.633626, 0.636892, 0.439187
Z -0.752504, 0.375589, 0.540990

PART 13
OFFSET -2.998597, 15.685158, 65.083567
SCALE 1.000000, 1.000000, 1.000000
X 0.179598, -0.673276, 0.717247
Y 0.378171, 0.720329, 0.581475
Z -0.908147, 0.166810, 0.383983

PART 14
OFFSET -3.218782, 16.510325, 64.204362
SCALE 1.000000, 1.000000, 1.000000
X 0.179598, -0.673276, 0.717247
Y 0.088917, 0.737228, 0.669767
Z -0.979713, -0.056513, 0.192271

PART 15
OFFSET -3.438971, 17.335490, 63.325156
SCALE 1.000000, 1.000000, 1.000000
X 0.179598, -0.673276, 0.717247
Y -0.209202, 0.686286, 0.696596
Z -0.961238, -0.275157, -0.017595

PART 16
OFFSET -2.117845, 12.384494, 68.600392
SCALE 1.000000, 1.000000, 1.000000
X 0.179598, -0.673276, 0.717247
Y 0.980107, 0.059858, -0.189230
Z 0.084471, 0.736964, 0.670633

PART 17
OFFSET -1.424477, -8.546456, 47.307409
SCALE 1.000000, 1.000000, 1.000000
X -0.517967, -0.209162, 0.829435
Y 0.665098, 0.511283, 0.544274
Z -0.537917, 0.833571, -0.125714

PART 18
OFFSET 4.152422, -6.531945, 38.705541
SCALE 1.000000, 1.000000, 1.000000
X -0.812588, 0.068667, 0.578779
Y 0.186128, 0.971611, 0.146044
Z -0.552319, 0.226401, -0.802300

PART 19
OFFSET 2.383554, -7.009239, 41.209308
SCALE 1.000000, 1.000000, 1.000000
X -0.517967, -0.209162, 0.829435
Y 0.123655, 0.941151, 0.314554
Z -0.846416, 0.265493, -0.461621

PART 20
OFFSET 1.748884, -7.265444, 42.225657
SCALE 1.000000, 1.000000, 1.000000
X -0.517967, -0.209162, 0.829435
Y 0.232292, 0.898813, 0.371720
Z -0.823256, 0.385210, -0.416968

PART 21
OFFSET 1.114211, -7.521644, 43.242010
SCALE 1.000000, 1.000000, 1.000000
X -0.517967, -0.209162, 0.829435
Y 0.337037, 0.841304, 0.422628
Z -0.786204, 0.498457, -0.365272

PART 22
OFFSET 0.479539, -7.777849, 44.258362
SCALE 1.000000, 1.000000, 1.000000
X -0.517967, -0.209162, 0.829435
Y 0.429966, 0.774587, 0.463837
Z -0.739486, 0.596881, -0.311278

PART 23
OFFSET -0.155132, -8.034049, 45.274711
SCALE 1.000000, 1.000000, 1.000000
X -0.517967, -0.209162, 0.829435
Y 0.516214, 0.696744, 0.498067
Z -0.682080, 0.686148, -0.252918

PART 24
OFFSET -0.789802, -8.290253, 46.291061
SCALE 1.000000, 1.000000, 1.000000
X -0.517967, -0.209162, 0.829435
Y 0.595069, 0.608456, 0.525047
Z -0.614494, 0.765528, -0.190694

PART 25
OFFSET 3.018223, -6.753036, 40.192958
SCALE 1.000000, 1.000000, 1.000000
X -0.517967, -0.209162, 0.829435
Y 0.020177, 0.966387, 0.256298
Z -0.855163, 0.149489, -0.496336

PART 26
OFFSET -2.714246, 10.008363, 73.976691
SCALE 1.000000, 1.000000, 1.000000
X 0.717288, -0.060953, -0.694106
Y 0.259096, 0.948067, 0.184496
Z 0.646813, -0.312177, 0.695829

PART 27
OFFSET -1.965202, 10.577399, 73.270850
SCALE 1.000000, 1.000000, 1.000000
X 0.246772, -0.253783, 0.935253
Y 0.968340, 0.027043, -0.248165
Z 0.037688, 0.966883, 0.252422

PART 28
OFFSET -0.805356, 10.661594, 73.094067
SCALE 1.000000, 1.000000, 1.000000
X -0.013563, -0.998362, -0.055578
Y -0.612024, 0.052244, -0.789111
Z 0.790723, 0.023312, -0.611731

PART 29
OFFSET -0.432379, 11.015974, 69.964814
SCALE 1.000000, 1.000000, 1.000000
X 0.413642, -0.534630, 0.736934
Y -0.279349, -0.844912, -0.456167
Z 0.866525, -0.017172, -0.498839

PART 30
OFFSET -0.757459, 11.255519, 70.624350
SCALE 1.000000, 1.000000, 1.000000
X 0.379372, -0.388368, 0.839790
Y -0.209304, -0.920136, -0.330971
Z 0.901259, -0.050210, -0.430361

PART 31
OFFSET -2.939790, 10.712931, 70.447111
SCALE 1.000000, 1.000000, 1.000000
X 0.003201, -0.451502, 0.892265
Y 0.911795, 0.367716, 0.182800
Z -0.410634, 0.812977, 0.412854

PART 32
OFFSET 7.200181, -5.741923, 36.926903
SCALE 1.000000, 1.000000, 1.000000
X -0.812588, 0.068667, 0.578779
Y 0.186128, 0.971611, 0.146044
Z -0.552319, 0.226401, -0.802300

PART 33
OFFSET 6.847752, -6.851057, 37.013996
SCALE 1.000000, 1.000000, 1.000000
X -0.258221, -0.159806, 0.952777
Y 0.843376, -0.518322, 0.141635
Z 0.471211, 0.840122, 0.268618

PART 34
OFFSET 4.173546, -7.538484, 37.917344
SCALE 1.000000, 1.000000, 1.000000
X 0.462817, -0.172474, -0.869513
Y -0.583478, -0.797714, -0.152336
Z -0.667349, 0.577845, -0.469830

PART 35
OFFSET 4.901931, -7.191084, 37.963396
SCALE 1.000000, 1.000000, 1.000000
X 0.647789, -0.186329, -0.738682
Y -0.478035, -0.854394, -0.203698
Z -0.593170, 0.485070, -0.642539

PART 36
OFFSET 4.571129, -5.653547, 38.522432
SCALE 1.000000, 1.000000, 1.000000
X -0.554862, -0.412814, 0.722297
Y -0.181083, 0.907317, 0.379453
Z -0.811996, 0.079748, -0.578189

PART 37
OFFSET -13.940194, 10.791627, 84.757500
SCALE 1.000000, 1.000000, 1.000000
X -0.717288, 0.060953, 0.694106
Y 0.259096, 0.948067, 0.184496
Z -0.646813, 0.312177, -0.695829

PART 38
OFFSET -1.729530, 10.686499, 73.383918
SCALE 1.000000, 1.000000, 1.000000
X 0.166482, -0.943447, 0.286691
Y -0.343123, -0.328007, -0.880158
Z 0.924419, 0.048161, -0.378325

PART 39
OFFSET -1.965202, 10.577399, 73.270850
SCALE 1.000000, 1.000000, 1.000000
X 0.246772, -0.253783, 0.935253
Y 0.968340, 0.027043, -0.248165
Z 0.037688, 0.966883, 0.252422

PART 40
OFFSET -0.833076, 8.621759, 72.980598
SCALE 1.000000, 1.000000, 1.000000
X -0.604300, 0.189175, -0.773973
Y 0.097645, 0.981666, 0.163701
Z 0.790751, 0.023350, -0.611692

PART 41
OFFSET 0.635390, 9.878861, 71.673164
SCALE 1.000000, 1.000000, 1.000000
X -0.574668, -0.790298, -0.212570
Y -0.666620, 0.602705, -0.438593
Z 0.474736, -0.110342, -0.873184

PART 42
OFFSET 0.012685, 10.271093, 72.557870
SCALE 1.000000, 1.000000, 1.000000
X -0.245461, -0.952420, -0.180677
Y -0.690651, 0.302601, -0.656836
Z 0.680257, -0.036442, -0.732067

PART 43
OFFSET -2.951226, 9.682972, 72.105176
SCALE 1.000000, 1.000000, 1.000000
X 0.252559, -0.426888, 0.868321
Y 0.846420, 0.532290, 0.015498
Z -0.468814, 0.731050, 0.495761

PART 44
OFFSET 7.086625, -5.928476, 37.181241
SCALE 1.000000, 1.000000, 1.000000
X -0.505650, -0.089287, 0.858106
Y 0.844759, -0.253243, 0.471434
Z 0.175217, 0.963273, 0.203478

PART 45
OFFSET 7.200181, -5.741923, 36.926903
SCALE 1.000000, 1.000000, 1.000000
X -0.812588, 0.068667, 0.578779
Y 0.186128, 0.971611, 0.146044
Z -0.552319, 0.226401, -0.802300

PART 46
OFFSET 7.375393, -6.524569, 35.067207
SCALE 1.000000, 1.000000, 1.000000
X 0.391384, -0.472027, 0.789942
Y 0.790432, -0.267115, -0.551241
Z 0.471206, 0.840143, 0.268561

PART 47
OFFSET 5.210270, -8.061867, 36.078063
SCALE 1.000000, 1.000000, 1.000000
X -0.496412, -0.022232, 0.867802
Y 0.562423, -0.769723, 0.302005
Z 0.661253, 0.637991, 0.394604

PART 48
OFFSET 6.157767, -7.531104, 36.497932
SCALE 1.000000, 1.000000, 1.000000
X -0.302058, -0.082266, 0.949733
Y 0.811293, -0.545317, 0.210792
Z 0.500565, 0.834183, 0.231460

PART 49
OFFSET 5.819528, -4.555009, 36.921433
SCALE 1.000000, 1.000000, 1.000000
X -0.782067, -0.301435, 0.545443
Y -0.152859, 0.941286, 0.301023
Z -0.604156, 0.152044, -0.782226

PART 50
OFFSET -1.432950, 9.005361, 73.894679
SCALE 1.000000, 1.000000, 1.000000
X -0.360672, -0.212316, -0.908205
Y -0.124022, 0.976016, -0.178916
Z 0.924410, 0.048107, -0.378354

PART 51
OFFSET -1.541553, 8.843555, 72.073226
SCALE 1.000000, 1.000000, 1.000000
X -0.296962, 0.888478, -0.349886
Y 0.535326, 0.458323, 0.709483
Z 0.790721, 0.023387, -0.611730

PART 52
OFFSET -0.115248, 8.846531, 71.395515
SCALE 1.000000, 1.000000, 1.000000
X -0.813026, 0.324973, -0.483095
Y 0.337067, 0.939264, 0.064565
Z 0.474736, -0.110342, -0.873184

PART 53
OFFSET -0.389560, 8.710087, 72.261951
SCALE 1.000000, 1.000000, 1.000000
X -0.702827, 0.250920, -0.665638
Y 0.207919, 0.967323, 0.145108
Z 0.680297, -0.036413, -0.732032

PART 54
OFFSET -2.618165, 9.181147, 73.122516
SCALE 1.000000, 1.000000, 1.000000
X 0.666255, -0.206052, 0.716692
Y 0.530462, 0.806440, -0.261276
Z -0.524132, 0.554254, 0.646597

PART 55
OFFSET 7.987659, -5.769444, 35.652315
SCALE 1.000000, 1.000000, 1.000000
X 0.123592, -0.226561, 0.966124
Y 0.976742, -0.144133, -0.158750
Z 0.175217, 0.963273, 0.203478

PART 56
OFFSET 6.916518, -5.971100, 34.141025
SCALE 1.000000, 1.000000, 1.000000
X 0.750404, -0.541870, 0.378512
Y 0.463529, 0.023172, -0.885779
Z 0.471206, 0.840143, 0.268561

PART 57
OFFSET 5.858576, -8.032793, 34.944523
SCALE 1.000000, 1.000000, 1.000000
X -0.081184, -0.462073, 0.883118
Y 0.745757, -0.616000, -0.253753
Z 0.661253, 0.637991, 0.394604

PART 58
OFFSET 6.652804, -7.396381, 34.941346
SCALE 1.000000, 1.000000, 1.000000
X 0.291392, -0.414182, 0.862290
Y 0.815185, -0.364169, -0.450394
Z 0.500564, 0.834167, 0.231518

PART 59
OFFSET 6.528689, -4.257071, 36.424369
SCALE 1.000000, 1.000000, 1.000000
X -0.769236, 0.040462, 0.637683
Y 0.156144, 0.979639, 0.126197
Z -0.619593, 0.196646, -0.759891

PART 60
OFFSET -1.775268, 8.803861, 73.032732
SCALE 1.000000, 1.000000, 1.000000
X -0.351396, 0.493097, -0.795849
Y 0.148279, 0.868643, 0.472729
Z 0.924410, 0.048107, -0.378354

PART 61
OFFSET -0.731692, 9.092989, 71.029235
SCALE 1.000000, 1.000000, 1.000000
X -0.437597, 0.831200, -0.342951
Y 0.763633, 0.544914, 0.346315
Z 0.474736, -0.110342, -0.873184

PART 62
OFFSET -1.144023, 8.979502, 71.547332
SCALE 1.000000, 1.000000, 1.000000
X -0.288816, 0.904635, -0.313403
Y 0.673633, 0.424630, 0.604903
Z 0.680297, -0.036413, -0.732032

PART 63
OFFSET 7.870314, -5.554368, 34.735518
SCALE 1.000000, 1.000000, 1.000000
X 0.251999, -0.243670, 0.936547
Y 0.951733, -0.112823, -0.285439
Z 0.175217, 0.963273, 0.203478

PART 64
OFFSET 5.920250, -7.682488, 34.274964
SCALE 1.000000, 1.000000, 1.000000
X 0.224717, -0.670332, 0.707218
Y 0.715714, -0.378976, -0.586627
Z 0.661253, 0.637991, 0.394604

PART 65
OFFSET 6.339929, -6.951746, 34.015684
SCALE 1.000000, 1.000000, 1.000000
X 0.684531, -0.545162, 0.483959
Y 0.529926, -0.083757, -0.843897
Z 0.500595, 0.834136, 0.231561

PART 66
OFFSET -0.106364, -0.000001, 59.999999
SCALE 1.000000, 1.000000, 1.000000
X 1.000000, 0.000000, 0.000000
Y 0.000000, 1.000000, 0.000000
Z 0.000000, 0.000000, 1.000000

PART 67
OFFSET -0.106364, -0.000001, 59.999999
SCALE 1.000000, 1.000000, 1.000000
X 1.000000, 0.000000, 0.000000
Y 0.000000, 1.000000, 0.000000
Z 0.000000, 0.000000, 1.000000

PART 68
OFFSET -4.738254, -0.000001, 58.623225
SCALE 1.000000, 1.000000, 1.000000
X 1.000000, 0.000000, 0.000000
Y 0.000000, 1.000000, 0.000000
Z 0.000000, 0.000000, 1.000000

PART 69
OFFSET 1.434187, -0.000001, 64.135821
SCALE 1.000000, 1.000000, 1.000000
X 1.000000, 0.000000, 0.000000
Y 0.000000, 1.000000, 0.000000
Z 0.000000, 0.000000, 1.000000

PART 70
OFFSET 1.434187, -0.000001, 64.135821
SCALE 1.000000, 1.000000, 1.000000
X 1.000000, 0.000000, 0.000000
Y 0.000000, 1.000000, 0.000000
Z 0.000000, 0.000000, 1.000000

FRAME 1
PART 0
OFFSET -1.009664, -0.000001, 52.513799
SCALE 1.000000, 1.000000, 1.000000
X 1.000000, 0.000000, 0.000000
Y 0.000000, 1.000000, 0.000000
Z 0.000000, 0.000000, 1.000000

PART 1
OFFSET 1.550778, 10.169878, 59.760085
SCALE 1.000000, 1.000000, 1.000000
X -0.415298, 0.882415, 0.221066
Y 0.121037, 0.294453, -0.947970
Z -0.901597, -0.366933, -0.229091

PART 2
OFFSET 1.146699, -5.377240, 57.317517
SCALE 1.000000, 1.000000, 1.000000
X 0.289907, 0.322987, 0.900907
Y 0.791528, 0.448240, -0.415409
Z -0.537994, 0.833523, -0.125706

PART 3
OFFSET -20.366556, -28.928053, 52.315377
SCALE 1.000000, 1.000000, 1.000000
X 0.979421, -0.191979, -0.062276
Y 0.188908, 0.980618, -0.051981
Z 0.071049, 0.039147, 0.996704

PART 4
OFFSET -20.374763, -28.926301, 52.322299
SCALE 1.000000, 1.000000, 1.000000
X 0.979396, -0.192095, -0.062319
Y 0.189016, 0.980592, -0.052077
Z 0.071113, 0.039225, 0.996697

PART 5
OFFSET -2.643959, 18.699557, 62.609102
SCALE 1.000000, 1.000000, 1.000000
X 0.123078, -0.725369, 0.677268
Y -0.414795, 0.582383, 0.699125
Z -0.901552, -0.366975, -0.229201

PART 6
OFFSET -1.424477, -8.546456, 47.307409
SCALE 1.000000, 1.000000, 1.000000
X -0.517967, -0.209162, 0.829435
Y 0.665098, 0.511283, 0.544274
Z -0.537917, 0.833571, -0.125714

PART 7
OFFSET -2.430969, 9.970442, 73.807781
SCALE 1.000000, 1.000000, 1.000000
X 0.640238, -0.312599, 0.701696
Y 0.246422, 0.948758, 0.197824
Z -0.727580, 0.046259, 0.684462

PART 8
OFFSET -2.643959, 18.699557, 62.609102
SCALE 1.000000, 1.000000, 1.000000
X 0.123078, -0.725369, 0.677268
Y -0.414795, 0.582383, 0.699125
Z -0.901552, -0.366975, -0.229201

PART 9
OFFSET -1.342195, 11.414435, 69.511700
SCALE 1.000000, 1.000000, 1.000000
X 0.236028, -0.261094, 0.936013
Y 0.971455, 0.039819, -0.233858
Z 0.023788, 0.964492, 0.263040

PART 10
OFFSET -1.738445, 13.365395, 67.590329
SCALE 1.000000, 1.000000, 1.000000
X 0.123078, -0.725369, 0.677268
Y 0.964292, 0.248678, 0.091101
Z -0.234504, 0.641871, 0.730075

PART 11
OFFSET -1.889364, 14.254419, 66.760124
SCALE 1.000000, 1.000000, 1.000000
X 0.123078, -0.725369, 0.677268
Y 0.848175, 0.431196, 0.307684
Z -0.515220, 0.536572, 0.668311

PART 12
OFFSET -2.040283, 15.143448, 65.929919
SCALE 1.000000, 1.000000, 1.000000
X 0.123078, -0.725369, 0.677268
Y 0.652526, 0.573337, 0.495474
Z -0.747704, 0.380953, 0.543888

PART 13
OFFSET -2.191203, 16.032475, 65.099712
SCALE 1.000000, 1.000000, 1.000000
X 0.123078, -0.725369, 0.677268
Y 0.413510, 0.657875, 0.629452
Z -0.902143, 0.202585, 0.380917

PART 14
OFFSET -2.342119, 16.921502, 64.269508
SCALE 1.000000, 1.000000, 1.000000
X 0.123078, -0.725369, 0.677268
Y 0.141597, 0.688310, 0.711463
Z -0.982243, 0.008333, 0.187426

PART 15
OFFSET -2.493040, 17.810527, 63.439304
SCALE 1.000000, 1.000000, 1.000000
X 0.123078, -0.725369, 0.677268
Y -0.142550, 0.662457, 0.735412
Z -0.982105, -0.187058, -0.021867

PART 16
OFFSET -1.587525, 12.476370, 68.420534
SCALE 1.000000, 1.000000, 1.000000
X 0.123078, -0.725369, 0.677268
Y 0.991219, 0.056611, -0.119500
Z 0.048341, 0.686029, 0.725967

PART 17
OFFSET -1.424477, -8.546456, 47.307409
SCALE 1.000000, 1.000000, 1.000000
X -0.517967, -0.209162, 0.829435
Y 0.665098, 0.511283, 0.544274
Z -0.537917, 0.833571, -0.125714

PART 18
OFFSET 4.152422, -6.531945, 38.705541
SCALE 1.000000, 1.000000, 1.000000
X -0.812588, 0.068667, 0.578779
Y 0.186128, 0.971611, 0.146044
Z -0.552319, 0.226401, -0.802300

PART 19
OFFSET 2.383554, -7.009239, 41.209308
SCALE 1.000000, 1.000000, 1.000000
X -0.517967, -0.209162, 0.829435
Y 0.123655, 0.941151, 0.314554
Z -0.846416, 0.265493, -0.461621

PART 20
OFFSET 1.748884, -7.265444, 42.225657
SCALE 1.000000, 1.000000, 1.000000
X -0.517967, -0.209162, 0.829435
Y 0.232292, 0.898813, 0.371720
Z -0.823256, 0.385210, -0.416968

PART 21
OFFSET 1.114211, -7.521644, 43.242010
SCALE 1.000000, 1.000000, 1.000000
X -0.517967, -0.209162, 0.829435
Y 0.337037, 0.841304, 0.422628
Z -0.786204, 0.498457, -0.365272

PART 22
OFFSET 0.479539, -7.777849, 44.258362
SCALE 1.000000, 1.000000, 1.000000
X -0.517967, -0.209162, 0.829435
Y 0.429966, 0.774587, 0.463837
Z -0.739486, 0.596881, -0.311278

PART 23
OFFSET -0.155132, -8.034049, 45.274711
SCALE 1.000000, 1.000000, 1.000000
X -0.517967, -0.209162, 0.829435
Y 0.516214, 0.696744, 0.498067
Z -0.682080, 0.686148, -0.252918

PART 24
OFFSET -0.789802, -8.290253, 46.291061
SCALE 1.000000, 1.000000, 1.000000
X -0.517967, -0.209162, 0.829435
Y 0.595069, 0.608456, 0.525047
Z -0.614494, 0.765528, -0.190694

PART 25
OFFSET 3.018223, -6.753036, 40.192958
SCALE 1.000000, 1.000000, 1.000000
X -0.517967, -0.209162, 0.829435
Y 0.020177, 0.966387, 0.256298
Z -0.855163, 0.149489, -0.496336

PART 26
OFFSET -2.430969, 9.970442, 73.807781
SCALE 1.000000, 1.000000, 1.000000
X 0.727580, -0.046259, -0.684462
Y 0.246422, 0.948758, 0.197824
Z 0.640238, -0.312599, 0.701696

PART 27
OFFSET -1.569753, 10.544582, 73.015565
SCALE 1.000000, 1.000000, 1.000000
X 0.236028, -0.261094, 0.936013
Y 0.971455, 0.039819, -0.233858
Z 0.023788, 0.964492, 0.263040

PART 28
OFFSET -0.408173, 10.642541, 72.856529
SCALE 1.000000, 1.000000, 1.000000
X -0.002119, -0.997794, -0.066357
Y -0.601185, 0.054298, -0.797263
Z 0.799107, 0.038204, -0.599974

PART 29
OFFSET 0.005547, 11.034092, 69.736805
SCALE 1.000000, 1.000000, 1.000000
X 0.408698, -0.538057, 0.737198
Y -0.263787, -0.842904, -0.468966
Z 0.873717, -0.002797, -0.486426

PART 30
OFFSET -0.331430, 11.263195, 70.394031
SCALE 1.000000, 1.000000, 1.000000
X 0.371429, -0.393307, 0.841041
Y -0.194845, -0.918692, -0.343571
Z 0.907786, -0.036260, -0.417862

PART 31
OFFSET -2.504998, 10.699868, 70.179587
SCALE 1.000000, 1.000000, 1.000000
X -0.004798, -0.460828, 0.887476
Y 0.905099, 0.375339, 0.199790
Z -0.425174, 0.804213, 0.415294

PART 32
OFFSET 7.200181, -5.741923, 36.926903
SCALE 1.000000, 1.000000, 1.000000
X -0.812588, 0.068667, 0.578779
Y 0.186128, 0.971611, 0.146044
Z -0.552319, 0.226401, -0.802300

PART 33
OFFSET 6.847451, -6.851057, 37.014897
SCALE 1.000000, 1.000000, 1.000000
X -0.283827, -0.144751, 0.947887
Y 0.835942, -0.521612, 0.170652
Z 0.469727, 0.840814, 0.269051

PART 34
OFFSET 4.174048, -7.538801, 37.917391
SCALE 1.000000, 1.000000, 1.000000
X 0.463705, -0.173149, -0.868906
Y -0.583498, -0.797680, -0.152437
Z -0.666714, 0.577690, -0.470920

PART 35
OFFSET 4.902116, -7.191272, 37.963695
SCALE 1.000000, 1.000000, 1.000000
X 0.648068, -0.186565, -0.738378
Y -0.478062, -0.854375, -0.203717
Z -0.592845, 0.485012, -0.642882

PART 36
OFFSET 4.573519, -5.653708, 38.522369
SCALE 1.000000, 1.000000, 1.000000
X -0.548462, -0.411148, 0.728112
Y -0.173337, 0.907753, 0.382019
Z -0.818012, 0.083314, -0.569135

PART 37
OFFSET -13.815019, 10.524619, 84.435929
SCALE 1.000000, 1.000000, 1.000000
X -0.727580, 0.046259, 0.684462
Y 0.246422, 0.948758, 0.197824
Z -0.640238, 0.312599, -0.701696

PART 38
OFFSET -1.336875, 10.654928, 73.133009
SCALE 1.000000, 1.000000, 1.000000
X 0.172452, -0.944612, 0.279227
Y -0.327020, -0.322300, -0.888358
Z 0.929149, 0.061886, -0.364489

PART 39
OFFSET -1.569753, 10.544582, 73.015565
SCALE 1.000000, 1.000000, 1.000000
X 0.236028, -0.261094, 0.936013
Y 0.971455, 0.039819, -0.233858
Z 0.023788, 0.964492, 0.263040

PART 40
OFFSET -0.412519, 8.603864, 72.720980
SCALE 1.000000, 1.000000, 1.000000
X -0.595130, 0.191598, -0.780455
Y 0.085137, 0.980730, 0.175843
Z 0.799107, 0.038204, -0.599974

PART 41
OFFSET 1.060675, 9.890288, 71.448391
SCALE 1.000000, 1.000000, 1.000000
X -0.563130, -0.793975, -0.229101
Y -0.666635, 0.600308, -0.441846
Z 0.488346, -0.096090, -0.867344

PART 42
OFFSET 0.421454, 10.266473, 72.327888
SCALE 1.000000, 1.000000, 1.000000
X -0.232785, -0.952938, -0.194219
Y -0.684390, 0.302402, -0.663448
Z 0.690957, -0.021520, -0.722575

PART 43
OFFSET -2.529380, 9.652508, 71.826502
SCALE 1.000000, 1.000000, 1.000000
X 0.244539, -0.433398, 0.867391
Y 0.840426, 0.540901, 0.033327
Z -0.483616, 0.720828, 0.496510

PART 44
OFFSET 7.086425, -5.928475, 37.181441
SCALE 1.000000, 1.000000, 1.000000
X -0.513814, -0.088503, 0.853324
Y 0.839722, -0.255563, 0.479118
Z 0.175675, 0.962733, 0.205630

PART 45
OFFSET 7.200181, -5.741923, 36.926903
SCALE 1.000000, 1.000000, 1.000000
X -0.812588, 0.068667, 0.578779
Y 0.186128, 0.971611, 0.146044
Z -0.552319, 0.226401, -0.802300

PART 46
OFFSET 7.427510, -6.555323, 35.078050
SCALE 1.000000, 1.000000, 1.000000
X 0.355276, -0.459040, 0.814285
Y 0.808168, -0.286905, -0.514345
Z 0.469727, 0.840814, 0.269051

PART 47
OFFSET 5.212798, -8.063542, 36.079239
SCALE 1.000000, 1.000000, 1.000000
X -0.474777, -0.019542, 0.879889
Y 0.569089, -0.769446, 0.289984
Z 0.671361, 0.638413, 0.376436

PART 48
OFFSET 6.158507, -7.531481, 36.498661
SCALE 1.000000, 1.000000, 1.000000
X -0.304879, -0.075376, 0.949403
Y 0.812523, -0.540632, 0.218001
Z 0.496846, 0.837876, 0.226073

PART 49
OFFSET 5.807676, -4.561233, 36.909234
SCALE 1.000000, 1.000000, 1.000000
X -0.776881, -0.292013, 0.557839
Y -0.142230, 0.944442, 0.296311
Z -0.613373, 0.150857, -0.775252

PART 50
OFFSET -1.029755, 8.971827, 73.630520
SCALE 1.000000, 1.000000, 1.000000
X -0.345378, -0.206425, -0.915480
Y -0.131895, 0.976503, -0.170426
Z 0.929149, 0.061886, -0.364489

PART 51
OFFSET -1.110320, 8.828502, 71.805980
SCALE 1.000000, 1.000000, 1.000000
X -0.300793, 0.889455, -0.344082
Y 0.520483, 0.455426, 0.722277
Z 0.799137, 0.038167, -0.599936

PART 52
OFFSET 0.325140, 8.853186, 71.149157
SCALE 1.000000, 1.000000, 1.000000
X -0.809419, 0.321543, -0.491376
Y 0.326117, 0.942004, 0.079226
Z 0.488352, -0.096119, -0.867337

PART 53
OFFSET 0.039927, 8.704676, 72.009522
SCALE 1.000000, 1.000000, 1.000000
X -0.695875, 0.250778, -0.672955
Y 0.195659, 0.967806, 0.158332
Z 0.690996, -0.021490, -0.722539

PART 54
OFFSET -2.205638, 9.143468, 72.843283
SCALE 1.000000, 1.000000, 1.000000
X 0.658037, -0.206620, 0.724083
Y 0.525568, 0.814661, -0.245163
Z -0.539227, 0.541881, 0.644670

PART 55
OFFSET 8.001984, -5.770866, 35.660969
SCALE 1.000000, 1.000000, 1.000000
X 0.099031, -0.225158, 0.969276
Y 0.979457, -0.149895, -0.134891
Z 0.175661, 0.962723, 0.205688

PART 56
OFFSET 7.011060, -6.017167, 34.123454
SCALE 1.000000, 1.000000, 1.000000
X 0.722980, -0.541263, 0.429340
Y 0.506650, -0.007105, -0.862122
Z 0.469686, 0.840823, 0.269095

PART 57
OFFSET 5.832931, -8.038003, 34.929869
SCALE 1.000000, 1.000000, 1.000000
X -0.076790, -0.445268, 0.892099
Y 0.737142, -0.627826, -0.249912
Z 0.671361, 0.638413, 0.376436

PART 58
OFFSET 6.658159, -7.408044, 34.942668
SCALE 1.000000, 1.000000, 1.000000
X 0.270192, -0.396921, 0.877183
Y 0.824675, -0.374790, -0.423609
Z 0.496899, 0.837846, 0.226066

PART 59
OFFSET 6.513246, -4.273999, 36.398409
SCALE 1.000000, 1.000000, 1.000000
X -0.764763, 0.036025, 0.643304
Y 0.153664, 0.979823, 0.127807
Z -0.625720, 0.196594, -0.754868

PART 60
OFFSET -1.357487, 8.775964, 72.761729
SCALE 1.000000, 1.000000, 1.000000
X -0.345229, 0.497996, -0.795498
Y 0.132284, 0.864968, 0.484077
Z 0.929149, 0.061886, -0.364489

PART 61
OFFSET -0.288533, 9.096984, 70.776600
SCALE 1.000000, 1.000000, 1.000000
X -0.441404, 0.830181, -0.340533
Y 0.752778, 0.549146, 0.362993
Z 0.488352, -0.096119, -0.867337

PART 62
OFFSET -0.707175, 8.973873, 71.287030
SCALE 1.000000, 1.000000, 1.000000
X -0.293831, 0.904941, -0.307807
Y 0.660450, 0.424999, 0.619017
Z 0.690992, -0.021404, -0.722546

PART 63
OFFSET 7.907988, -5.557179, 34.741134
SCALE 1.000000, 1.000000, 1.000000
X 0.227793, -0.242956, 0.942912
Y 0.957735, -0.118782, -0.261981
Z 0.175651, 0.962737, 0.205630

PART 64
OFFSET 5.891202, -7.700434, 34.253438
SCALE 1.000000, 1.000000, 1.000000
X 0.213423, -0.652942, 0.726717
Y 0.709736, -0.407549, -0.574612
Z 0.671361, 0.638413, 0.376436

PART 65
OFFSET 6.368091, -6.981909, 34.000977
SCALE 1.000000, 1.000000, 1.000000
X 0.661335, -0.534327, 0.526432
Y 0.561870, -0.112064, -0.819599
Z 0.496928, 0.837816, 0.226110

PART 66
OFFSET -0.106364, -0.000001, 59.999999
SCALE 1.000000, 1.000000, 1.000000
X 1.000000, 0.000000, 0.000000
Y 0.000000, 1.000000, 0.000000
Z 0.000000, 0.000000, 1.000000

PART 67
OFFSET -0.106364, -0.000501, 59.999599
SCALE 1.000000, 1.000000, 1.000000
X 0.999983, 0.004396, 0.003905
Y -0.004393, 0.999990, -0.000619
Z -0.003908, 0.000602, 0.999992

PART 68
OFFSET -4.732794, -0.021691, 58.604749
SCALE 1.000000, 1.000000, 1.000000
X 0.999983, 0.004396, 0.003905
Y -0.004393, 0.999990, -0.000619
Z -0.003908, 0.000602, 0.999992

PART 69
OFFSET 1.417999, 0.008760, 64.141405
SCALE 1.000000, 1.000000, 1.000000
X 0.999983, 0.004396, 0.003905
Y -0.004393, 0.999990, -0.000619
Z -0.003908, 0.000602, 0.999992

PART 70
OFFSET 1.417999, 0.008760, 64.141405
SCALE 1.000000, 1.000000, 1.000000
X 0.999983, 0.004396, 0.003905
Y -0.004393, 0.999990, -0.000619
Z -0.003908, 0.000602, 0.999992

FRAME 2
PART 0
OFFSET -1.009664, -0.000001, 52.513799
SCALE 1.000000, 1.000000, 1.000000
X 1.000000, 0.000000, 0.000000
Y 0.000000, 1.000000, 0.000000
Z 0.000000, 0.000000, 1.000000

PART 1
OFFSET 1.724806, 10.315281, 59.622850
SCALE 1.000000, 1.000000, 1.000000
X -0.208112, 0.943336, 0.258470
Y 0.144848, 0.291066, -0.945674
Z -0.967320, -0.159367, -0.197215

PART 2
OFFSET 1.146699, -5.377240, 57.317517
SCALE 1.000000, 1.000000, 1.000000
X 0.289907, 0.322987, 0.900907
Y 0.791528, 0.448240, -0.415409
Z -0.537994, 0.833523, -0.125706

PART 3
OFFSET -20.371336, -28.929201, 52.329862
SCALE 1.000000, 1.000000, 1.000000
X 0.979403, -0.192034, -0.062396
Y 0.188946, 0.980601, -0.052167
Z 0.071204, 0.039303, 0.996687

PART 4
OFFSET -20.374763, -28.926301, 52.322299
SCALE 1.000000, 1.000000, 1.000000
X 0.979396, -0.192095, -0.062319
Y 0.189016, 0.980592, -0.052077
Z 0.071113, 0.039225, 0.996697

PART 5
OFFSET -0.422374, 19.417020, 62.800343
SCALE 1.000000, 1.000000, 1.000000
X 0.007334, -0.795138, 0.606385
Y -0.253436, 0.585124, 0.770324
Z -0.967324, -0.159330, -0.197226

PART 6
OFFSET -1.424477, -8.546456, 47.307409
SCALE 1.000000, 1.000000, 1.000000
X -0.517967, -0.209162, 0.829435
Y 0.665098, 0.511283, 0.544274
Z -0.537917, 0.833571, -0.125714

PART 7
OFFSET -1.614036, 9.861160, 73.378046
SCALE 1.000000, 1.000000, 1.000000
X 0.633684, -0.312194, 0.707799
Y 0.219251, 0.949914, 0.222692
Z -0.741872, 0.014069, 0.670394

PART 8
OFFSET -0.422374, 19.417020, 62.800343
SCALE 1.000000, 1.000000, 1.000000
X 0.007334, -0.795138, 0.606385
Y -0.253436, 0.585124, 0.770324
Z -0.967324, -0.159330, -0.197226

PART 9
OFFSET -0.305233, 11.421362, 68.983021
SCALE 1.000000, 1.000000, 1.000000
X 0.223993, -0.275257, 0.934912
Y 0.974579, 0.068043, -0.213464
Z -0.004857, 0.958960, 0.283501

PART 10
OFFSET -0.367983, 13.569641, 67.260282
SCALE 1.000000, 1.000000, 1.000000
X 0.007334, -0.795138, 0.606385
Y 0.959072, 0.177251, 0.220825
Z -0.283069, 0.579947, 0.763894

PART 11
OFFSET -0.377049, 14.544201, 66.516958
SCALE 1.000000, 1.000000, 1.000000
X 0.007334, -0.795138, 0.606385
Y 0.849675, 0.324692, 0.415484
Z -0.527255, 0.512183, 0.677990

PART 12
OFFSET -0.386113, 15.518766, 65.773635
SCALE 1.000000, 1.000000, 1.000000
X 0.007334, -0.795138, 0.606385
Y 0.679398, 0.448911, 0.580429
Z -0.733734, 0.407719, 0.543507

PART 13
OFFSET -0.395180, 16.493330, 65.030309
SCALE 1.000000, 1.000000, 1.000000
X 0.007334, -0.795138, 0.606385
Y 0.475616, 0.536192, 0.697343
Z -0.879622, 0.283292, 0.382113

PART 14
OFFSET -0.404242, 17.467893, 64.286987
SCALE 1.000000, 1.000000, 1.000000
X 0.007334, -0.795138, 0.606385
Y 0.242913, 0.589654, 0.770261
Z -0.970020, 0.141650, 0.197474

PART 15
OFFSET -0.413310, 18.442455, 63.543664
SCALE 1.000000, 1.000000, 1.000000
X 0.007334, -0.795138, 0.606385
Y -0.005536, 0.606359, 0.795172
Z -0.999958, -0.009189, 0.000045

PART 16
OFFSET -0.358916, 12.595079, 68.003605
SCALE 1.000000, 1.000000, 1.000000
X 0.007334, -0.795138, 0.606385
Y 0.999321, 0.027720, 0.024263
Z -0.036102, 0.605795, 0.794801

PART 17
OFFSET -1.424477, -8.546456, 47.307409
SCALE 1.000000, 1.000000, 1.000000
X -0.517967, -0.209162, 0.829435
Y 0.665098, 0.511283, 0.544274
Z -0.537917, 0.833571, -0.125714

PART 18
OFFSET 4.152422, -6.531945, 38.705541
SCALE 1.000000, 1.000000, 1.000000
X -0.812588, 0.068667, 0.578779
Y 0.186128, 0.971611, 0.146044
Z -0.552319, 0.226401, -0.802300

PART 19
OFFSET 2.383554, -7.009239, 41.209308
SCALE 1.000000, 1.000000, 1.000000
X -0.517967, -0.209162, 0.829435
Y 0.123655, 0.941151, 0.314554
Z -0.846416, 0.265493, -0.461621

PART 20
OFFSET 1.748884, -7.265444, 42.225657
SCALE 1.000000, 1.000000, 1.000000
X -0.517967, -0.209162, 0.829435
Y 0.232292, 0.898813, 0.371720
Z -0.823256, 0.385210, -0.416968

PART 21
OFFSET 1.114211, -7.521644, 43.242010
SCALE 1.000000, 1.000000, 1.000000
X -0.517967, -0.209162, 0.829435
Y 0.337037, 0.841304, 0.422628
Z -0.786204, 0.498457, -0.365272

PART 22
OFFSET 0.479539, -7.777849, 44.258362
SCALE 1.000000, 1.000000, 1.000000
X -0.517967, -0.209162, 0.829435
Y 0.429966, 0.774587, 0.463837
Z -0.739486, 0.596881, -0.311278

PART 23
OFFSET -0.155132, -8.034049, 45.274711
SCALE 1.000000, 1.000000, 1.000000
X -0.517967, -0.209162, 0.829435
Y 0.516214, 0.696744, 0.498067
Z -0.682080, 0.686148, -0.252918

PART 24
OFFSET -0.789802, -8.290253, 46.291061
SCALE 1.000000, 1.000000, 1.000000
X -0.517967, -0.209162, 0.829435
Y 0.595069, 0.608456, 0.525047
Z -0.614494, 0.765528, -0.190694

PART 25
OFFSET 3.018223, -6.753036, 40.192958
SCALE 1.000000, 1.000000, 1.000000
X -0.517967, -0.209162, 0.829435
Y 0.020177, 0.966387, 0.256298
Z -0.855163, 0.149489, -0.496336

PART 26
OFFSET -1.614036, 9.861160, 73.378046
SCALE 1.000000, 1.000000, 1.000000
X 0.741872, -0.014069, -0.670394
Y 0.219251, 0.949914, 0.222692
Z 0.633684, -0.312194, 0.707799

PART 27
OFFSET -0.579920, 10.471833, 72.462739
SCALE 1.000000, 1.000000, 1.000000
X 0.223993, -0.275257, 0.934912
Y 0.974579, 0.068043, -0.213464
Z -0.004857, 0.958960, 0.283501

PART 28
OFFSET 0.581254, 10.600983, 72.329280
SCALE 1.000000, 1.000000, 1.000000
X 0.023435, -0.995924, -0.087098
Y -0.586592, 0.056850, -0.807885
Z 0.809544, 0.070024, -0.582869

PART 29
OFFSET 1.046635, 11.068708, 69.227049
SCALE 1.000000, 1.000000, 1.000000
X 0.407124, -0.543712, 0.733913
Y -0.234034, -0.838792, -0.491585
Z 0.882881, 0.028376, -0.468739

PART 30
OFFSET 0.691465, 11.275582, 69.882042
SCALE 1.000000, 1.000000, 1.000000
X 0.364322, -0.402133, 0.839975
Y -0.165690, -0.915564, -0.366456
Z 0.916415, -0.005667, -0.400189

PART 31
OFFSET -1.463210, 10.665093, 69.612456
SCALE 1.000000, 1.000000, 1.000000
X -0.010903, -0.479623, 0.877407
Y 0.891625, 0.392536, 0.225655
Z -0.452643, 0.784778, 0.423364

PART 32
OFFSET 7.200181, -5.741923, 36.926903
SCALE 1.000000, 1.000000, 1.000000
X -0.812588, 0.068667, 0.578779
Y 0.186128, 0.971611, 0.146044
Z -0.552319, 0.226401, -0.802300

PART 33
OFFSET 6.846551, -6.851157, 37.016797
SCALE 1.000000, 1.000000, 1.000000
X -0.344036, -0.105794, 0.932978
Y 0.814245, -0.528437, 0.240332
Z 0.467594, 0.842355, 0.267943

PART 34
OFFSET 4.175287, -7.539543, 37.917544
SCALE 1.000000, 1.000000, 1.000000
X 0.465824, -0.174723, -0.867456
Y -0.583632, -0.797517, -0.152775
Z -0.665117, 0.577442, -0.473476

PART 35
OFFSET 4.902634, -7.191805, 37.964534
SCALE 1.000000, 1.000000, 1.000000
X 0.648848, -0.187238, -0.737521
Y -0.478141, -0.854320, -0.203763
Z -0.591927, 0.484851, -0.643850

PART 36
OFFSET 4.579122, -5.654100, 38.521920
SCALE 1.000000, 1.000000, 1.000000
X -0.532926, -0.406777, 0.741972
Y -0.154222, 0.908874, 0.387509
Z -0.831989, 0.092085, -0.547097

PART 37
OFFSET -13.215966, 9.913517, 83.782550
SCALE 1.000000, 1.000000, 1.000000
X -0.741872, 0.014069, 0.670394
Y 0.219251, 0.949914, 0.222692
Z -0.633684, 0.312194, -0.707799

PART 38
OFFSET -0.352568, 10.585255, 72.587192
SCALE 1.000000, 1.000000, 1.000000
X 0.189714, -0.945966, 0.262976
Y -0.301559, -0.311033, -0.901288
Z 0.934382, 0.091684, -0.344272

PART 39
OFFSET -0.579920, 10.471833, 72.462739
SCALE 1.000000, 1.000000, 1.000000
X 0.223993, -0.275257, 0.934912
Y 0.974579, 0.068043, -0.213464
Z -0.004857, 0.958960, 0.283501

PART 40
OFFSET 0.629173, 8.566106, 72.151296
SCALE 1.000000, 1.000000, 1.000000
X -0.584181, 0.194920, -0.787870
Y 0.058411, 0.978313, 0.198727
Z 0.809519, 0.070072, -0.582897

PART 41
OFFSET 2.095579, 9.914226, 70.935276
SCALE 1.000000, 1.000000, 1.000000
X -0.539060, -0.802180, -0.256754
Y -0.672313, 0.593431, -0.442532
Z 0.507355, -0.065932, -0.859211

PART 42
OFFSET 1.430203, 10.256121, 71.809528
SCALE 1.000000, 1.000000, 1.000000
X -0.205732, -0.953899, -0.218522
Y -0.678360, 0.299954, -0.670713
Z 0.705338, 0.010249, -0.708797

PART 43
OFFSET -1.494318, 9.582591, 71.236339
SCALE 1.000000, 1.000000, 1.000000
X 0.237954, -0.445789, 0.862931
Y 0.826197, 0.560016, 0.061479
Z -0.510662, 0.698322, 0.501568

PART 44
OFFSET 7.086025, -5.928676, 37.181941
SCALE 1.000000, 1.000000, 1.000000
X -0.533772, -0.088080, 0.841028
Y 0.827139, -0.261221, 0.497600
Z 0.175866, 0.961252, 0.212287

PART 45
OFFSET 7.200181, -5.741923, 36.926903
SCALE 1.000000, 1.000000, 1.000000
X -0.812588, 0.068667, 0.578779
Y 0.186128, 0.971611, 0.146044
Z -0.552319, 0.226401, -0.802300

PART 46
OFFSET 7.549513, -6.635047, 35.110452
SCALE 1.000000, 1.000000, 1.000000
X 0.265152, -0.422827, 0.866552
Y 0.843238, -0.334149, -0.421064
Z 0.467594, 0.842355, 0.267943

PART 47
OFFSET 5.218872, -8.067584, 36.081839
SCALE 1.000000, 1.000000, 1.000000
X -0.419447, -0.006766, 0.907755
Y 0.583178, -0.768338, 0.263742
Z 0.695678, 0.640008, 0.326223

PART 48
OFFSET 6.160505, -7.532942, 36.501652
SCALE 1.000000, 1.000000, 1.000000
X -0.310876, -0.055244, 0.948844
Y 0.815229, -0.528732, 0.236315
Z 0.488629, 0.846989, 0.209406

PART 49
OFFSET 5.778315, -4.576799, 36.879774
SCALE 1.000000, 1.000000, 1.000000
X -0.763271, -0.269119, 0.587361
Y -0.116896, 0.951637, 0.284118
Z -0.635415, 0.148199, -0.757816

PART 50
OFFSET -0.014481, 8.899809, 73.055768
SCALE 1.000000, 1.000000, 1.000000
X -0.322291, -0.194616, -0.926420
Y -0.151977, 0.976582, -0.152283
Z 0.934362, 0.091715, -0.344321

PART 51
OFFSET -0.055670, 8.794588, 71.227524
SCALE 1.000000, 1.000000, 1.000000
X -0.314610, 0.890037, -0.329931
Y 0.495681, 0.450471, 0.742547
Z 0.809519, 0.070072, -0.582897

PART 52
OFFSET 1.391427, 8.866478, 70.599955
SCALE 1.000000, 1.000000, 1.000000
X -0.807266, 0.312443, -0.500700
Y 0.301492, 0.947642, 0.105252
Z 0.507369, -0.065990, -0.859198

PART 53
OFFSET 1.093033, 8.692806, 71.451371
SCALE 1.000000, 1.000000, 1.000000
X -0.688416, 0.248283, -0.681498
Y 0.168983, 0.968633, 0.182194
Z 0.705357, 0.010264, -0.708778

PART 54
OFFSET -1.178379, 9.059894, 72.248533
SCALE 1.000000, 1.000000, 1.000000
X 0.648564, -0.206143, 0.732714
Y 0.510263, 0.832042, -0.217572
Z -0.564798, 0.514986, 0.644819

PART 55
OFFSET 8.037027, -5.771669, 35.683410
SCALE 1.000000, 1.000000, 1.000000
X 0.039198, -0.222296, 0.974191
Y 0.983644, -0.162950, -0.076761
Z 0.175808, 0.961266, 0.212273

PART 56
OFFSET 7.238639, -6.139250, 34.094452
SCALE 1.000000, 1.000000, 1.000000
X 0.646625, -0.532651, 0.546040
Y 0.602652, -0.082116, -0.793768
Z 0.467640, 0.842342, 0.267905

PART 57
OFFSET 5.766731, -8.058727, 34.896214
SCALE 1.000000, 1.000000, 1.000000
X -0.063322, -0.397723, 0.915318
Y 0.715557, -0.657424, -0.236160
Z 0.695678, 0.640008, 0.326223

PART 58
OFFSET 6.670008, -7.442399, 34.946685
SCALE 1.000000, 1.000000, 1.000000
X 0.218241, -0.351031, 0.910576
Y 0.844756, -0.399233, -0.356372
Z 0.488629, 0.846989, 0.209406

PART 59
OFFSET 6.474398, -4.315771, 36.336050
SCALE 1.000000, 1.000000, 1.000000
X -0.753600, 0.025364, 0.656843
Y 0.147955, 0.980159, 0.131901
Z -0.640465, 0.196585, -0.742401

PART 60
OFFSET -0.320370, 8.715136, 72.176505
SCALE 1.000000, 1.000000, 1.000000
X -0.341433, 0.507334, -0.791224
Y 0.102139, 0.856854, 0.505340
Z 0.934340, 0.091725, -0.344377

PART 61
OFFSET 0.779461, 9.103457, 70.220294
SCALE 1.000000, 1.000000, 1.000000
X -0.454720, 0.826444, -0.331993
Y 0.731988, 0.559138, 0.389306
Z 0.507369, -0.065990, -0.859198

PART 62
OFFSET 0.353956, 8.959346, 70.719758
SCALE 1.000000, 1.000000, 1.000000
X -0.309432, 0.904018, -0.294962
Y 0.637741, 0.427373, 0.640811
Z 0.705364, 0.010178, -0.708773

PART 63
OFFSET 7.999747, -5.560607, 34.758868
SCALE 1.000000, 1.000000, 1.000000
X 0.168557, -0.241842, 0.955563
Y 0.969887, -0.132215, -0.204545
Z 0.175808, 0.961266, 0.212273

PART 64
OFFSET 5.814807, -7.757152, 34.202124
SCALE 1.000000, 1.000000, 1.000000
X 0.189794, -0.601746, 0.775809
Y 0.692828, -0.477798, -0.540091
Z 0.695678, 0.640008, 0.326223

PART 65
OFFSET 6.435660, -7.065557, 33.969012
SCALE 1.000000, 1.000000, 1.000000
X 0.599659, -0.500354, 0.624543
Y 0.633759, -0.179598, -0.752393
Z 0.488629, 0.846989, 0.209406

PART 66
OFFSET -0.106364, -0.000001, 59.999999
SCALE 1.000000, 1.000000, 1.000000
X 1.000000, 0.000000, 0.000000
Y 0.000000, 1.000000, 0.000000
Z 0.000000, 0.000000, 1.000000

PART 67
OFFSET -0.106264, -0.001501, 59.998599
SCALE 1.000000, 1.000000, 1.000000
X 0.999814, 0.013808, 0.013474
Y -0.013780, 0.999903, -0.002168
Z -0.013503, 0.001982, 0.999907

PART 68
OFFSET -4.718701, -0.068187, 58.559542
SCALE 1.000000, 1.000000, 1.000000
X 0.999814, 0.013808, 0.013474
Y -0.013780, 0.999903, -0.002168
Z -0.013503, 0.001982, 0.999907

PART 69
OFFSET 1.378154, 0.027968, 64.154794
SCALE 1.000000, 1.000000, 1.000000
X 0.999814, 0.013808, 0.013474
Y -0.013780, 0.999903, -0.002168
Z -0.013503, 0.001982, 0.999907

PART 70
OFFSET 1.378154, 0.027968, 64.154794
