// Export filename: 'C:\Program Files (x86)\Steam\steamapps\common\Call of Duty Black Ops III\xanim_export\tbd\s2\melee_shovel\vm_melee_shovel_s2_melee_swipe.xanim_export'
// Source filename: 'C:\Users\Ash\Documents\WW2 Shovel\wpn_s2_melee_shovel_excel_rig.mb'
// Export time: Sun Nov 19 2017, 17:34:59

ANIMATION
VERSION 3

NUMPARTS 71
PART 0 "tag_torso"
PART 1 "j_shoulder_le"
PART 2 "j_shoulder_ri"
PART 3 "tag_weapon_left"
PART 4 "tag_weapon_right"
PART 5 "j_elbow_le"
PART 6 "j_elbow_ri"
PART 7 "tag_weapon"
PART 8 "j_elbow_bulge_le"
PART 9 "j_wrist_le"
PART 10 "j_wristtwist1_le"
PART 11 "j_wristtwist2_le"
PART 12 "j_wristtwist3_le"
PART 13 "j_wristtwist4_le"
PART 14 "j_wristtwist5_le"
PART 15 "j_wristtwist6_le"
PART 16 "j_wristtwist_le"
PART 17 "j_elbow_bulge_ri"
PART 18 "j_wrist_ri"
PART 19 "j_wristtwist1_ri"
PART 20 "j_wristtwist2_ri"
PART 21 "j_wristtwist3_ri"
PART 22 "j_wristtwist4_ri"
PART 23 "j_wristtwist5_ri"
PART 24 "j_wristtwist6_ri"
PART 25 "j_wristtwist_ri"
PART 26 "tag_knife"
PART 27 "j_indexbase_le"
PART 28 "j_mid_le_1"
PART 29 "j_pinkybase_le"
PART 30 "j_ringbase_le"
PART 31 "j_thumb_le_1"
PART 32 "j_indexbase_ri"
PART 33 "j_mid_ri_1"
PART 34 "j_pinkybase_ri"
PART 35 "j_ringbase_ri"
PART 36 "j_thumb_ri_1"
PART 37 "tag_fx"
PART 38 "j_index_le_1"
PART 39 "j_indexretract_le"
PART 40 "j_mid_le_2"
PART 41 "j_pinky_le_1"
PART 42 "j_ring_le_1"
PART 43 "j_thumb_le_2"
PART 44 "j_index_ri_1"
PART 45 "j_indexretract_ri"
PART 46 "j_mid_ri_2"
PART 47 "j_pinky_ri_1"
PART 48 "j_ring_ri_1"
PART 49 "j_thumb_ri_2"
PART 50 "j_index_le_2"
PART 51 "j_mid_le_3"
PART 52 "j_pinky_le_2"
PART 53 "j_ring_le_2"
PART 54 "j_thumb_le_3"
PART 55 "j_index_ri_2"
PART 56 "j_mid_ri_3"
PART 57 "j_pinky_ri_2"
PART 58 "j_ring_ri_2"
PART 59 "j_thumb_ri_3"
PART 60 "j_index_le_3"
PART 61 "j_pinky_le_3"
PART 62 "j_ring_le_3"
PART 63 "j_index_ri_3"
PART 64 "j_pinky_ri_3"
PART 65 "j_ring_ri_3"
PART 66 "tag_cambone"
PART 67 "tag_camera"
PART 68 "tag_fill_light"
PART 69 "tag_flashlight"
PART 70 "tag_gasmask"

FRAMERATE 30
NUMFRAMES 71

FRAME 0
PART 0
OFFSET -1.009714, -0.000001, 52.513799
SCALE 1.000000, 1.000000, 1.000000
X 1.000000, 0.000000, 0.000000
Y 0.000000, 1.000000, 0.000000
Z 0.000000, 0.000000, 1.000000

PART 1
OFFSET 0.363377, 8.175418, 56.359592
SCALE 1.000000, 1.000000, 1.000000
X 0.691022, 0.465358, -0.553110
Y -0.687002, 0.660756, -0.302374
Z 0.224758, 0.588935, 0.776299

PART 2
OFFSET 2.625391, -9.955874, 59.055801
SCALE 1.000000, 1.000000, 1.000000
X -0.466848, 0.751096, 0.466805
Y 0.851519, 0.239327, 0.466517
Z 0.238680, 0.615286, -0.751302

PART 3
OFFSET -20.371963, -28.924975, 52.324268
SCALE 1.000000, 1.000000, 1.000000
X 0.979402, -0.192045, -0.062375
Y 0.188964, 0.980602, -0.052079
Z 0.071166, 0.039220, 0.996693

PART 4
OFFSET -20.374813, -28.926301, 52.322299
SCALE 1.000000, 1.000000, 1.000000
X 0.979396, -0.192095, -0.062319
Y 0.189016, 0.980592, -0.052077
Z 0.071113, 0.039225, 0.996697

PART 5
OFFSET 8.205449, 12.552868, 50.767643
SCALE 1.000000, 1.000000, 1.000000
X 0.834103, -0.528144, 0.159169
Y 0.503750, 0.611769, -0.609897
Z 0.224739, 0.588899, 0.776332

PART 6
OFFSET 7.475661, -17.092676, 54.752396
SCALE 1.000000, 1.000000, 1.000000
X -0.023950, -0.769691, -0.637967
Y -0.970788, 0.170301, -0.169020
Z 0.238739, 0.615283, -0.751286

PART 7
OFFSET 6.753424, -7.640025, 65.415153
SCALE 1.000000, 1.000000, 1.000000
X 0.646867, 0.312147, 0.695792
Y -0.259035, 0.948081, -0.184507
Z -0.717261, -0.060883, 0.694140

PART 8
OFFSET 8.205449, 12.552868, 50.767643
SCALE 1.000000, 1.000000, 1.000000
X 0.834103, -0.528144, 0.159169
Y 0.503750, 0.611769, -0.609897
Z 0.224739, 0.588899, 0.776332

PART 9
OFFSET 16.692238, 7.256210, 52.474424
SCALE 1.000000, 1.000000, 1.000000
X 0.689860, -0.539018, 0.483272
Y 0.639906, 0.766195, -0.058875
Z -0.338546, 0.349865, 0.873488

PART 10
OFFSET 14.339763, 8.668624, 51.937553
SCALE 1.000000, 1.000000, 1.000000
X 0.834103, -0.528144, 0.159169
Y 0.549186, 0.822128, -0.150003
Z -0.051634, 0.212531, 0.975789

PART 11
OFFSET 13.317378, 9.315997, 51.742571
SCALE 1.000000, 1.000000, 1.000000
X 0.834103, -0.528144, 0.159169
Y 0.551603, 0.799850, -0.236587
Z -0.002359, 0.285136, 0.958484

PART 12
OFFSET 12.294991, 9.963371, 51.547585
SCALE 1.000000, 1.000000, 1.000000
X 0.834103, -0.528144, 0.159169
Y 0.549607, 0.771168, -0.321298
Z 0.046946, 0.355477, 0.933505

PART 13
OFFSET 11.272604, 10.610747, 51.352601
SCALE 1.000000, 1.000000, 1.000000
X 0.834103, -0.528144, 0.159169
Y 0.543752, 0.738721, -0.398278
Z 0.092767, 0.418753, 0.903349

PART 14
OFFSET 10.250218, 11.258118, 51.157615
SCALE 1.000000, 1.000000, 1.000000
X 0.834103, -0.528144, 0.159169
Y 0.534128, 0.701251, -0.472180
Z 0.137762, 0.478864, 0.867013

PART 15
OFFSET 9.227833, 11.905493, 50.962631
SCALE 1.000000, 1.000000, 1.000000
X 0.834103, -0.528144, 0.159169
Y 0.520752, 0.658793, -0.542964
Z 0.181904, 0.535776, 0.824533

PART 16
OFFSET 15.362148, 8.021250, 52.132537
SCALE 1.000000, 1.000000, 1.000000
X 0.834103, -0.528144, 0.159169
Y 0.542953, 0.837008, -0.067963
Z -0.097332, 0.143110, 0.984909

PART 17
OFFSET 7.475661, -17.092676, 54.752396
SCALE 1.000000, 1.000000, 1.000000
X -0.023950, -0.769691, -0.637967
Y -0.970788, 0.170301, -0.169020
Z 0.238739, 0.615283, -0.751286

PART 18
OFFSET 7.886111, -9.231974, 61.563329
SCALE 1.000000, 1.000000, 1.000000
X -0.246679, -0.254150, -0.935178
Y -0.968362, 0.027049, 0.248081
Z -0.037754, 0.966787, -0.252781

PART 19
OFFSET 7.652002, -11.434268, 59.443056
SCALE 1.000000, 1.000000, 1.000000
X -0.023950, -0.769691, -0.637967
Y -0.985464, -0.089182, 0.144591
Z -0.168186, 0.632157, -0.756367

PART 20
OFFSET 7.622610, -12.377336, 58.661283
SCALE 1.000000, 1.000000, 1.000000
X -0.023950, -0.769691, -0.637967
Y -0.994960, -0.043805, 0.090202
Z -0.097374, 0.636912, -0.764763

PART 21
OFFSET 7.593220, -13.320404, 57.879503
SCALE 1.000000, 1.000000, 1.000000
X -0.023950, -0.769691, -0.637967
Y -0.999374, 0.001806, 0.035338
Z -0.026047, 0.638414, -0.769253

PART 22
OFFSET 7.563829, -14.263474, 57.097726
SCALE 1.000000, 1.000000, 1.000000
X -0.023950, -0.769691, -0.637967
Y -0.998878, 0.044498, -0.016187
Z 0.040847, 0.636864, -0.769894

PART 23
OFFSET 7.534438, -15.206540, 56.315949
SCALE 1.000000, 1.000000, 1.000000
X -0.023950, -0.769691, -0.637967
Y -0.993938, 0.086826, -0.067439
Z 0.107299, 0.632485, -0.767105

PART 24
OFFSET 7.505047, -16.149608, 55.534174
SCALE 1.000000, 1.000000, 1.000000
X -0.023950, -0.769691, -0.637967
Y -0.984554, 0.128868, -0.118515
Z 0.173433, 0.625275, -0.760889

PART 25
OFFSET 7.681393, -10.491200, 60.224831
SCALE 1.000000, 1.000000, 1.000000
X -0.023950, -0.769691, -0.637967
Y -0.972035, -0.131194, 0.194774
Z -0.233613, 0.624791, -0.745024

PART 26
OFFSET 6.753424, -7.640025, 65.415153
SCALE 1.000000, 1.000000, 1.000000
X 0.717261, 0.060883, -0.694140
Y -0.259035, 0.948081, -0.184507
Z 0.646867, 0.312147, 0.695792

PART 27
OFFSET 18.360243, 4.598239, 54.273992
SCALE 1.000000, 1.000000, 1.000000
X 0.689860, -0.539018, 0.483272
Y 0.639906, 0.766195, -0.058875
Z -0.338546, 0.349865, 0.873488

PART 28
OFFSET 19.135396, 5.477420, 54.325542
SCALE 1.000000, 1.000000, 1.000000
X 0.699919, -0.684475, -0.203980
Y -0.371565, -0.105052, -0.922444
Z 0.609961, 0.721428, -0.327855

PART 29
OFFSET 17.998787, 7.774006, 52.446710
SCALE 1.000000, 1.000000, 1.000000
X 0.864040, -0.501316, 0.046011
Y -0.094722, -0.251658, -0.963170
Z 0.494431, 0.827859, -0.264928

PART 30
OFFSET 17.924344, 7.265726, 53.037112
SCALE 1.000000, 1.000000, 1.000000
X 0.822866, -0.495877, 0.277486
Y 0.100184, -0.354076, -0.929835
Z 0.559335, 0.792929, -0.241678

PART 31
OFFSET 16.265596, 5.783393, 52.740586
SCALE 1.000000, 1.000000, 1.000000
X 0.611682, -0.759468, 0.221480
Y 0.778538, 0.627595, 0.001904
Z -0.140446, 0.171266, 0.975163

PART 32
OFFSET 7.699420, -8.400529, 65.077639
SCALE 1.000000, 1.000000, 1.000000
X -0.246679, -0.254150, -0.935178
Y -0.968362, 0.027049, 0.248081
Z -0.037754, 0.966787, -0.252781

PART 33
OFFSET 8.739788, -8.603445, 64.589869
SCALE 1.000000, 1.000000, 1.000000
X 0.014970, -0.998079, 0.060121
Y 0.662126, 0.054951, 0.747375
Z -0.749243, 0.028620, 0.661677

PART 34
OFFSET 9.089161, -8.775130, 61.741256
SCALE 1.000000, 1.000000, 1.000000
X 0.454504, 0.508188, 0.731554
Y 0.784735, 0.160139, -0.598788
Z -0.421447, 0.846227, -0.326009

PART 35
OFFSET 8.756786, -8.992403, 62.424412
SCALE 1.000000, 1.000000, 1.000000
X 0.415531, 0.370081, 0.830887
Y 0.856000, 0.149781, -0.494803
Z -0.307569, 0.916845, -0.254550

PART 36
OFFSET 7.107075, -8.875269, 62.045771
SCALE 1.000000, 1.000000, 1.000000
X 0.141577, -0.603553, -0.784653
Y -0.840860, 0.344973, -0.417071
Z 0.522408, 0.718831, -0.458663

PART 37
OFFSET -4.380390, -8.757824, 76.261809
SCALE 1.000000, 1.000000, 1.000000
X -0.717261, -0.060883, 0.694140
Y -0.259035, 0.948081, -0.184507
Z -0.646867, -0.312147, -0.695792

PART 38
OFFSET 18.524441, 4.738645, 54.450664
SCALE 1.000000, 1.000000, 1.000000
X 0.728195, -0.681909, 0.068797
Y -0.003649, -0.104236, -0.994546
Z 0.685361, 0.723972, -0.078392

PART 39
OFFSET 18.360243, 4.598239, 54.273992
SCALE 1.000000, 1.000000, 1.000000
X 0.689860, -0.539018, 0.483272
Y 0.639906, 0.766195, -0.058875
Z -0.338546, 0.349865, 0.873488

PART 40
OFFSET 20.565457, 4.078895, 53.908753
SCALE 1.000000, 1.000000, 1.000000
X 0.253762, -0.569773, -0.781642
Y -0.750701, 0.393574, -0.530610
Z 0.609961, 0.721428, -0.327855

PART 41
OFFSET 20.152867, 6.612802, 52.688986
SCALE 1.000000, 1.000000, 1.000000
X 0.781192, -0.620778, 0.066130
Y -0.363354, -0.538254, -0.760432
Z 0.507654, 0.570015, -0.646042

PART 42
OFFSET 19.760677, 6.025898, 53.607507
SCALE 1.000000, 1.000000, 1.000000
X 0.754945, -0.639579, -0.144901
Y -0.360807, -0.220587, -0.906179
Z 0.547610, 0.736397, -0.397296

PART 43
OFFSET 17.451336, 4.183567, 53.022044
SCALE 1.000000, 1.000000, 1.000000
X 0.504329, -0.758637, 0.412458
Y 0.827434, 0.561189, 0.020463
Z -0.246991, 0.330962, 0.910747

PART 44
OFFSET 7.815373, -8.628411, 64.879386
SCALE 1.000000, 1.000000, 1.000000
X -0.169524, -0.944804, -0.280370
Y 0.340643, -0.323128, 0.882922
Z -0.924783, 0.054170, 0.376619

PART 45
OFFSET 7.699420, -8.400529, 65.077639
SCALE 1.000000, 1.000000, 1.000000
X -0.246679, -0.254150, -0.935178
Y -0.968362, 0.027049, 0.248081
Z -0.037754, 0.966787, -0.252781

PART 46
OFFSET 8.709231, -6.564119, 64.467054
SCALE 1.000000, 1.000000, 1.000000
X 0.653733, 0.191772, 0.732022
Y -0.105971, 0.981023, -0.162367
Z -0.749268, 0.028572, 0.661650

PART 47
OFFSET 10.180344, -7.821045, 63.168496
SCALE 1.000000, 1.000000, 1.000000
X 0.581451, -0.785293, 0.212673
Y 0.661520, 0.608507, 0.438304
Z -0.473610, -0.114165, 0.873304

PART 48
OFFSET 9.557917, -8.213157, 64.053308
SCALE 1.000000, 1.000000, 1.000000
X 0.248792, -0.949705, 0.190167
Y 0.689371, 0.311547, 0.653992
Z -0.680345, -0.031613, 0.732210

PART 49
OFFSET 6.710747, -7.473056, 63.687446
SCALE 1.000000, 1.000000, 1.000000
X -0.185460, -0.470956, -0.862441
Y -0.797119, 0.585346, -0.148228
Z 0.574635, 0.659978, -0.483966

PART 50
OFFSET 19.821962, 3.523594, 54.573236
SCALE 1.000000, 1.000000, 1.000000
X 0.570684, -0.600784, -0.559802
Y -0.452391, 0.338915, -0.824911
Z 0.685319, 0.724013, -0.078376

PART 51
OFFSET 20.862971, 3.410904, 52.992399
SCALE 1.000000, 1.000000, 1.000000
X -0.181928, -0.275194, -0.944018
Y -0.771265, 0.635460, -0.036610
Z 0.609961, 0.721428, -0.327855

PART 52
OFFSET 21.173207, 5.801972, 52.775400
SCALE 1.000000, 1.000000, 1.000000
X 0.428596, -0.817566, -0.384566
Y -0.747390, -0.081665, -0.659347
Z 0.507654, 0.570015, -0.646042

PART 53
OFFSET 20.998002, 4.977636, 53.370027
SCALE 1.000000, 1.000000, 1.000000
X 0.345152, -0.631287, -0.694512
Y -0.762255, 0.243179, -0.599859
Z 0.547574, 0.736438, -0.397268

PART 54
OFFSET 18.120583, 3.264027, 53.513525
SCALE 1.000000, 1.000000, 1.000000
X 0.685675, -0.645645, 0.336143
Y 0.649703, 0.751077, 0.117342
Z -0.328230, 0.137935, 0.934473

PART 55
OFFSET 8.117516, -6.944938, 65.378936
SCALE 1.000000, 1.000000, 1.000000
X 0.358565, -0.207394, 0.910175
Y 0.127371, 0.976759, 0.172388
Z -0.924774, 0.054117, 0.376648

PART 56
OFFSET 7.942792, -6.788954, 63.608842
SCALE 1.000000, 1.000000, 1.000000
X 0.320932, 0.889557, 0.325101
Y -0.579266, 0.455932, -0.675704
Z -0.749301, 0.028535, 0.661614

PART 57
OFFSET 9.420912, -6.795312, 62.890683
SCALE 1.000000, 1.000000, 1.000000
X 0.810277, 0.332130, 0.482847
Y -0.345175, 0.936299, -0.064795
Z -0.473610, -0.114165, 0.873304

PART 58
OFFSET 9.150157, -6.656664, 63.741654
SCALE 1.000000, 1.000000, 1.000000
X 0.701731, 0.260125, 0.663256
Y -0.211434, 0.965057, -0.154792
Z -0.680345, -0.031613, 0.732210

PART 59
OFFSET 6.810957, -7.011421, 64.453800
SCALE 1.000000, 1.000000, 1.000000
X -0.663637, -0.100059, -0.741332
Y -0.545197, 0.743248, 0.387741
Z 0.512197, 0.661492, -0.547799

PART 60
OFFSET 20.363587, 2.953424, 54.041937
SCALE 1.000000, 1.000000, 1.000000
X 0.505667, -0.550546, -0.664229
Y -0.524060, 0.415576, -0.743409
Z 0.685319, 0.724013, -0.078376

PART 61
OFFSET 21.498182, 5.182090, 52.483812
SCALE 1.000000, 1.000000, 1.000000
X 0.092877, -0.781688, -0.616715
Y -0.856540, 0.253076, -0.449769
Z 0.507654, 0.570015, -0.646042

PART 62
OFFSET 21.368555, 4.299894, 52.624439
SCALE 1.000000, 1.000000, 1.000000
X -0.119669, -0.400969, -0.908242
Y -0.828156, 0.544870, -0.131432
Z 0.547574, 0.736438, -0.397268

PART 63
OFFSET 7.777175, -6.748198, 64.515144
SCALE 1.000000, 1.000000, 1.000000
X 0.352061, 0.497259, 0.792960
Y -0.144379, 0.865912, -0.478905
Z -0.924774, 0.054117, 0.376648

PART 64
OFFSET 8.806451, -7.047131, 62.524581
SCALE 1.000000, 1.000000, 1.000000
X 0.430510, 0.835023, 0.342634
Y -0.768346, 0.538241, -0.346326
Z -0.473610, -0.114165, 0.873304

PART 65
OFFSET 8.396786, -6.935975, 63.029566
SCALE 1.000000, 1.000000, 1.000000
X 0.285337, 0.908791, 0.304438
Y -0.675032, 0.416050, -0.609290
Z -0.680379, -0.031652, 0.732177

PART 66
OFFSET -0.106364, -0.000001, 59.999999
SCALE 1.000000, 1.000000, 1.000000
X 1.000000, 0.000000, 0.000000
Y 0.000000, 1.000000, 0.000000
Z 0.000000, 0.000000, 1.000000

PART 67
OFFSET -0.106364, -0.000001, 59.999999
SCALE 1.000000, 1.000000, 1.000000
X 1.000000, 0.000000, 0.000000
Y 0.000000, 1.000000, 0.000000
Z 0.000000, 0.000000, 1.000000

PART 68
OFFSET -4.738254, -0.000001, 58.623226
SCALE 1.000000, 1.000000, 1.000000
X 1.000000, 0.000000, 0.000000
Y 0.000000, 1.000000, 0.000000
Z 0.000000, 0.000000, 1.000000

PART 69
OFFSET 1.434187, -0.000001, 64.135821
SCALE 1.000000, 1.000000, 1.000000
X 1.000000, 0.000000, 0.000000
Y 0.000000, 1.000000, 0.000000
Z 0.000000, 0.000000, 1.000000

PART 70
OFFSET 1.434187, -0.000001, 64.135821
SCALE 1.000000, 1.000000, 1.000000
X 1.000000, 0.000000, 0.000000
Y 0.000000, 1.000000, 0.000000
Z 0.000000, 0.000000, 1.000000

FRAME 1
PART 0
OFFSET -1.009714, -0.000001, 52.513799
SCALE 1.000000, 1.000000, 1.000000
X 1.000000, 0.000000, 0.000000
Y 0.000000, 1.000000, 0.000000
Z 0.000000, 0.000000, 1.000000

PART 1
OFFSET 0.471544, 7.921029, 56.407476
SCALE 1.000000, 1.000000, 1.000000
X 0.833380, 0.294569, -0.467661
Y -0.503793, 0.752851, -0.423565
Z 0.227310, 0.588595, 0.775813

PART 2
OFFSET 2.255546, -10.276197, 59.624061
SCALE 1.000000, 1.000000, 1.000000
X -0.170486, 0.979348, -0.108685
Y 0.298526, 0.156451, 0.941491
Z 0.939051, 0.128066, -0.319034

PART 3
OFFSET -20.374293, -28.930177, 52.325504
SCALE 1.000000, 1.000000, 1.000000
X 0.979415, -0.192011, -0.062276
Y 0.188930, 0.980606, -0.052124
Z 0.071077, 0.039286, 0.996697

PART 4
OFFSET -20.374813, -28.926301, 52.322299
SCALE 1.000000, 1.000000, 1.000000
X 0.979396, -0.192095, -0.062319
Y 0.189016, 0.980592, -0.052077
Z 0.071113, 0.039225, 0.996697

PART 5
OFFSET 9.610459, 10.387869, 51.857864
SCALE 1.000000, 1.000000, 1.000000
X 0.621486, -0.700961, 0.349869
Y 0.749746, 0.402628, -0.525140
Z 0.227235, 0.588680, 0.775771

PART 6
OFFSET 4.015542, -19.640534, 61.047451
SCALE 1.000000, 1.000000, 1.000000
X 0.004510, -0.932163, -0.362010
Y -0.343836, 0.338496, -0.875898
Z 0.939019, 0.128423, -0.318985

PART 7
OFFSET 2.831209, -8.503701, 68.985763
SCALE 1.000000, 1.000000, 1.000000
X 0.641974, 0.309111, 0.701655
Y -0.243909, 0.949925, -0.195323
Z -0.726896, -0.045747, 0.685222

PART 8
OFFSET 9.610459, 10.387869, 51.857864
SCALE 1.000000, 1.000000, 1.000000
X 0.621486, -0.700961, 0.349869
Y 0.749746, 0.402628, -0.525140
Z 0.227235, 0.588680, 0.775771

PART 9
OFFSET 15.946919, 3.342590, 55.494556
SCALE 1.000000, 1.000000, 1.000000
X 0.551072, -0.588951, 0.591148
Y 0.791601, 0.593078, -0.147061
Z -0.263985, 0.548994, 0.793043

PART 10
OFFSET 14.181212, 5.232601, 54.430273
SCALE 1.000000, 1.000000, 1.000000
X 0.621486, -0.700961, 0.349869
Y 0.780585, 0.592045, -0.200425
Z -0.066648, 0.397664, 0.915107

PART 11
OFFSET 13.419420, 6.091811, 54.001541
SCALE 1.000000, 1.000000, 1.000000
X 0.621486, -0.700961, 0.349869
Y 0.783283, 0.564473, -0.260458
Z -0.014921, 0.435918, 0.899863

PART 12
OFFSET 12.657627, 6.951023, 53.572805
SCALE 1.000000, 1.000000, 1.000000
X 0.621486, -0.700961, 0.349869
Y 0.782556, 0.534426, -0.319366
Z 0.036884, 0.472274, 0.880680

PART 13
OFFSET 11.895833, 7.810236, 53.144071
SCALE 1.000000, 1.000000, 1.000000
X 0.621486, -0.700961, 0.349869
Y 0.778775, 0.504179, -0.373247
Z 0.085235, 0.504437, 0.859231

PART 14
OFFSET 11.134041, 8.669445, 52.715335
SCALE 1.000000, 1.000000, 1.000000
X 0.621486, -0.700961, 0.349869
Y 0.772040, 0.472130, -0.425496
Z 0.133073, 0.534553, 0.834593

PART 15
OFFSET 10.372249, 9.528657, 52.286602
SCALE 1.000000, 1.000000, 1.000000
X 0.621486, -0.700961, 0.349869
Y 0.762344, 0.438201, -0.476248
Z 0.180518, 0.562702, 0.806709

PART 16
OFFSET 14.943004, 4.373390, 54.859006
SCALE 1.000000, 1.000000, 1.000000
X 0.621486, -0.700961, 0.349869
Y 0.774976, 0.615481, -0.143508
Z -0.114744, 0.360329, 0.925741

PART 17
OFFSET 4.015542, -19.640534, 61.047451
SCALE 1.000000, 1.000000, 1.000000
X 0.004510, -0.932163, -0.362010
Y -0.343836, 0.338496, -0.875898
Z 0.939019, 0.128423, -0.318985

PART 18
OFFSET 4.133442, -10.121869, 65.043615
SCALE 1.000000, 1.000000, 1.000000
X -0.238153, -0.258203, -0.936277
Y -0.970989, 0.041945, 0.235416
Z -0.021513, 0.965180, -0.260702

PART 19
OFFSET 3.982130, -12.787508, 63.709382
SCALE 1.000000, 1.000000, 1.000000
X 0.004510, -0.932163, -0.362010
Y -0.999512, 0.006986, -0.030442
Z 0.030906, 0.361971, -0.931677

PART 20
OFFSET 3.987696, -13.929678, 63.265728
SCALE 1.000000, 1.000000, 1.000000
X 0.004510, -0.932163, -0.362010
Y -0.971778, 0.081298, -0.221445
Z 0.235854, 0.352792, -0.905489

PART 21
OFFSET 3.993267, -15.071850, 62.822071
SCALE 1.000000, 1.000000, 1.000000
X 0.004510, -0.932163, -0.362010
Y -0.902457, 0.152147, -0.403017
Z 0.430756, 0.328516, -0.840551

PART 22
OFFSET 3.998834, -16.214023, 62.378415
SCALE 1.000000, 1.000000, 1.000000
X 0.004510, -0.932163, -0.362010
Y -0.802490, 0.212623, -0.557495
Z 0.596648, 0.293024, -0.747093

PART 23
OFFSET 4.004404, -17.356192, 61.934759
SCALE 1.000000, 1.000000, 1.000000
X 0.004510, -0.932163, -0.362010
Y -0.672980, 0.264936, -0.690584
Z 0.739647, 0.246740, -0.626133

PART 24
OFFSET 4.009971, -18.498362, 61.491104
SCALE 1.000000, 1.000000, 1.000000
X 0.004510, -0.932163, -0.362010
Y -0.518020, 0.307476, -0.798194
Z 0.855357, 0.191129, -0.481493

PART 25
OFFSET 3.976563, -11.645338, 64.153038
SCALE 1.000000, 1.000000, 1.000000
X 0.004510, -0.932163, -0.362010
Y -0.986772, -0.062814, 0.149451
Z -0.162052, 0.356548, -0.920116

PART 26
OFFSET 2.831209, -8.503701, 68.985763
SCALE 1.000000, 1.000000, 1.000000
X 0.726896, 0.045747, -0.685222
Y -0.243909, 0.949925, -0.195323
Z 0.641974, 0.309111, 0.701655

PART 27
OFFSET 16.978352, 0.713704, 57.755219
SCALE 1.000000, 1.000000, 1.000000
X 0.551072, -0.588951, 0.591148
Y 0.791601, 0.593078, -0.147061
Z -0.263985, 0.548994, 0.793043

PART 28
OFFSET 17.925319, 1.404579, 57.705843
SCALE 1.000000, 1.000000, 1.000000
X 0.624256, -0.746603, 0.229974
Y -0.170470, -0.417467, -0.892559
Z 0.762394, 0.517982, -0.387880

PART 29
OFFSET 17.342760, 3.558239, 55.456775
SCALE 1.000000, 1.000000, 1.000000
X 0.747152, -0.626338, 0.222407
Y -0.087211, -0.424113, -0.901400
Z 0.658907, 0.654086, -0.371501

PART 30
OFFSET 17.144375, 3.183239, 56.106326
SCALE 1.000000, 1.000000, 1.000000
X 0.692995, -0.604157, 0.393387
Y 0.035970, -0.516002, -0.855832
Z 0.720045, 0.607237, -0.335855

PART 31
OFFSET 15.212652, 2.042598, 55.938470
SCALE 1.000000, 1.000000, 1.000000
X 0.447085, -0.863415, 0.233728
Y 0.890464, 0.454377, -0.024804
Z -0.084784, 0.219216, 0.971986

PART 32
OFFSET 3.913240, -9.260293, 68.548715
SCALE 1.000000, 1.000000, 1.000000
X -0.238153, -0.258203, -0.936277
Y -0.970989, 0.041945, 0.235416
Z -0.021513, 0.965180, -0.260702

PART 33
OFFSET 4.956904, -9.480936, 68.075919
SCALE 1.000000, 1.000000, 1.000000
X 0.000764, -0.997684, 0.068015
Y 0.653239, 0.051996, 0.755364
Z -0.757151, 0.043853, 0.651766

PART 34
OFFSET 5.340171, -9.679755, 65.233435
SCALE 1.000000, 1.000000, 1.000000
X 0.451955, 0.507826, 0.733382
Y 0.794379, 0.144907, -0.589885
Z -0.405831, 0.849184, -0.337915

PART 35
OFFSET 4.996231, -9.887166, 65.913926
SCALE 1.000000, 1.000000, 1.000000
X 0.409865, 0.371043, 0.833269
Y 0.864167, 0.134420, -0.484919
Z -0.291934, 0.918835, -0.265549

PART 36
OFFSET 3.353200, -9.750988, 65.513249
SCALE 1.000000, 1.000000, 1.000000
X 0.143416, -0.611565, -0.778088
Y -0.830761, 0.352877, -0.430481
Z 0.537836, 0.708143, -0.457456

PART 37
OFFSET -8.455414, -9.385952, 79.695338
SCALE 1.000000, 1.000000, 1.000000
X -0.726896, -0.045747, 0.685222
Y -0.243909, 0.949925, -0.195323
Z -0.641974, -0.309111, -0.701655

PART 38
OFFSET 17.167215, 0.842257, 57.915275
SCALE 1.000000, 1.000000, 1.000000
X 0.536181, -0.720641, 0.439530
Y 0.111977, -0.455380, -0.883227
Z 0.836643, 0.522786, -0.163471

PART 39
OFFSET 16.978352, 0.713704, 57.755219
SCALE 1.000000, 1.000000, 1.000000
X 0.551072, -0.588951, 0.591148
Y 0.791601, 0.593078, -0.147061
Z -0.263985, 0.548994, 0.793043

PART 40
OFFSET 19.200790, -0.120892, 58.175708
SCALE 1.000000, 1.000000, 1.000000
X 0.401903, -0.848756, -0.343637
Y -0.507228, 0.106086, -0.855258
Z 0.762361, 0.518033, -0.387876

PART 41
OFFSET 19.202051, 2.128218, 56.109012
SCALE 1.000000, 1.000000, 1.000000
X 0.708327, -0.681845, 0.182649
Y -0.395440, -0.597632, -0.697469
Z 0.584723, 0.421810, -0.692947

PART 42
OFFSET 18.663041, 1.698514, 56.957143
SCALE 1.000000, 1.000000, 1.000000
X 0.642141, -0.759131, 0.106654
Y -0.244346, -0.334561, -0.910145
Z 0.726602, 0.558381, -0.400326

PART 43
OFFSET 16.050910, 0.239787, 56.247944
SCALE 1.000000, 1.000000, 1.000000
X 0.348072, -0.875841, 0.334286
Y 0.929496, 0.368828, -0.001486
Z -0.121993, 0.311235, 0.942470

PART 44
OFFSET 4.028631, -9.491263, 68.353732
SCALE 1.000000, 1.000000, 1.000000
X -0.178646, -0.944637, -0.275221
Y 0.324995, -0.320673, 0.889689
Z -0.928689, 0.069494, 0.364289

PART 45
OFFSET 3.913240, -9.260293, 68.548715
SCALE 1.000000, 1.000000, 1.000000
X -0.238153, -0.258203, -0.936277
Y -0.970989, 0.041945, 0.235416
Z -0.021513, 0.965180, -0.260702

PART 46
OFFSET 4.955372, -7.442417, 67.936976
SCALE 1.000000, 1.000000, 1.000000
X 0.646884, 0.188791, 0.738850
Y -0.090677, 0.981040, -0.171286
Z -0.757178, 0.043805, 0.651738

PART 47
OFFSET 6.425843, -8.729102, 66.667154
SCALE 1.000000, 1.000000, 1.000000
X 0.568070, -0.791291, 0.226175
Y 0.664020, 0.603052, 0.442047
Z -0.486183, -0.100929, 0.868009

PART 48
OFFSET 5.786981, -9.105861, 67.546903
SCALE 1.000000, 1.000000, 1.000000
X 0.233546, -0.951414, 0.200671
Y 0.685123, 0.307461, 0.660360
Z -0.689973, -0.016740, 0.723641

PART 49
OFFSET 2.954919, -8.330691, 67.138826
SCALE 1.000000, 1.000000, 1.000000
X -0.180790, -0.475228, -0.861089
Y -0.787214, 0.594758, -0.162962
Z 0.589583, 0.648399, -0.481632

PART 50
OFFSET 18.122600, -0.441813, 58.698433
SCALE 1.000000, 1.000000, 1.000000
X 0.506895, -0.852054, -0.130618
Y -0.207571, 0.026418, -0.977863
Z 0.836643, 0.522786, -0.163471

PART 51
OFFSET 19.671973, -1.115946, 57.772862
SCALE 1.000000, 1.000000, 1.000000
X 0.124951, -0.705923, -0.697180
Y -0.635018, 0.483006, -0.602874
Z 0.762325, 0.518051, -0.387922

PART 52
OFFSET 20.127217, 1.237633, 56.347615
SCALE 1.000000, 1.000000, 1.000000
X 0.457849, -0.876735, -0.147342
Y -0.669682, -0.231111, -0.705772
Z 0.584723, 0.421810, -0.692947

PART 53
OFFSET 19.715480, 0.454314, 57.131955
SCALE 1.000000, 1.000000, 1.000000
X 0.426976, -0.823511, -0.373526
Y -0.538231, 0.100484, -0.836786
Z 0.726635, 0.558331, -0.400335

PART 54
OFFSET 16.540408, -0.855468, 56.648701
SCALE 1.000000, 1.000000, 1.000000
X 0.440804, -0.854911, 0.273530
Y 0.858091, 0.490775, 0.151062
Z -0.263387, 0.168125, 0.949927

PART 55
OFFSET 4.347027, -7.808088, 68.844107
SCALE 1.000000, 1.000000, 1.000000
X 0.344125, -0.204978, 0.916276
Y 0.138305, 0.976300, 0.166463
Z -0.928682, 0.069442, 0.364318

PART 56
OFFSET 4.196963, -7.663757, 67.070760
SCALE 1.000000, 1.000000, 1.000000
X 0.328717, 0.887727, 0.322313
Y -0.564426, 0.458284, -0.686585
Z -0.757211, 0.043770, 0.651702

PART 57
OFFSET 5.683889, -7.695536, 66.371706
SCALE 1.000000, 1.000000, 1.000000
X 0.808465, 0.325066, 0.490629
Y -0.331679, 0.940290, -0.076444
Z -0.486183, -0.100929, 0.868009

PART 58
OFFSET 5.404209, -7.546567, 67.218034
SCALE 1.000000, 1.000000, 1.000000
X 0.696675, 0.255932, 0.670181
Y -0.196432, 0.966549, -0.164914
Z -0.689970, -0.016754, 0.723644

PART 59
OFFSET 3.051572, -7.864403, 67.902816
SCALE 1.000000, 1.000000, 1.000000
X -0.655433, -0.097029, -0.748995
Y -0.540033, 0.753504, 0.374961
Z 0.527988, 0.650244, -0.546271

PART 60
OFFSET 18.603690, -1.250461, 58.574456
SCALE 1.000000, 1.000000, 1.000000
X 0.462577, -0.834149, -0.300362
Y -0.293387, 0.175677, -0.939714
Z 0.836628, 0.522812, -0.163464

PART 61
OFFSET 20.474373, 0.572887, 56.235893
SCALE 1.000000, 1.000000, 1.000000
X 0.232336, -0.905483, -0.355134
Y -0.777251, 0.046658, -0.627458
Z 0.584723, 0.421810, -0.692947

PART 62
OFFSET 20.173870, -0.429788, 56.730972
SCALE 1.000000, 1.000000, 1.000000
X 0.149166, -0.697022, -0.701362
Y -0.670634, 0.449918, -0.589765
Z 0.726635, 0.558331, -0.400335

PART 63
OFFSET 4.020390, -7.613641, 67.974524
SCALE 1.000000, 1.000000, 1.000000
X 0.348601, 0.498754, 0.793550
Y -0.126600, 0.863957, -0.487391
Z -0.928682, 0.069442, 0.364318

PART 64
OFFSET 5.070802, -7.941998, 65.999701
SCALE 1.000000, 1.000000, 1.000000
X 0.437305, 0.831882, 0.341669
Y -0.756565, 0.545698, -0.360310
Z -0.486183, -0.100929, 0.868009

PART 65
OFFSET 4.656266, -7.821376, 66.498511
SCALE 1.000000, 1.000000, 1.000000
X 0.293650, 0.907264, 0.301067
Y -0.661562, 0.420226, -0.621084
Z -0.690004, -0.016793, 0.723611

PART 66
OFFSET -0.106364, -0.000001, 59.999999
SCALE 1.000000, 1.000000, 1.000000
X 1.000000, 0.000000, 0.000000
Y 0.000000, 1.000000, 0.000000
Z 0.000000, 0.000000, 1.000000

PART 67
OFFSET -0.106364, -0.000001, 59.999999
SCALE 1.000000, 1.000000, 1.000000
X 0.999991, -0.003174, 0.002685
Y 0.003173, 0.999995, 0.000432
Z -0.002686, -0.000423, 0.999996

PART 68
OFFSET -4.734515, 0.015285, 58.610794
SCALE 1.000000, 1.000000, 1.000000
X 0.999991, -0.003174, 0.002685
Y 0.003173, 0.999995, 0.000432
Z -0.002686, -0.000423, 0.999996

PART 69
OFFSET 1.423064, -0.006641, 64.139942
SCALE 1.000000, 1.000000, 1.000000
X 0.999991, -0.003174, 0.002685
Y 0.003173, 0.999995, 0.000432
Z -0.002686, -0.000423, 0.999996

PART 70
OFFSET 1.423064, -0.006641, 64.139942
SCALE 1.000000, 1.000000, 1.000000
X 0.999991, -0.003174, 0.002685
Y 0.003173, 0.999995, 0.000432
Z -0.002686, -0.000423, 0.999996

FRAME 2
PART 0
OFFSET -1.009714, -0.000001, 52.513799
SCALE 1.000000, 1.000000, 1.000000
X 1.000000, 0.000000, 0.000000
Y 0.000000, 1.000000, 0.000000
Z 0.000000, 0.000000, 1.000000

PART 1
OFFSET 0.684364, 7.371043, 56.584559
SCALE 1.000000, 1.000000, 1.000000
X 0.969824, -0.071322, -0.233140
Y -0.083475, 0.801320, -0.592384
Z 0.229070, 0.593969, 0.771186

PART 2
OFFSET 1.708912, -10.302788, 59.624420
SCALE 1.000000, 1.000000, 1.000000
X 0.214800, 0.941731, -0.258852
Y -0.148370, 0.293427, 0.944398
Z 0.965322, -0.164451, 0.202752

PART 3
OFFSET -20.369761, -28.928950, 52.326094
SCALE 1.000000, 1.000000, 1.000000
X 0.979416, -0.191965, -0.062398
Y 0.188880, 0.980616, -0.052115
Z 0.071193, 0.039256, 0.996690

PART 4
OFFSET -20.374813, -28.926301, 52.322299
SCALE 1.000000, 1.000000, 1.000000
X 0.979396, -0.192095, -0.062319
Y 0.189016, 0.980592, -0.052077
Z 0.071113, 0.039225, 0.996697

PART 5
OFFSET 11.037555, 5.983392, 54.577554
SCALE 1.000000, 1.000000, 1.000000
X 0.383026, -0.783327, 0.489581
Y 0.894888, 0.183237, -0.406940
Z 0.229058, 0.593989, 0.771174

PART 6
OFFSET -0.508432, -19.392108, 62.806088
SCALE 1.000000, 1.000000, 1.000000
X -0.007005, -0.793449, -0.608596
Y 0.260906, 0.586080, -0.767097
Z 0.965339, -0.164160, 0.202910

PART 7
OFFSET -1.776912, -9.563019, 73.360560
SCALE 1.000000, 1.000000, 1.000000
X 0.634603, 0.312172, 0.706985
Y -0.221249, 0.949886, -0.220829
Z -0.740492, -0.016281, 0.671868

PART 8
OFFSET 11.037555, 5.983392, 54.577554
SCALE 1.000000, 1.000000, 1.000000
X 0.383026, -0.783327, 0.489581
Y 0.894888, 0.183237, -0.406940
Z 0.229058, 0.593989, 0.771174

PART 9
OFFSET 14.976488, -1.894949, 59.616141
SCALE 1.000000, 1.000000, 1.000000
X 0.357828, -0.597322, 0.717751
Y 0.932032, 0.275574, -0.235320
Z -0.057232, 0.753171, 0.655331

PART 10
OFFSET 13.854648, 0.222293, 58.177496
SCALE 1.000000, 1.000000, 1.000000
X 0.383026, -0.783327, 0.489581
Y 0.921209, 0.284724, -0.265155
Z 0.068308, 0.552568, 0.830664

PART 11
OFFSET 13.385132, 1.182476, 57.577509
SCALE 1.000000, 1.000000, 1.000000
X 0.383026, -0.783327, 0.489581
Y 0.918671, 0.267589, -0.290586
Z 0.096617, 0.561066, 0.822113

PART 12
OFFSET 12.915616, 2.142659, 56.977517
SCALE 1.000000, 1.000000, 1.000000
X 0.383026, -0.783327, 0.489581
Y 0.915263, 0.250196, -0.315747
Z 0.124842, 0.569035, 0.812782

PART 13
OFFSET 12.446100, 3.102845, 56.377527
SCALE 1.000000, 1.000000, 1.000000
X 0.383026, -0.783327, 0.489581
Y 0.911287, 0.233700, -0.339029
Z 0.151156, 0.576006, 0.803349

PART 14
OFFSET 11.976583, 4.063026, 55.777535
SCALE 1.000000, 1.000000, 1.000000
X 0.383026, -0.783327, 0.489581
Y 0.906574, 0.217076, -0.361941
Z 0.177242, 0.582474, 0.793290

PART 15
OFFSET 11.507068, 5.023210, 55.177547
SCALE 1.000000, 1.000000, 1.000000
X 0.383026, -0.783327, 0.489581
Y 0.901101, 0.200232, -0.384609
Z 0.203245, 0.588477, 0.782551

PART 16
OFFSET 14.324164, -0.737890, 58.777485
SCALE 1.000000, 1.000000, 1.000000
X 0.383026, -0.783327, 0.489581
Y 0.922792, 0.300498, -0.241155
Z 0.041785, 0.544150, 0.837947

PART 17
OFFSET -0.508432, -19.392108, 62.806088
SCALE 1.000000, 1.000000, 1.000000
X -0.007005, -0.793449, -0.608596
Y 0.260906, 0.586080, -0.767097
Z 0.965339, -0.164160, 0.202910

PART 18
OFFSET -0.278940, -11.287777, 69.325582
SCALE 1.000000, 1.000000, 1.000000
X -0.225289, -0.274314, -0.934878
Y -0.974289, 0.065913, 0.215446
Z 0.002521, 0.959379, -0.282110

PART 19
OFFSET -0.457422, -13.558872, 67.280651
SCALE 1.000000, 1.000000, 1.000000
X -0.007005, -0.793449, -0.608596
Y -0.828737, -0.335977, 0.447565
Z -0.559594, 0.507501, -0.655207

PART 20
OFFSET -0.465927, -14.531076, 66.534890
SCALE 1.000000, 1.000000, 1.000000
X -0.007005, -0.793449, -0.608596
Y -0.300432, -0.578824, 0.758092
Z -0.953777, 0.188152, -0.234323

PART 21
OFFSET -0.474425, -15.503283, 65.789128
SCALE 1.000000, 1.000000, 1.000000
X -0.007005, -0.793449, -0.608596
Y 0.358559, -0.570134, 0.739177
Z -0.933481, -0.213040, 0.288492

PART 22
OFFSET -0.482929, -16.475490, 65.043366
SCALE 1.000000, 1.000000, 1.000000
X -0.007005, -0.793449, -0.608596
Y 0.839104, -0.335711, 0.428021
Z -0.543925, -0.507678, 0.668138

PART 23
OFFSET -0.491428, -17.447695, 64.297606
SCALE 1.000000, 1.000000, 1.000000
X -0.007005, -0.793449, -0.608596
Y 0.998657, 0.025692, -0.044990
Z 0.051333, -0.608094, 0.792204

PART 24
OFFSET -0.499932, -18.419900, 63.551845
SCALE 1.000000, 1.000000, 1.000000
X -0.007005, -0.793449, -0.608596
Y 0.777959, 0.378061, -0.501846
Z 0.628276, -0.476978, 0.614623

PART 25
OFFSET -0.448920, -12.586668, 68.026412
SCALE 1.000000, 1.000000, 1.000000
X -0.007005, -0.793449, -0.608596
Y -0.999396, 0.026263, -0.022738
Z 0.034025, 0.608070, -0.793154

PART 26
OFFSET -1.776912, -9.563019, 73.360560
SCALE 1.000000, 1.000000, 1.000000
X 0.740492, 0.016281, -0.671868
Y -0.221249, 0.949886, -0.220829
Z 0.634603, 0.312172, 0.706985

PART 27
OFFSET 15.205635, -4.195609, 62.398217
SCALE 1.000000, 1.000000, 1.000000
X 0.357828, -0.597322, 0.717751
Y 0.932032, 0.275574, -0.235320
Z -0.057232, 0.753171, 0.655331

PART 28
OFFSET 16.318510, -3.857494, 62.244283
SCALE 1.000000, 1.000000, 1.000000
X 0.454736, -0.630250, 0.629286
Y -0.177868, -0.756597, -0.629224
Z 0.872685, 0.174201, -0.456153

PART 29
OFFSET 16.379260, -2.135478, 59.601892
SCALE 1.000000, 1.000000, 1.000000
X 0.554021, -0.702565, 0.446613
Y -0.189265, -0.628717, -0.754250
Z 0.810703, 0.333342, -0.481294

PART 30
OFFSET 16.082537, -2.283253, 60.292494
SCALE 1.000000, 1.000000, 1.000000
X 0.485300, -0.687668, 0.539997
Y -0.145713, -0.672572, -0.725544
Z 0.862120, 0.273422, -0.426601

PART 31
OFFSET 13.892590, -2.830765, 60.259532
SCALE 1.000000, 1.000000, 1.000000
X 0.199839, -0.948633, 0.245275
Y 0.979821, 0.194480, -0.046135
Z -0.003936, 0.249545, 0.968355

PART 32
OFFSET -0.548955, -10.344374, 72.806043
SCALE 1.000000, 1.000000, 1.000000
X -0.225289, -0.274314, -0.934878
Y -0.974289, 0.065913, 0.215446
Z 0.002521, 0.959379, -0.282110

PART 33
OFFSET 0.498984, -10.595589, 72.358644
SCALE 1.000000, 1.000000, 1.000000
X -0.020224, -0.995753, 0.089813
Y 0.639602, 0.056159, 0.766652
Z -0.768440, 0.072949, 0.635750

PART 34
OFFSET 0.932437, -10.864936, 69.529207
SCALE 1.000000, 1.000000, 1.000000
X 0.447810, 0.515188, 0.730786
Y 0.808198, 0.116387, -0.577296
Z -0.382470, 0.849138, -0.364254

PART 35
OFFSET 0.571546, -11.050480, 70.207226
SCALE 1.000000, 1.000000, 1.000000
X 0.401130, 0.381500, 0.832798
Y 0.875749, 0.106892, -0.470784
Z -0.268624, 0.918168, -0.291220

PART 36
OFFSET -1.060531, -10.891546, 69.771678
SCALE 1.000000, 1.000000, 1.000000
X 0.146144, -0.631372, -0.761585
Y -0.815266, 0.359194, -0.454225
Z 0.560341, 0.687277, -0.462242

PART 37
OFFSET -13.279371, -9.986100, 83.866543
SCALE 1.000000, 1.000000, 1.000000
X -0.740492, -0.016281, 0.671868
Y -0.221249, 0.949886, -0.220829
Z -0.634603, -0.312172, -0.706985

PART 38
OFFSET 15.429634, -4.102313, 62.535544
SCALE 1.000000, 1.000000, 1.000000
X 0.282393, -0.572105, 0.770032
Y 0.007367, -0.801386, -0.598102
Z 0.959270, 0.174573, -0.222091

PART 39
OFFSET 15.205635, -4.195609, 62.398217
SCALE 1.000000, 1.000000, 1.000000
X 0.357828, -0.597322, 0.717751
Y 0.932032, 0.275574, -0.235320
Z -0.057232, 0.753171, 0.655331

PART 40
OFFSET 17.247615, -5.145237, 63.530028
SCALE 1.000000, 1.000000, 1.000000
X 0.321486, -0.908126, 0.268244
Y -0.367516, -0.380739, -0.848510
Z 0.872685, 0.174201, -0.456153

PART 41
OFFSET 17.783595, -3.717654, 60.756627
SCALE 1.000000, 1.000000, 1.000000
X 0.613600, -0.711307, 0.342839
Y -0.474901, -0.679318, -0.559460
Z 0.630844, 0.180470, -0.754630

PART 42
OFFSET 17.096648, -3.941905, 61.498766
SCALE 1.000000, 1.000000, 1.000000
X 0.452478, -0.781411, 0.429721
Y -0.212929, -0.562602, -0.798837
Z 0.865982, 0.269956, -0.420950

PART 43
OFFSET 14.215134, -4.789830, 60.595537
SCALE 1.000000, 1.000000, 1.000000
X 0.085919, -0.974630, 0.206675
Y 0.996302, 0.084001, -0.018053
Z 0.000234, 0.207462, 0.978243

PART 44
OFFSET -0.434442, -10.581811, 72.618445
SCALE 1.000000, 1.000000, 1.000000
X -0.191968, -0.946898, -0.257939
Y 0.301563, -0.307025, 0.902660
Z -0.933921, 0.095497, 0.344488

PART 45
OFFSET -0.548955, -10.344374, 72.806043
SCALE 1.000000, 1.000000, 1.000000
X -0.225289, -0.274314, -0.934878
Y -0.974289, 0.065913, 0.215446
Z 0.002521, 0.959379, -0.282110

PART 46
OFFSET 0.540336, -8.561015, 72.175161
SCALE 1.000000, 1.000000, 1.000000
X 0.636264, 0.192650, 0.747030
Y -0.068012, 0.978556, -0.194430
Z -0.768468, 0.072902, 0.635722

PART 47
OFFSET 2.009097, -9.903777, 70.962717
SCALE 1.000000, 1.000000, 1.000000
X 0.547922, -0.796888, 0.254464
Y 0.667234, 0.599798, 0.441634
Z -0.504559, -0.072194, 0.860353

PART 48
OFFSET 1.346249, -10.248466, 71.837854
SCALE 1.000000, 1.000000, 1.000000
X 0.210854, -0.951047, 0.225941
Y 0.678329, 0.308785, 0.666725
Z -0.703854, 0.012681, 0.710232

PART 49
OFFSET -1.461660, -9.428025, 71.357734
SCALE 1.000000, 1.000000, 1.000000
X -0.173666, -0.490679, -0.853858
Y -0.772069, 0.606077, -0.191258
Z 0.611351, 0.626022, -0.484093

PART 50
OFFSET 15.932811, -5.121720, 63.907606
SCALE 1.000000, 1.000000, 1.000000
X 0.251232, -0.886684, 0.388167
Y -0.129161, -0.428153, -0.894428
Z 0.959270, 0.174573, -0.222091

PART 51
OFFSET 17.624517, -6.209881, 63.844527
SCALE 1.000000, 1.000000, 1.000000
X 0.168121, -0.984273, -0.054245
Y -0.458429, -0.029351, -0.888246
Z 0.872685, 0.174201, -0.456153

PART 52
OFFSET 18.585034, -4.646711, 61.204460
SCALE 1.000000, 1.000000, 1.000000
X 0.471142, -0.861844, 0.187748
Y -0.616491, -0.473977, -0.628717
Z 0.630844, 0.180470, -0.754630

PART 53
OFFSET 17.838233, -5.222616, 62.203076
SCALE 1.000000, 1.000000, 1.000000
X 0.361555, -0.919528, 0.154098
Y -0.345476, -0.285642, -0.893899
Z 0.865982, 0.269956, -0.420950

PART 54
OFFSET 14.375596, -6.056791, 60.840205
SCALE 1.000000, 1.000000, 1.000000
X 0.016079, -0.985779, 0.167276
Y 0.982371, 0.046738, 0.181006
Z -0.186250, 0.161416, 0.969152

PART 55
OFFSET -0.092308, -8.894610, 73.078029
SCALE 1.000000, 1.000000, 1.000000
X 0.322460, -0.191158, 0.927080
Y 0.154344, 0.976908, 0.147748
Z -0.933915, 0.095446, 0.344518

PART 56
OFFSET -0.205623, -8.786878, 71.299354
SCALE 1.000000, 1.000000, 1.000000
X 0.339962, 0.888163, 0.309181
Y -0.542064, 0.453715, -0.707326
Z -0.768500, 0.072868, 0.635687

PART 57
OFFSET 1.293461, -8.862902, 70.630320
SCALE 1.000000, 1.000000, 1.000000
X 0.805213, 0.320218, 0.499092
Y -0.311532, 0.944589, -0.103438
Z -0.504559, -0.072194, 0.860353

PART 58
OFFSET 1.000667, -8.689772, 71.467568
SCALE 1.000000, 1.000000, 1.000000
X 0.688676, 0.257253, 0.677898
Y -0.174133, 0.966261, -0.189781
Z -0.703848, 0.012653, 0.710238

PART 59
OFFSET -1.370423, -8.946816, 72.113088
SCALE 1.000000, 1.000000, 1.000000
X -0.642805, -0.100987, -0.759344
Y -0.532116, 0.771944, 0.347787
Z 0.551049, 0.627618, -0.549946

PART 60
OFFSET 16.171262, -5.963245, 64.275991
SCALE 1.000000, 1.000000, 1.000000
X 0.217016, -0.958777, 0.183439
Y -0.180919, -0.224166, -0.957611
Z 0.959256, 0.174630, -0.222109

PART 61
OFFSET 18.942270, -5.300169, 61.346806
SCALE 1.000000, 1.000000, 1.000000
X 0.360885, -0.929219, 0.079464
Y -0.686875, -0.322464, -0.651321
Z 0.630844, 0.180470, -0.754630

PART 62
OFFSET 18.226384, -6.209788, 62.368533
SCALE 1.000000, 1.000000, 1.000000
X 0.246129, -0.962844, -0.111136
Y -0.435311, -0.007366, -0.900250
Z 0.865982, 0.269956, -0.420950

PART 63
OFFSET -0.398386, -8.713277, 72.198194
SCALE 1.000000, 1.000000, 1.000000
X 0.343166, 0.509454, 0.789110
Y -0.100198, 0.855188, -0.508540
Z -0.933915, 0.095446, 0.344518

PART 64
OFFSET 0.682840, -9.105685, 70.251897
SCALE 1.000000, 1.000000, 1.000000
X 0.447025, 0.830683, 0.331865
Y -0.738640, 0.552045, -0.386857
Z -0.504559, -0.072194, 0.860353

PART 65
OFFSET 0.261310, -8.965999, 70.739762
SCALE 1.000000, 1.000000, 1.000000
X 0.305700, 0.907889, 0.286853
Y -0.641169, 0.419020, -0.642903
Z -0.703882, 0.012614, 0.710205

PART 66
OFFSET -0.106364, -0.000001, 59.999999
SCALE 1.000000, 1.000000, 1.000000
X 1.000000, 0.000000, 0.000000
Y 0.000000, 1.000000, 0.000000
Z 0.000000, 0.000000, 1.000000

PART 67
OFFSET -0.106364, -0.000001, 59.999999
SCALE 1.000000, 1.000000, 1.000000
X 0.999875, -0.011331, 0.011038
Y 0.011313, 0.999934, 0.001741
Z -0.011057, -0.001616, 0.999938

PART 68
OFFSET -4.722451, 0.054710, 58.572185
SCALE 1.000000, 1.000000, 1.000000
X 0.999875, -0.011331, 0.011038
Y 0.011313, 0.999934, 0.001741
Z -0.011057, -0.001616, 0.999938

PART 69
OFFSET 1.388264, -0.024141, 64.152568
SCALE 1.000000, 1.000000, 1.000000
X 0.999875, -0.011331, 0.011038
