// Export filename: 'C:\Program Files (x86)\Steam\steamapps\common\Call of Duty Black Ops III\xanim_export\tbd\s2\melee_shovel\vm_melee_shovel_s2_sprint_loop.xanim_export'
// Source filename: 'C:\Users\Ash\Documents\WW2 Shovel\wpn_s2_melee_shovel_excel_rig.mb'
// Export time: Sun Nov 19 2017, 17:05:28

ANIMATION
VERSION 3

NUMPARTS 71
PART 0 "tag_torso"
PART 1 "j_shoulder_le"
PART 2 "j_shoulder_ri"
PART 3 "tag_weapon_left"
PART 4 "tag_weapon_right"
PART 5 "j_elbow_le"
PART 6 "j_elbow_ri"
PART 7 "tag_weapon"
PART 8 "j_elbow_bulge_le"
PART 9 "j_wrist_le"
PART 10 "j_wristtwist1_le"
PART 11 "j_wristtwist2_le"
PART 12 "j_wristtwist3_le"
PART 13 "j_wristtwist4_le"
PART 14 "j_wristtwist5_le"
PART 15 "j_wristtwist6_le"
PART 16 "j_wristtwist_le"
PART 17 "j_elbow_bulge_ri"
PART 18 "j_wrist_ri"
PART 19 "j_wristtwist1_ri"
PART 20 "j_wristtwist2_ri"
PART 21 "j_wristtwist3_ri"
PART 22 "j_wristtwist4_ri"
PART 23 "j_wristtwist5_ri"
PART 24 "j_wristtwist6_ri"
PART 25 "j_wristtwist_ri"
PART 26 "tag_knife"
PART 27 "j_indexbase_le"
PART 28 "j_mid_le_1"
PART 29 "j_pinkybase_le"
PART 30 "j_ringbase_le"
PART 31 "j_thumb_le_1"
PART 32 "j_indexbase_ri"
PART 33 "j_mid_ri_1"
PART 34 "j_pinkybase_ri"
PART 35 "j_ringbase_ri"
PART 36 "j_thumb_ri_1"
PART 37 "tag_fx"
PART 38 "j_index_le_1"
PART 39 "j_indexretract_le"
PART 40 "j_mid_le_2"
PART 41 "j_pinky_le_1"
PART 42 "j_ring_le_1"
PART 43 "j_thumb_le_2"
PART 44 "j_index_ri_1"
PART 45 "j_indexretract_ri"
PART 46 "j_mid_ri_2"
PART 47 "j_pinky_ri_1"
PART 48 "j_ring_ri_1"
PART 49 "j_thumb_ri_2"
PART 50 "j_index_le_2"
PART 51 "j_mid_le_3"
PART 52 "j_pinky_le_2"
PART 53 "j_ring_le_2"
PART 54 "j_thumb_le_3"
PART 55 "j_index_ri_2"
PART 56 "j_mid_ri_3"
PART 57 "j_pinky_ri_2"
PART 58 "j_ring_ri_2"
PART 59 "j_thumb_ri_3"
PART 60 "j_index_le_3"
PART 61 "j_pinky_le_3"
PART 62 "j_ring_le_3"
PART 63 "j_index_ri_3"
PART 64 "j_pinky_ri_3"
PART 65 "j_ring_ri_3"
PART 66 "tag_cambone"
PART 67 "tag_camera"
PART 68 "tag_fill_light"
PART 69 "tag_flashlight"
PART 70 "tag_gasmask"

FRAMERATE 30
NUMFRAMES 17

FRAME 0
PART 0
OFFSET -1.009764, -0.000001, 52.513799
SCALE 1.000000, 1.000000, 1.000000
X 1.000000, 0.000000, 0.000000
Y 0.000000, 1.000000, 0.000000
Z 0.000000, 0.000000, 1.000000

PART 1
OFFSET -0.968717, 7.446259, 55.563634
SCALE 1.000000, 1.000000, 1.000000
X 0.453038, 0.460796, -0.763167
Y -0.884886, 0.336450, -0.322147
Z 0.108324, 0.821260, 0.560176

PART 2
OFFSET -1.142077, -7.458404, 56.002236
SCALE 1.000000, 1.000000, 1.000000
X -0.060680, 0.569630, 0.819658
Y 0.995617, 0.093084, 0.009016
Z -0.071162, 0.816613, -0.572782

PART 3
OFFSET -20.380020, -28.923933, 52.321927
SCALE 1.000000, 1.000000, 1.000000
X 0.979397, -0.192091, -0.062309
Y 0.189010, 0.980591, -0.052121
Z 0.071112, 0.039271, 0.996695

PART 4
OFFSET -20.374863, -28.926301, 52.322299
SCALE 1.000000, 1.000000, 1.000000
X 0.979396, -0.192095, -0.062319
Y 0.189016, 0.980592, -0.052077
Z 0.071113, 0.039225, 0.996697

PART 5
OFFSET 4.513212, 12.017608, 47.801269
SCALE 1.000000, 1.000000, 1.000000
X 0.957666, -0.237375, 0.162878
Y 0.266738, 0.518822, -0.812204
Z 0.108292, 0.821266, 0.560175

PART 6
OFFSET 0.301492, -13.232395, 47.591930
SCALE 1.000000, 1.000000, 1.000000
X -0.985415, -0.146467, -0.086627
Y -0.154631, 0.558234, 0.815146
Z -0.071034, 0.816653, -0.572741

PART 7
OFFSET 11.827698, -10.689062, 45.147460
SCALE 1.000000, 1.000000, 1.000000
X 0.957077, 0.081537, -0.278129
Y -0.075298, 0.996613, 0.033060
Z 0.279882, -0.010698, 0.959975

PART 8
OFFSET 4.513212, 12.017608, 47.801269
SCALE 1.000000, 1.000000, 1.000000
X 0.957666, -0.237375, 0.162878
Y 0.266738, 0.518822, -0.812204
Z 0.108292, 0.821266, 0.560175

PART 9
OFFSET 14.310363, 9.711474, 49.412195
SCALE 1.000000, 1.000000, 1.000000
X 0.812330, -0.163964, 0.559675
Y 0.564356, -0.020967, -0.825266
Z 0.147049, 0.986243, 0.075502

PART 10
OFFSET 11.556220, 10.271606, 48.998504
SCALE 1.000000, 1.000000, 1.000000
X 0.957666, -0.237375, 0.162878
Y 0.206310, 0.171305, -0.963375
Z 0.200779, 0.956194, 0.213026

PART 11
OFFSET 10.382387, 10.562606, 48.798968
SCALE 1.000000, 1.000000, 1.000000
X 0.957666, -0.237375, 0.162878
Y 0.219345, 0.235217, -0.946869
Z 0.186451, 0.942511, 0.277326

PART 12
OFFSET 9.208550, 10.853606, 48.599427
SCALE 1.000000, 1.000000, 1.000000
X 0.957666, -0.237375, 0.162878
Y 0.231389, 0.298078, -0.926072
Z 0.171276, 0.924555, 0.340385

PART 13
OFFSET 8.034714, 11.144608, 48.399889
SCALE 1.000000, 1.000000, 1.000000
X 0.957666, -0.237375, 0.162878
Y 0.241714, 0.355703, -0.902801
Z 0.156366, 0.903952, 0.398021

PART 14
OFFSET 6.860879, 11.435606, 48.200350
SCALE 1.000000, 1.000000, 1.000000
X 0.957666, -0.237375, 0.162878
Y 0.251046, 0.411699, -0.876059
Z 0.140898, 0.879862, 0.453862

PART 15
OFFSET 5.687046, 11.726608, 48.000812
SCALE 1.000000, 1.000000, 1.000000
X 0.957666, -0.237375, 0.162878
Y 0.259408, 0.466204, -0.845790
Z 0.124835, 0.852236, 0.508045

PART 16
OFFSET 12.730054, 9.980606, 49.198042
SCALE 1.000000, 1.000000, 1.000000
X 0.957666, -0.237375, 0.162878
Y 0.193280, 0.110853, -0.974861
Z 0.213352, 0.965072, 0.152039

PART 17
OFFSET 0.301492, -13.232395, 47.591930
SCALE 1.000000, 1.000000, 1.000000
X -0.985415, -0.146467, -0.086627
Y -0.154631, 0.558234, 0.815146
Z -0.071034, 0.816653, -0.572741

PART 18
OFFSET 10.697525, -11.809388, 48.469176
SCALE 1.000000, 1.000000, 1.000000
X -0.978929, -0.071924, -0.191115
Y -0.201360, 0.184443, 0.961995
Z -0.033941, 0.980208, -0.195040

PART 19
OFFSET 7.546288, -12.156121, 48.228735
SCALE 1.000000, 1.000000, 1.000000
X -0.985415, -0.146467, -0.086627
Y -0.121683, 0.250647, 0.960401
Z -0.118954, 0.956934, -0.264814

PART 20
OFFSET 6.338824, -12.335502, 48.122603
SCALE 1.000000, 1.000000, 1.000000
X -0.985415, -0.146467, -0.086627
Y -0.128580, 0.307438, 0.942841
Z -0.111462, 0.940228, -0.321787

PART 21
OFFSET 5.131355, -12.514879, 48.016468
SCALE 1.000000, 1.000000, 1.000000
X -0.985415, -0.146467, -0.086627
Y -0.135018, 0.363140, 0.921900
Z -0.103570, 0.920150, -0.377620

PART 22
OFFSET 3.923888, -12.694259, 47.910335
SCALE 1.000000, 1.000000, 1.000000
X -0.985415, -0.146467, -0.086627
Y -0.140607, 0.414107, 0.899302
Z -0.095845, 0.898367, -0.428662

PART 23
OFFSET 2.716423, -12.873636, 47.804201
SCALE 1.000000, 1.000000, 1.000000
X -0.985415, -0.146467, -0.086627
Y -0.145735, 0.463583, 0.873986
Z -0.087851, 0.873864, -0.478167

PART 24
OFFSET 1.508957, -13.053016, 47.698068
SCALE 1.000000, 1.000000, 1.000000
X -0.985415, -0.146467, -0.086627
Y -0.150421, 0.511728, 0.845877
Z -0.079563, 0.846571, -0.526297

PART 25
OFFSET 8.753753, -11.976742, 48.334867
SCALE 1.000000, 1.000000, 1.000000
X -0.985415, -0.146467, -0.086627
Y -0.114840, 0.196742, 0.973706
Z -0.125572, 0.969453, -0.210693

PART 26
OFFSET 11.827698, -10.689062, 45.147460
SCALE 1.000000, 1.000000, 1.000000
X -0.279882, 0.010698, -0.959975
Y -0.075298, 0.996613, 0.033060
Z 0.957077, 0.081537, -0.278129

PART 27
OFFSET 16.520012, 9.244049, 52.237873
SCALE 1.000000, 1.000000, 1.000000
X 0.812330, -0.163964, 0.559675
Y 0.564356, -0.020967, -0.825266
Z 0.147049, 0.986243, 0.075502

PART 28
OFFSET 17.271799, 9.278673, 51.340242
SCALE 1.000000, 1.000000, 1.000000
X -0.123100, -0.992195, 0.019904
Y -0.920643, 0.106690, -0.375544
Z 0.370489, -0.064554, -0.926591

PART 29
OFFSET 15.490960, 9.314940, 48.720806
SCALE 1.000000, 1.000000, 1.000000
X 0.851066, -0.412550, 0.324791
Y -0.417940, -0.906712, -0.056556
Z 0.317824, -0.087611, -0.944093

PART 30
OFFSET 15.656894, 9.631247, 49.400599
SCALE 1.000000, 1.000000, 1.000000
X 0.861686, -0.296621, 0.411720
Y -0.317355, -0.948119, -0.018874
Z 0.395958, -0.114398, -0.911115

PART 31
OFFSET 14.134872, 9.556274, 51.022152
SCALE 1.000000, 1.000000, 1.000000
X 0.545820, -0.670168, 0.502947
Y 0.556361, -0.158956, -0.815595
Z 0.626532, 0.724988, 0.286094

PART 32
OFFSET 13.862701, -11.438766, 50.178217
SCALE 1.000000, 1.000000, 1.000000
X -0.978929, -0.071924, -0.191115
Y -0.201360, 0.184443, 0.961995
Z -0.033941, 0.980208, -0.195040

PART 33
OFFSET 13.849000, -11.776113, 49.061160
SCALE 1.000000, 1.000000, 1.000000
X -0.151042, -0.980115, 0.128692
Y 0.954656, -0.178412, -0.238329
Z 0.256550, 0.086859, 0.962620

PART 34
OFFSET 11.475850, -11.627950, 47.445075
SCALE 1.000000, 1.000000, 1.000000
X 0.945396, 0.304914, -0.115126
Y -0.146206, 0.081061, -0.985928
Z -0.291291, 0.948924, 0.121215

PART 35
OFFSET 11.881788, -11.865110, 48.080046
SCALE 1.000000, 1.000000, 1.000000
X 0.986082, 0.165181, -0.018900
Y -0.026326, 0.042886, -0.998733
Z -0.164162, 0.985330, 0.046638

PART 36
OFFSET 10.853287, -11.373957, 49.336907
SCALE 1.000000, 1.000000, 1.000000
X -0.750930, -0.508245, -0.421653
Y -0.660053, 0.557477, 0.503537
Z -0.020858, 0.656434, -0.754095

PART 37
OFFSET 16.198604, -11.032499, 60.102007
SCALE 1.000000, 1.000000, 1.000000
X 0.279882, -0.010698, 0.959975
Y -0.075298, 0.996613, 0.033060
Z -0.957077, -0.081537, 0.278129

PART 38
OFFSET 16.766280, 9.344980, 52.166673
SCALE 1.000000, 1.000000, 1.000000
X -0.091189, -0.995499, 0.025816
Y -0.731121, 0.049326, -0.680462
Z 0.676126, -0.080925, -0.732328

PART 39
OFFSET 16.520012, 9.244049, 52.237873
SCALE 1.000000, 1.000000, 1.000000
X 0.812330, -0.163964, 0.559675
Y 0.564356, -0.020967, -0.825266
Z 0.147049, 0.986243, 0.075502

PART 40
OFFSET 17.020281, 7.251422, 51.380921
SCALE 1.000000, 1.000000, 1.000000
X -0.817925, 0.449989, -0.358482
Y 0.440091, 0.890696, 0.113930
Z 0.370565, -0.064578, -0.926559

PART 41
OFFSET 17.609475, 8.443254, 49.576655
SCALE 1.000000, 1.000000, 1.000000
X -0.473587, -0.854967, 0.211532
Y -0.874697, 0.484669, 0.000618
Z -0.103051, -0.184734, -0.977371

PART 42
OFFSET 17.568310, 8.861049, 50.428549
SCALE 1.000000, 1.000000, 1.000000
X -0.241849, -0.964337, 0.107531
Y -0.959306, 0.220987, -0.175776
Z 0.145744, -0.145666, -0.978540

PART 43
OFFSET 15.016975, 8.218873, 52.028928
SCALE 1.000000, 1.000000, 1.000000
X 0.724499, -0.683460, -0.089357
Y 0.262967, 0.393906, -0.880731
Z 0.637142, 0.614590, 0.465111

PART 44
OFFSET 13.692214, -11.656633, 50.009832
SCALE 1.000000, 1.000000, 1.000000
X -0.518251, -0.845988, 0.125383
Y 0.852816, -0.500200, 0.150019
Z -0.064198, 0.184676, 0.980700

PART 45
OFFSET 13.862701, -11.438766, 50.178217
SCALE 1.000000, 1.000000, 1.000000
X -0.978929, -0.071924, -0.191115
Y -0.201360, 0.184443, 0.961995
Z -0.033941, 0.980208, -0.195040

PART 46
OFFSET 14.157686, -9.773500, 48.798199
SCALE 1.000000, 1.000000, 1.000000
X 0.966370, -0.041794, -0.253737
Y 0.018181, 0.995339, -0.094704
Z 0.256512, 0.086906, 0.962626

PART 47
OFFSET 13.401907, -11.109775, 47.045381
SCALE 1.000000, 1.000000, 1.000000
X 0.275070, -0.906139, -0.321323
Y 0.800838, 0.400877, -0.444923
Z 0.531973, -0.134942, 0.835940

PART 48
OFFSET 13.820345, -11.486446, 48.048672
SCALE 1.000000, 1.000000, 1.000000
X 0.075135, -0.996942, -0.021500
Y 0.938981, 0.077992, -0.335011
Z 0.335663, 0.004983, 0.941969

PART 49
OFFSET 12.409927, -10.155397, 50.291002
SCALE 1.000000, 1.000000, 1.000000
X -0.934207, -0.304281, -0.186202
Y -0.355251, 0.746026, 0.563242
Z -0.032472, 0.592333, -0.805038

PART 50
OFFSET 16.603769, 7.571177, 52.212690
SCALE 1.000000, 1.000000, 1.000000
X -0.682466, 0.305986, -0.663786
Y 0.277807, 0.948592, 0.151648
Z 0.676064, -0.080910, -0.732387

PART 51
OFFSET 16.061394, 7.778987, 50.960668
SCALE 1.000000, 1.000000, 1.000000
X 0.197481, 0.980249, 0.010660
Y 0.907570, -0.186928, 0.375999
Z 0.370565, -0.064578, -0.926559

PART 52
OFFSET 16.990904, 7.326535, 49.852930
SCALE 1.000000, 1.000000, 1.000000
X -0.752549, 0.657015, -0.044749
Y 0.650413, 0.730906, -0.206737
Z -0.103122, -0.184685, -0.977373

PART 53
OFFSET 17.171943, 7.280515, 50.604787
SCALE 1.000000, 1.000000, 1.000000
X -0.765277, 0.610250, -0.204809
Y 0.627007, 0.778683, -0.022667
Z 0.145648, -0.145763, -0.978540

PART 54
OFFSET 15.833868, 7.433447, 51.917027
SCALE 1.000000, 1.000000, 1.000000
X 0.628160, -0.328290, -0.705436
Y -0.106258, 0.861944, -0.495743
Z 0.770794, 0.386365, 0.506556

PART 55
OFFSET 14.615656, -10.149269, 49.786358
SCALE 1.000000, 1.000000, 1.000000
X 0.908856, -0.395053, 0.133841
Y 0.412148, 0.899901, -0.142522
Z -0.064140, 0.184694, 0.980701

PART 56
OFFSET 13.024716, -9.724525, 49.095701
SCALE 1.000000, 1.000000, 1.000000
X 0.611829, 0.756409, -0.231324
Y -0.748243, 0.648300, 0.140857
Z 0.256512, 0.086906, 0.962626

PART 57
OFFSET 13.042619, -9.926199, 47.465048
SCALE 1.000000, 1.000000, 1.000000
X 0.846722, 0.097065, -0.523106
Y -0.010571, 0.986092, 0.165865
Z 0.531931, -0.134912, 0.835972

PART 58
OFFSET 13.697205, -9.852568, 48.083906
SCALE 1.000000, 1.000000, 1.000000
X 0.941690, 0.024330, -0.335601
Y -0.024589, 0.999692, 0.003476
Z 0.335582, 0.004979, 0.941998

PART 59
OFFSET 13.220868, -9.830330, 50.508162
SCALE 1.000000, 1.000000, 1.000000
X -0.959566, 0.134126, 0.247474
Y 0.256795, 0.777186, 0.574490
Z -0.115279, 0.614811, -0.780204

PART 60
OFFSET 15.956091, 7.861554, 51.582730
SCALE 1.000000, 1.000000, 1.000000
X 0.177783, 0.982503, 0.055515
Y 0.715112, -0.167741, 0.678585
Z 0.676024, -0.080941, -0.732421

PART 61
OFFSET 16.420324, 7.824660, 49.819000
SCALE 1.000000, 1.000000, 1.000000
X 0.661546, 0.721042, -0.206048
Y 0.742781, -0.667825, 0.047822
Z -0.103122, -0.184685, -0.977373

PART 62
OFFSET 16.350356, 7.935686, 50.384902
SCALE 1.000000, 1.000000, 1.000000
X 0.307966, 0.946622, -0.095205
Y 0.940192, -0.287498, 0.182715
Z 0.145590, -0.145781, -0.978545

PART 63
OFFSET 13.753113, -9.774403, 49.659355
SCALE 1.000000, 1.000000, 1.000000
X 0.951949, 0.306221, 0.004589
Y -0.299464, 0.933872, -0.195461
Z -0.064140, 0.184694, 0.980701

PART 64
OFFSET 12.400593, -9.999768, 47.861785
SCALE 1.000000, 1.000000, 1.000000
X 0.663783, 0.679410, -0.312721
Y -0.525778, 0.721249, 0.450951
Z 0.531931, -0.134912, 0.835972

PART 65
OFFSET 12.686169, -9.878712, 48.444155
SCALE 1.000000, 1.000000, 1.000000
X 0.582392, 0.784879, -0.211623
Y -0.740408, 0.619629, 0.260492
Z 0.335582, 0.004979, 0.941998

PART 66
OFFSET -0.106364, -0.000001, 59.999999
SCALE 1.000000, 1.000000, 1.000000
X 1.000000, 0.000000, 0.000000
Y 0.000000, 1.000000, 0.000000
Z 0.000000, 0.000000, 1.000000

PART 67
OFFSET -0.106364, -0.000001, 59.999999
SCALE 1.000000, 1.000000, 1.000000
X 1.000000, 0.000001, 0.000916
Y 0.000001, 0.999996, -0.002930
Z -0.000916, 0.002930, 0.999995

PART 68
OFFSET -4.736991, -0.004041, 58.618991
SCALE 1.000000, 1.000000, 1.000000
X 1.000000, 0.000001, 0.000916
Y 0.000001, 0.999996, -0.002930
Z -0.000916, 0.002930, 0.999995

PART 69
OFFSET 1.430400, 0.012118, 64.137212
SCALE 1.000000, 1.000000, 1.000000
X 1.000000, 0.000001, 0.000916
Y 0.000001, 0.999996, -0.002930
Z -0.000916, 0.002930, 0.999995

PART 70
OFFSET 1.430400, 0.012118, 64.137212
SCALE 1.000000, 1.000000, 1.000000
X 1.000000, 0.000001, 0.000916
Y 0.000001, 0.999996, -0.002930
Z -0.000916, 0.002930, 0.999995

FRAME 1
PART 0
OFFSET -1.009764, -0.000001, 52.513799
SCALE 1.000000, 1.000000, 1.000000
X 1.000000, 0.000000, 0.000000
Y 0.000000, 1.000000, 0.000000
Z 0.000000, 0.000000, 1.000000

PART 1
OFFSET -0.836442, 7.322644, 55.554967
SCALE 1.000000, 1.000000, 1.000000
X 0.516765, 0.450297, -0.728139
Y -0.848001, 0.386126, -0.363044
Z 0.117675, 0.805071, 0.581389

PART 2
OFFSET -1.373471, -7.375865, 55.989894
SCALE 1.000000, 1.000000, 1.000000
X -0.021460, 0.560942, 0.827577
Y 0.997240, 0.070857, -0.022169
Z -0.071075, 0.824817, -0.560915

PART 3
OFFSET -20.378664, -28.922409, 52.331061
SCALE 1.000000, 1.000000, 1.000000
X 0.979388, -0.192097, -0.062435
Y 0.189003, 0.980587, -0.052229
Z 0.071255, 0.039352, 0.996682

PART 4
OFFSET -20.374863, -28.926301, 52.322299
SCALE 1.000000, 1.000000, 1.000000
X 0.979396, -0.192095, -0.062319
Y 0.189016, 0.980592, -0.052077
Z 0.071113, 0.039225, 0.996697

PART 5
OFFSET 5.248676, 11.695783, 48.267320
SCALE 1.000000, 1.000000, 1.000000
X 0.889806, -0.345396, 0.298241
Y 0.440905, 0.482164, -0.757047
Z 0.117680, 0.805121, 0.581319

PART 6
OFFSET -0.330413, -13.083636, 47.465610
SCALE 1.000000, 1.000000, 1.000000
X -0.991874, -0.117849, -0.047931
Y -0.105632, 0.552886, 0.826534
Z -0.070906, 0.824881, -0.560842

PART 7
OFFSET 11.252912, -10.690506, 44.672202
SCALE 1.000000, 1.000000, 1.000000
X 0.956974, 0.108604, -0.269085
Y -0.094351, 0.993389, 0.065386
Z 0.274407, -0.037184, 0.960894

PART 8
OFFSET 5.248676, 11.695783, 48.267320
SCALE 1.000000, 1.000000, 1.000000
X 0.889806, -0.345396, 0.298241
Y 0.440905, 0.482164, -0.757047
Z 0.117680, 0.805121, 0.581319

PART 9
OFFSET 14.353320, 8.292178, 51.276187
SCALE 1.000000, 1.000000, 1.000000
X 0.747059, -0.199327, 0.634170
Y 0.658370, 0.089923, -0.747304
Z 0.091931, 0.975798, 0.198409

PART 10
OFFSET 11.792678, 9.155357, 50.460065
SCALE 1.000000, 1.000000, 1.000000
X 0.889806, -0.345396, 0.298241
Y 0.395808, 0.258878, -0.881089
Z 0.227116, 0.902044, 0.367062

PART 11
OFFSET 10.702012, 9.578761, 50.094610
SCALE 1.000000, 1.000000, 1.000000
X 0.889806, -0.345396, 0.298241
Y 0.405693, 0.299488, -0.863551
Z 0.208947, 0.889387, 0.406611

PART 12
OFFSET 9.611343, 10.002165, 49.729151
SCALE 1.000000, 1.000000, 1.000000
X 0.889806, -0.345396, 0.298241
Y 0.414747, 0.339491, -0.844234
Z 0.190345, 0.874898, 0.445333

PART 13
OFFSET 8.520675, 10.425572, 49.363695
SCALE 1.000000, 1.000000, 1.000000
X 0.889806, -0.345396, 0.298241
Y 0.422450, 0.376307, -0.824578
Z 0.172576, 0.859706, 0.480752

PART 14
OFFSET 7.430008, 10.848973, 48.998237
SCALE 1.000000, 1.000000, 1.000000
X 0.889806, -0.345396, 0.298241
Y 0.429366, 0.412305, -0.803523
Z 0.154567, 0.843034, 0.515172

PART 15
OFFSET 6.339342, 11.272379, 48.632781
SCALE 1.000000, 1.000000, 1.000000
X 0.889806, -0.345396, 0.298241
Y 0.435529, 0.447651, -0.780976
Z 0.136238, 0.824809, 0.548752

PART 16
OFFSET 12.883344, 8.731953, 50.825520
SCALE 1.000000, 1.000000, 1.000000
X 0.889806, -0.345396, 0.298241
Y 0.385832, 0.220433, -0.895848
Z 0.243680, 0.912201, 0.329408

PART 17
OFFSET -0.330413, -13.083636, 47.465610
SCALE 1.000000, 1.000000, 1.000000
X -0.991874, -0.117849, -0.047931
Y -0.105632, 0.552886, 0.826534
Z -0.070906, 0.824881, -0.560842

PART 18
OFFSET 10.132956, -11.946485, 47.947358
SCALE 1.000000, 1.000000, 1.000000
X -0.976231, -0.083794, -0.199879
Y -0.210585, 0.148638, 0.966209
Z -0.051253, 0.985335, -0.162750

PART 19
OFFSET 6.961850, -12.217757, 47.817914
SCALE 1.000000, 1.000000, 1.000000
X -0.991874, -0.117849, -0.047931
Y -0.073845, 0.226513, 0.971205
Z -0.103599, 0.966852, -0.233375

PART 20
OFFSET 5.746474, -12.362072, 47.759199
SCALE 1.000000, 1.000000, 1.000000
X -0.991874, -0.117849, -0.047931
Y -0.080201, 0.286745, 0.954644
Z -0.098760, 0.950731, -0.293867

PART 21
OFFSET 4.531095, -12.506383, 47.700481
SCALE 1.000000, 1.000000, 1.000000
X -0.991874, -0.117849, -0.047931
Y -0.086242, 0.345860, 0.934314
Z -0.093531, 0.930856, -0.353214

PART 22
OFFSET 3.315716, -12.650697, 47.641765
SCALE 1.000000, 1.000000, 1.000000
X -0.991874, -0.117849, -0.047931
Y -0.091590, 0.399965, 0.911943
Z -0.088301, 0.908922, -0.407509

PART 23
OFFSET 2.100340, -12.795008, 47.583047
SCALE 1.000000, 1.000000, 1.000000
X -0.991874, -0.117849, -0.047931
Y -0.096602, 0.452484, 0.886525
Z -0.082788, 0.883951, -0.460192

PART 24
OFFSET 0.884964, -12.939323, 47.524331
SCALE 1.000000, 1.000000, 1.000000
X -0.991874, -0.117849, -0.047931
Y -0.101293, 0.503573, 0.857994
Z -0.076977, 0.855877, -0.511418

PART 25
OFFSET 8.177226, -12.073443, 47.876630
SCALE 1.000000, 1.000000, 1.000000
X -0.991874, -0.117849, -0.047931
Y -0.067639, 0.169395, 0.983224
Z -0.107753, 0.978477, -0.175990

PART 26
OFFSET 11.252912, -10.690506, 44.672202
SCALE 1.000000, 1.000000, 1.000000
X -0.274407, 0.037184, -0.960894
Y -0.094351, 0.993389, 0.065386
Z 0.956974, 0.108604, -0.269085

PART 27
OFFSET 16.232252, 7.582617, 54.284781
SCALE 1.000000, 1.000000, 1.000000
X 0.747059, -0.199327, 0.634170
Y 0.658370, 0.089923, -0.747304
Z 0.091931, 0.975798, 0.198409

PART 28
OFFSET 17.082563, 7.741921, 53.495024
SCALE 1.000000, 1.000000, 1.000000
X -0.079189, -0.991629, -0.101982
Y -0.873664, 0.118303, -0.471927
Z 0.480041, 0.051726, -0.875720

PART 29
OFFSET 15.624261, 8.014008, 50.696190
SCALE 1.000000, 1.000000, 1.000000
X 0.824608, -0.418634, 0.380484
Y -0.366507, -0.907689, -0.204384
Z 0.430923, 0.029087, -0.901920

PART 30
OFFSET 15.694018, 8.257318, 51.421198
SCALE 1.000000, 1.000000, 1.000000
X 0.819570, -0.312897, 0.480000
Y -0.269301, -0.949786, -0.159322
Z 0.505748, 0.001311, -0.862680

PART 31
OFFSET 13.995903, 7.951899, 52.826448
SCALE 1.000000, 1.000000, 1.000000
X 0.512508, -0.704329, 0.491180
Y 0.655592, -0.048466, -0.753558
Z 0.554558, 0.708218, 0.436913

PART 32
OFFSET 13.280243, -11.573784, 49.688680
SCALE 1.000000, 1.000000, 1.000000
X -0.976231, -0.083794, -0.199879
Y -0.210585, 0.148638, 0.966209
Z -0.051253, 0.985335, -0.162750

PART 33
OFFSET 13.279626, -11.874082, 48.561015
SCALE 1.000000, 1.000000, 1.000000
X -0.133296, -0.986492, 0.095216
Y 0.959268, -0.152566, -0.237758
Z 0.249073, 0.059645, 0.966646

PART 34
OFFSET 10.913864, -11.716683, 46.935001
SCALE 1.000000, 1.000000, 1.000000
X 0.940151, 0.326149, -0.098708
Y -0.141777, 0.110984, -0.983657
Z -0.309864, 0.938781, 0.150583

PART 35
OFFSET 11.320378, -11.967164, 47.564464
SCALE 1.000000, 1.000000, 1.000000
X 0.982886, 0.184085, -0.006886
Y -0.021124, 0.075499, -0.996922
Z -0.182998, 0.980007, 0.078095

PART 36
OFFSET 10.275256, -11.537253, 48.830023
SCALE 1.000000, 1.000000, 1.000000
X -0.738659, -0.507897, -0.443197
Y -0.673468, 0.528054, 0.517300
Z -0.028703, 0.680587, -0.732104

PART 37
OFFSET 15.541871, -11.446214, 59.635322
SCALE 1.000000, 1.000000, 1.000000
X 0.274407, -0.037184, 0.960894
Y -0.094351, 0.993389, 0.065386
Z -0.956974, -0.108604, 0.269085

PART 38
OFFSET 16.480349, 7.698799, 54.255558
SCALE 1.000000, 1.000000, 1.000000
X -0.048084, -0.994542, -0.092592
Y -0.646989, 0.101636, -0.755695
Z 0.760982, 0.023569, -0.648345

PART 39
OFFSET 16.232252, 7.582617, 54.284781
SCALE 1.000000, 1.000000, 1.000000
X 0.747059, -0.199327, 0.634170
Y 0.658370, 0.089923, -0.747304
Z 0.091931, 0.975798, 0.198409

PART 40
OFFSET 16.920764, 5.715824, 53.286667
SCALE 1.000000, 1.000000, 1.000000
X -0.789457, 0.460665, -0.405642
Y 0.382424, 0.886067, 0.261987
Z 0.480114, 0.051701, -0.875681

PART 41
OFFSET 17.664229, 7.120808, 51.706708
SCALE 1.000000, 1.000000, 1.000000
X -0.455775, -0.888147, 0.058854
Y -0.889828, 0.453021, -0.054578
Z 0.021811, -0.077246, -0.996773

PART 42
OFFSET 17.503571, 7.438928, 52.587026
SCALE 1.000000, 1.000000, 1.000000
X -0.208615, -0.977622, -0.027092
Y -0.940858, 0.208177, -0.267297
Z 0.266955, -0.030272, -0.963233

PART 43
OFFSET 14.812832, 6.539286, 53.784308
SCALE 1.000000, 1.000000, 1.000000
X 0.760407, -0.645361, -0.072731
Y 0.347043, 0.498440, -0.794430
Z 0.548946, 0.578850, 0.602986

PART 44
OFFSET 13.114912, -11.789087, 49.512057
SCALE 1.000000, 1.000000, 1.000000
X -0.502944, -0.859203, 0.093906
Y 0.861183, -0.488904, 0.139057
Z -0.073567, 0.150808, 0.985822

PART 45
OFFSET 13.280243, -11.573784, 49.688680
SCALE 1.000000, 1.000000, 1.000000
X -0.976231, -0.083794, -0.199879
Y -0.210585, 0.148638, 0.966209
Z -0.051253, 0.985335, -0.162750

PART 46
OFFSET 13.552053, -9.858437, 48.366453
SCALE 1.000000, 1.000000, 1.000000
X 0.968495, -0.015318, -0.248562
Y -0.000030, 0.998099, -0.061626
Z 0.249034, 0.059692, 0.966654

PART 47
OFFSET 12.832172, -11.149690, 46.565443
SCALE 1.000000, 1.000000, 1.000000
X 0.294043, -0.889691, -0.349270
Y 0.795794, 0.430288, -0.426104
Z 0.529387, -0.152654, 0.834533

PART 48
OFFSET 13.251600, -11.551568, 47.558488
SCALE 1.000000, 1.000000, 1.000000
X 0.094057, -0.994104, -0.053946
Y 0.939340, 0.106567, -0.326012
Z 0.329839, -0.020009, 0.943825

PART 49
OFFSET 11.802864, -10.322189, 49.834187
SCALE 1.000000, 1.000000, 1.000000
X -0.927163, -0.315311, -0.202354
Y -0.372643, 0.720171, 0.585227
Z -0.038799, 0.618007, -0.785215

PART 50
OFFSET 16.394642, 5.926698, 54.090590
SCALE 1.000000, 1.000000, 1.000000
X -0.612410, 0.356247, -0.705721
Y 0.214346, 0.934094, 0.285524
Z 0.760927, 0.023589, -0.648409

PART 51
OFFSET 15.995248, 6.255904, 52.811128
SCALE 1.000000, 1.000000, 1.000000
X 0.149900, 0.978743, 0.139972
Y 0.864304, -0.198467, 0.462158
Z 0.480114, 0.051701, -0.875681

PART 52
OFFSET 17.068925, 5.960753, 51.783563
SCALE 1.000000, 1.000000, 1.000000
X -0.771163, 0.633223, -0.065861
Y 0.636267, 0.770110, -0.045767
Z 0.021739, -0.077199, -0.996779

PART 53
OFFSET 17.161675, 5.836620, 52.542622
SCALE 1.000000, 1.000000, 1.000000
X -0.762722, 0.604308, -0.230362
Y 0.589099, 0.796172, 0.138103
Z 0.266864, -0.030372, -0.963255

PART 54
OFFSET 15.672208, 5.798167, 53.689713
SCALE 1.000000, 1.000000, 1.000000
X 0.721510, -0.226672, -0.654251
Y -0.086095, 0.908194, -0.409598
Z 0.687031, 0.351856, 0.635756

PART 55
OFFSET 14.011080, -10.258174, 49.344668
SCALE 1.000000, 1.000000, 1.000000
X 0.915326, -0.382251, 0.126735
Y 0.395948, 0.911666, -0.109958
Z -0.073509, 0.150828, 0.985823

PART 56
OFFSET 12.416593, -9.840504, 48.657888
SCALE 1.000000, 1.000000, 1.000000
X 0.598830, 0.774950, -0.202127
Y -0.761173, 0.629198, 0.157243
Z 0.249034, 0.059692, 0.966654

PART 57
OFFSET 12.448103, -9.987599, 47.021615
SCALE 1.000000, 1.000000, 1.000000
X 0.847870, 0.130146, -0.513982
Y -0.030169, 0.979677, 0.198299
Z 0.529344, -0.152625, 0.834566

PART 58
OFFSET 13.097450, -9.922341, 47.646898
SCALE 1.000000, 1.000000, 1.000000
X 0.943065, 0.053014, -0.328358
Y -0.043465, 0.998393, 0.036358
Z 0.329758, -0.020016, 0.943853

PART 59
OFFSET 12.606208, -9.989434, 50.067350
SCALE 1.000000, 1.000000, 1.000000
X -0.963396, 0.107917, 0.245400
Y 0.238628, 0.762354, 0.601559
Z -0.122163, 0.638100, -0.760201

PART 60
OFFSET 15.813451, 6.264774, 53.420831
SCALE 1.000000, 1.000000, 1.000000
X 0.124952, 0.975317, 0.182055
Y 0.636734, -0.219549, 0.739167
Z 0.760893, 0.023560, -0.648450

PART 61
OFFSET 16.484233, 6.440840, 51.733624
SCALE 1.000000, 1.000000, 1.000000
X 0.647679, 0.760596, -0.044781
Y 0.761603, -0.644619, 0.066535
Z 0.021739, -0.077199, -0.996779

PART 62
OFFSET 16.342830, 6.485412, 52.295305
SCALE 1.000000, 1.000000, 1.000000
X 0.273549, 0.960783, 0.045455
Y 0.924113, -0.275630, 0.264659
Z 0.266809, -0.030391, -0.963270

PART 63
OFFSET 13.142398, -9.895458, 49.224406
SCALE 1.000000, 1.000000, 1.000000
X 0.945958, 0.323606, 0.021026
Y -0.315847, 0.934093, -0.166465
Z -0.073509, 0.150828, 0.985823

PART 64
OFFSET 11.805205, -10.086253, 47.411434
SCALE 1.000000, 1.000000, 1.000000
X 0.652716, 0.701676, -0.285679
Y -0.541993, 0.695957, 0.471049
Z 0.529344, -0.152625, 0.834566

PART 65
OFFSET 12.084938, -9.979279, 47.999369
SCALE 1.000000, 1.000000, 1.000000
X 0.568744, 0.802196, -0.181692
Y -0.753519, 0.596725, 0.275915
Z 0.329758, -0.020016, 0.943853

PART 66
OFFSET -0.106364, -0.000001, 59.999999
SCALE 1.000000, 1.000000, 1.000000
X 1.000000, 0.000000, 0.000000
Y 0.000000, 1.000000, 0.000000
Z 0.000000, 0.000000, 1.000000

PART 67
OFFSET -0.106364, -0.000001, 59.999999
SCALE 1.000000, 1.000000, 1.000000
X 1.000000, 0.000440, 0.000793
Y -0.000439, 0.999997, -0.002344
Z -0.000794, 0.002344, 0.999997

PART 68
OFFSET -4.737159, -0.005268, 58.619557
SCALE 1.000000, 1.000000, 1.000000
X 1.000000, 0.000440, 0.000793
Y -0.000439, 0.999997, -0.002344
Z -0.000794, 0.002344, 0.999997

PART 69
OFFSET 1.430903, 0.010370, 64.137030
SCALE 1.000000, 1.000000, 1.000000
X 1.000000, 0.000440, 0.000793
Y -0.000439, 0.999997, -0.002344
Z -0.000794, 0.002344, 0.999997

PART 70
OFFSET 1.430903, 0.010370, 64.137030
SCALE 1.000000, 1.000000, 1.000000
X 1.000000, 0.000440, 0.000793
Y -0.000439, 0.999997, -0.002344
Z -0.000794, 0.002344, 0.999997

FRAME 2
PART 0
OFFSET -1.009764, -0.000001, 52.513799
SCALE 1.000000, 1.000000, 1.000000
X 1.000000, 0.000000, 0.000000
Y 0.000000, 1.000000, 0.000000
Z 0.000000, 0.000000, 1.000000

PART 1
OFFSET -0.761560, 7.245845, 55.495335
SCALE 1.000000, 1.000000, 1.000000
X 0.448658, 0.467592, -0.761619
Y -0.882656, 0.365419, -0.295613
Z 0.140084, 0.804877, 0.576671

PART 2
OFFSET -1.766727, -7.352048, 55.957104
SCALE 1.000000, 1.000000, 1.000000
X -0.020367, 0.543441, 0.839200
Y 0.997909, 0.062550, -0.016286
Z -0.061343, 0.837113, -0.543579

PART 3
OFFSET -20.355882, -28.918519, 52.331550
SCALE 1.000000, 1.000000, 1.000000
X 0.979403, -0.192015, -0.062446
Y 0.188927, 0.980607, -0.052128
Z 0.071244, 0.039257, 0.996686

PART 4
OFFSET -20.374863, -28.926301, 52.322299
SCALE 1.000000, 1.000000, 1.000000
X 0.979396, -0.192095, -0.062319
Y 0.189016, 0.980592, -0.052077
Z 0.071113, 0.039225, 0.996697

PART 5
OFFSET 4.500541, 11.696177, 48.005228
SCALE 1.000000, 1.000000, 1.000000
X 0.747194, -0.468077, 0.471810
Y 0.649684, 0.364838, -0.666936
Z 0.140043, 0.804858, 0.576707

PART 6
OFFSET -0.731158, -12.907407, 47.285936
SCALE 1.000000, 1.000000, 1.000000
X -0.996410, -0.083173, -0.015793
Y -0.058432, 0.540663, 0.839208
Z -0.061261, 0.837118, -0.543582

PART 7
OFFSET 10.829554, -10.573047, 44.255222
SCALE 1.000000, 1.000000, 1.000000
X 0.949381, 0.167658, -0.265643
Y -0.135193, 0.981408, 0.136238
Z 0.283546, -0.093429, 0.954397

PART 8
OFFSET 4.500541, 11.696177, 48.005228
SCALE 1.000000, 1.000000, 1.000000
X 0.747194, -0.468077, 0.471810
Y 0.649684, 0.364838, -0.666936
Z 0.140043, 0.804858, 0.576707

PART 9
OFFSET 12.155827, 7.043323, 52.811570
SCALE 1.000000, 1.000000, 1.000000
X 0.587576, -0.317635, 0.744219
Y 0.808128, 0.183714, -0.559624
Z 0.041032, 0.930246, 0.364636

PART 10
OFFSET 9.995798, 8.253471, 51.474490
SCALE 1.000000, 1.000000, 1.000000
X 0.747194, -0.468077, 0.471810
Y 0.641017, 0.320108, -0.697588
Z 0.175495, 0.823672, 0.539228

PART 11
OFFSET 9.079922, 8.827255, 50.896283
SCALE 1.000000, 1.000000, 1.000000
X 0.747194, -0.468077, 0.471810
Y 0.642667, 0.327976, -0.692395
Z 0.169352, 0.820570, 0.545880

PART 12
OFFSET 8.164045, 9.401039, 50.318071
SCALE 1.000000, 1.000000, 1.000000
X 0.747194, -0.468077, 0.471810
Y 0.644259, 0.335816, -0.687137
Z 0.163192, 0.817393, 0.552483

PART 13
OFFSET 7.248167, 9.974826, 49.739861
SCALE 1.000000, 1.000000, 1.000000
X 0.747194, -0.468077, 0.471810
Y 0.645696, 0.343128, -0.682159
Z 0.157412, 0.814351, 0.558618

PART 14
OFFSET 6.332291, 10.548607, 49.161650
SCALE 1.000000, 1.000000, 1.000000
X 0.747194, -0.468077, 0.471810
Y 0.647075, 0.350383, -0.677145
Z 0.151642, 0.811255, 0.564685

PART 15
OFFSET 5.416416, 11.122393, 48.583441
SCALE 1.000000, 1.000000, 1.000000
X 0.747194, -0.468077, 0.471810
Y 0.648406, 0.357628, -0.672065
Z 0.145846, 0.808088, 0.570722

PART 16
OFFSET 10.911674, 7.679686, 52.052699
SCALE 1.000000, 1.000000, 1.000000
X 0.747194, -0.468077, 0.471810
Y 0.639421, 0.312725, -0.702384
Z 0.181223, 0.826503, 0.532965

PART 17
OFFSET -0.731158, -12.907407, 47.285936
SCALE 1.000000, 1.000000, 1.000000
X -0.996410, -0.083173, -0.015793
Y -0.058432, 0.540663, 0.839208
Z -0.061261, 0.837118, -0.543582

PART 18
OFFSET 9.781084, -12.109689, 47.432889
SCALE 1.000000, 1.000000, 1.000000
X -0.973475, -0.110716, -0.200221
Y -0.208703, 0.071119, 0.975390
Z -0.093752, 0.991304, -0.092340

PART 19
OFFSET 6.594431, -12.296463, 47.401958
SCALE 1.000000, 1.000000, 1.000000
X -0.996410, -0.083173, -0.015793
Y -0.029151, 0.161926, 0.986372
Z -0.079482, 0.983291, -0.163769

PART 20
OFFSET 5.373501, -12.398289, 47.382623
SCALE 1.000000, 1.000000, 1.000000
X -0.996410, -0.083173, -0.015793
Y -0.034754, 0.231752, 0.972154
Z -0.077197, 0.969213, -0.233811

PART 21
OFFSET 4.152568, -12.500110, 47.363285
SCALE 1.000000, 1.000000, 1.000000
X -0.996410, -0.083173, -0.015793
Y -0.040181, 0.300411, 0.952963
Z -0.074517, 0.950177, -0.302674

PART 22
OFFSET 2.931634, -12.601935, 47.343949
SCALE 1.000000, 1.000000, 1.000000
X -0.996410, -0.083173, -0.015793
Y -0.045075, 0.363295, 0.930583
Z -0.071662, 0.927954, -0.365740

PART 23
OFFSET 1.710704, -12.703757, 47.324612
SCALE 1.000000, 1.000000, 1.000000
X -0.996410, -0.083173, -0.015793
Y -0.049750, 0.424317, 0.904146
Z -0.068499, 0.901686, -0.426931

PART 24
OFFSET 0.489774, -12.805583, 47.305276
SCALE 1.000000, 1.000000, 1.000000
X -0.996410, -0.083173, -0.015793
Y -0.054214, 0.483593, 0.873613
Z -0.065024, 0.871332, -0.486366

PART 25
OFFSET 7.815361, -12.194638, 47.421293
SCALE 1.000000, 1.000000, 1.000000
X -0.996410, -0.083173, -0.015793
Y -0.023777, 0.095896, 0.995107
Z -0.081252, 0.991910, -0.097529

PART 26
OFFSET 10.829554, -10.573047, 44.255222
SCALE 1.000000, 1.000000, 1.000000
X -0.283546, 0.093429, -0.954397
Y -0.135193, 0.981408, 0.136238
Z 0.949381, 0.167658, -0.265643

PART 27
OFFSET 13.319114, 5.820882, 56.011241
SCALE 1.000000, 1.000000, 1.000000
X 0.587576, -0.317635, 0.744219
Y 0.808128, 0.183714, -0.559624
Z 0.041032, 0.930246, 0.364636

PART 28
OFFSET 14.323509, 6.073743, 55.464089
SCALE 1.000000, 1.000000, 1.000000
X -0.050059, -0.961138, -0.271494
Y -0.746835, 0.216509, -0.628777
Z 0.663122, 0.171285, -0.728650

PART 29
OFFSET 13.525362, 6.818850, 52.490551
SCALE 1.000000, 1.000000, 1.000000
X 0.720746, -0.497498, 0.482722
Y -0.307648, -0.853600, -0.420381
Z 0.621190, 0.154479, -0.768283

PART 30
OFFSET 13.430498, 6.945220, 53.242040
SCALE 1.000000, 1.000000, 1.000000
X 0.693163, -0.408262, 0.594010
Y -0.222765, -0.905116, -0.362135
Z 0.685494, 0.118694, -0.718338

PART 31
OFFSET 11.462982, 6.479310, 54.171240
SCALE 1.000000, 1.000000, 1.000000
X 0.393078, -0.787085, 0.475381
Y 0.807426, 0.048095, -0.588005
Z 0.439946, 0.614967, 0.654418

PART 32
OFFSET 12.924174, -11.727862, 49.179807
SCALE 1.000000, 1.000000, 1.000000
X -0.973475, -0.110716, -0.200221
Y -0.208703, 0.071119, 0.975390
Z -0.093752, 0.991304, -0.092340

PART 33
OFFSET 12.926889, -11.947681, 48.033736
SCALE 1.000000, 1.000000, 1.000000
X -0.091134, -0.995503, 0.025855
Y 0.962832, -0.094713, -0.252951
Z 0.254262, 0.001841, 0.967134

PART 34
OFFSET 10.543386, -11.776272, 46.435281
SCALE 1.000000, 1.000000, 1.000000
X 0.924847, 0.371772, -0.080273
Y -0.154341, 0.173949, -0.972585
Z -0.347617, 0.911881, 0.218255

PART 35
OFFSET 10.965159, -12.053079, 47.043313
SCALE 1.000000, 1.000000, 1.000000
X 0.974237, 0.225524, 0.001041
Y -0.032421, 0.144622, -0.988956
Z -0.223183, 0.963444, 0.148208

PART 36
OFFSET 9.913361, -11.758041, 48.341550
SCALE 1.000000, 1.000000, 1.000000
X -0.720371, -0.506183, -0.474178
Y -0.690710, 0.461315, 0.556874
Z -0.063135, 0.728675, -0.681943

PART 37
OFFSET 15.268180, -12.203326, 59.104532
SCALE 1.000000, 1.000000, 1.000000
X 0.283546, -0.093429, 0.954397
Y -0.135193, 0.981408, 0.136238
Z -0.949381, -0.167658, 0.265643

PART 38
OFFSET 13.566961, 5.932478, 56.056215
SCALE 1.000000, 1.000000, 1.000000
X -0.021822, -0.966421, -0.256037
Y -0.462481, 0.236808, -0.854420
Z 0.886361, 0.099768, -0.452118

PART 39
OFFSET 13.319114, 5.820882, 56.011241
SCALE 1.000000, 1.000000, 1.000000
X 0.587576, -0.317635, 0.744219
Y 0.808128, 0.183714, -0.559624
Z 0.041032, 0.930246, 0.364636

PART 40
OFFSET 14.221225, 4.109945, 54.909385
SCALE 1.000000, 1.000000, 1.000000
X -0.681054, 0.541801, -0.492562
Y 0.310405, 0.822876, 0.475946
Z 0.663185, 0.171251, -0.728600

PART 41
OFFSET 15.292308, 5.718104, 53.773782
SCALE 1.000000, 1.000000, 1.000000
X -0.453493, -0.872129, -0.183672
Y -0.857200, 0.483227, -0.178046
Z 0.244035, 0.076701, -0.966729

PART 42
OFFSET 14.937855, 5.901514, 54.635579
SCALE 1.000000, 1.000000, 1.000000
X -0.192994, -0.954860, -0.225821
Y -0.858394, 0.275793, -0.432548
Z 0.475302, 0.110364, -0.872873

PART 43
OFFSET 12.051786, 4.911423, 55.051800
SCALE 1.000000, 1.000000, 1.000000
X 0.760302, -0.649561, -0.003325
Y 0.513369, 0.604011, -0.609608
Z 0.397987, 0.461779, 0.792696

PART 44
OFFSET 12.766552, -11.936980, 48.989253
SCALE 1.000000, 1.000000, 1.000000
X -0.465780, -0.884189, 0.035482
Y 0.881988, -0.460623, 0.099621
Z -0.071740, 0.077696, 0.994393

PART 45
OFFSET 12.924174, -11.727862, 49.179807
SCALE 1.000000, 1.000000, 1.000000
X -0.973475, -0.110716, -0.200221
Y -0.208703, 0.071119, 0.975390
Z -0.093752, 0.991304, -0.092340

PART 46
OFFSET 13.113168, -9.913620, 47.980896
SCALE 1.000000, 1.000000, 1.000000
X 0.966221, 0.043223, -0.254063
Y -0.042282, 0.999064, 0.009166
Z 0.254222, 0.001885, 0.967144

PART 47
OFFSET 12.433211, -11.104003, 46.096791
SCALE 1.000000, 1.000000, 1.000000
X 0.328130, -0.849621, -0.412885
Y 0.773586, 0.492530, -0.398722
Z 0.542121, -0.188570, 0.818869

PART 48
OFFSET 12.877194, -11.556778, 47.056707
SCALE 1.000000, 1.000000, 1.000000
X 0.135111, -0.982958, -0.124654
Y 0.931361, 0.168921, -0.322540
Z 0.338100, -0.072519, 0.938312

PART 49
OFFSET 11.396977, -10.553254, 49.421218
SCALE 1.000000, 1.000000, 1.000000
X -0.914789, -0.339199, -0.219330
Y -0.397637, 0.660718, 0.636660
Z -0.071039, 0.669623, -0.739296

PART 50
OFFSET 13.528047, 4.210483, 55.600009
SCALE 1.000000, 1.000000, 1.000000
X -0.441049, 0.479483, -0.758665
Y 0.141103, 0.871858, 0.468992
Z 0.886322, 0.099799, -0.452188

PART 51
OFFSET 13.422791, 4.745142, 54.331949
SCALE 1.000000, 1.000000, 1.000000
X 0.110566, 0.940376, 0.321666
Y 0.740244, -0.293882, 0.604709
Z 0.663185, 0.171251, -0.728600

PART 52
OFFSET 14.699989, 4.578974, 53.533863
SCALE 1.000000, 1.000000, 1.000000
X -0.739805, 0.659270, -0.134356
Y 0.627032, 0.747979, 0.217619
Z 0.243965, 0.076750, -0.966742

PART 53
OFFSET 14.621561, 4.336513, 54.265467
SCALE 1.000000, 1.000000, 1.000000
X -0.694741, 0.655813, -0.295370
Y 0.539908, 0.746826, 0.388265
Z 0.475219, 0.110272, -0.872930

PART 54
OFFSET 12.913862, 4.167615, 55.034260
SCALE 1.000000, 1.000000, 1.000000
X 0.850306, -0.145235, -0.505852
Y 0.003474, 0.962697, -0.270559
Z 0.526277, 0.228301, 0.819092

PART 55
OFFSET 13.596503, -10.361541, 48.925964
SCALE 1.000000, 1.000000, 1.000000
X 0.931520, -0.351172, 0.094597
Y 0.356556, 0.933080, -0.047223
Z -0.071683, 0.077718, 0.994395

PART 56
OFFSET 11.980374, -9.964322, 48.278779
SCALE 1.000000, 1.000000, 1.000000
X 0.564218, 0.811905, -0.149892
Y -0.785512, 0.583786, 0.205340
Z 0.254222, 0.001885, 0.967144

PART 57
OFFSET 12.004617, -9.994246, 46.636056
SCALE 1.000000, 1.000000, 1.000000
X 0.837450, 0.201801, -0.507891
Y -0.069495, 0.961107, 0.267289
Z 0.542077, -0.188545, 0.818904

PART 58
OFFSET 12.655762, -9.945817, 47.260999
SCALE 1.000000, 1.000000, 1.000000
X 0.937303, 0.115872, -0.328689
Y -0.084887, 0.990612, 0.107151
Z 0.338020, -0.072531, 0.938340

PART 59
OFFSET 12.187581, -10.204079, 49.673160
SCALE 1.000000, 1.000000, 1.000000
X -0.965027, 0.049501, 0.257436
Y 0.211448, 0.727464, 0.652753
Z -0.154963, 0.684358, -0.712489

PART 60
OFFSET 13.109484, 4.665517, 54.880004
SCALE 1.000000, 1.000000, 1.000000
X 0.076871, 0.931274, 0.356118
Y 0.456692, -0.350391, 0.817715
Z 0.886297, 0.099778, -0.452240

PART 61
OFFSET 14.139073, 5.078810, 53.431988
SCALE 1.000000, 1.000000, 1.000000
X 0.637978, 0.738080, 0.219595
Y 0.730387, -0.670334, 0.131101
Z 0.243965, 0.076750, -0.966742

PART 62
OFFSET 13.875699, 5.040601, 53.948362
SCALE 1.000000, 1.000000, 1.000000
X 0.252267, 0.933398, 0.255204
Y 0.842957, -0.341483, 0.415707
Z 0.475168, 0.110257, -0.872960

PART 63
OFFSET 12.712455, -10.028321, 48.836199
SCALE 1.000000, 1.000000, 1.000000
X 0.931735, 0.361043, 0.038948
Y -0.355992, 0.929305, -0.098293
Z -0.071683, 0.077718, 0.994395

PART 64
OFFSET 11.369620, -10.147240, 47.021258
SCALE 1.000000, 1.000000, 1.000000
X 0.620436, 0.747049, -0.238699
Y -0.566755, 0.637471, 0.521938
Z 0.542077, -0.188545, 0.818904

PART 65
OFFSET 11.649437, -10.070238, 47.613826
SCALE 1.000000, 1.000000, 1.000000
X 0.533187, 0.836346, -0.127423
Y -0.775535, 0.543382, 0.321374
Z 0.338020, -0.072531, 0.938340

PART 66
OFFSET -0.106364, -0.000001, 59.999999
SCALE 1.000000, 1.000000, 1.000000
X 1.000000, 0.000000, 0.000000
Y 0.000000, 1.000000, 0.000000
Z 0.000000, 0.000000, 1.000000

PART 67
OFFSET -0.106364, -0.000001, 59.999999
SCALE 1.000000, 1.000000, 1.000000
X 0.999999, 0.000880, 0.000671
Y -0.000878, 0.999998, -0.001758
Z -0.000672, 0.001758, 0.999998

PART 68
OFFSET -4.737326, -0.006495, 58.620122
SCALE 1.000000, 1.000000, 1.000000
X 0.999999, 0.000880, 0.000671
Y -0.000878, 0.999998, -0.001758
Z -0.000672, 0.001758, 0.999998

PART 69
OFFSET 1.431406, 0.008623, 64.136847
SCALE 1.000000, 1.000000, 1.000000
