// Export filename: 'C:\Program Files (x86)\Steam\steamapps\common\Call of Duty Black Ops III\xanim_export\tbd\s2\melee_shovel\vm_melee_shovel_s2_first_raise.xanim_export'
// Source filename: 'C:\Users\Ash\Documents\WW2 Shovel\wpn_s2_melee_shovel_excel_rig.mb'
// Export time: Sun Nov 19 2017, 16:58:58

ANIMATION
VERSION 3

NUMPARTS 71
PART 0 "tag_torso"
PART 1 "j_shoulder_le"
PART 2 "j_shoulder_ri"
PART 3 "tag_weapon_left"
PART 4 "tag_weapon_right"
PART 5 "j_elbow_le"
PART 6 "j_elbow_ri"
PART 7 "tag_weapon"
PART 8 "j_elbow_bulge_le"
PART 9 "j_wrist_le"
PART 10 "j_wristtwist1_le"
PART 11 "j_wristtwist2_le"
PART 12 "j_wristtwist3_le"
PART 13 "j_wristtwist4_le"
PART 14 "j_wristtwist5_le"
PART 15 "j_wristtwist6_le"
PART 16 "j_wristtwist_le"
PART 17 "j_elbow_bulge_ri"
PART 18 "j_wrist_ri"
PART 19 "j_wristtwist1_ri"
PART 20 "j_wristtwist2_ri"
PART 21 "j_wristtwist3_ri"
PART 22 "j_wristtwist4_ri"
PART 23 "j_wristtwist5_ri"
PART 24 "j_wristtwist6_ri"
PART 25 "j_wristtwist_ri"
PART 26 "tag_knife"
PART 27 "j_indexbase_le"
PART 28 "j_mid_le_1"
PART 29 "j_pinkybase_le"
PART 30 "j_ringbase_le"
PART 31 "j_thumb_le_1"
PART 32 "j_indexbase_ri"
PART 33 "j_mid_ri_1"
PART 34 "j_pinkybase_ri"
PART 35 "j_ringbase_ri"
PART 36 "j_thumb_ri_1"
PART 37 "tag_fx"
PART 38 "j_index_le_1"
PART 39 "j_indexretract_le"
PART 40 "j_mid_le_2"
PART 41 "j_pinky_le_1"
PART 42 "j_ring_le_1"
PART 43 "j_thumb_le_2"
PART 44 "j_index_ri_1"
PART 45 "j_indexretract_ri"
PART 46 "j_mid_ri_2"
PART 47 "j_pinky_ri_1"
PART 48 "j_ring_ri_1"
PART 49 "j_thumb_ri_2"
PART 50 "j_index_le_2"
PART 51 "j_mid_le_3"
PART 52 "j_pinky_le_2"
PART 53 "j_ring_le_2"
PART 54 "j_thumb_le_3"
PART 55 "j_index_ri_2"
PART 56 "j_mid_ri_3"
PART 57 "j_pinky_ri_2"
PART 58 "j_ring_ri_2"
PART 59 "j_thumb_ri_3"
PART 60 "j_index_le_3"
PART 61 "j_pinky_le_3"
PART 62 "j_ring_le_3"
PART 63 "j_index_ri_3"
PART 64 "j_pinky_ri_3"
PART 65 "j_ring_ri_3"
PART 66 "tag_cambone"
PART 67 "tag_camera"
PART 68 "tag_fill_light"
PART 69 "tag_flashlight"
PART 70 "tag_gasmask"

FRAMERATE 30
NUMFRAMES 36

FRAME 0
PART 0
OFFSET -1.009664, -0.000001, 52.513799
SCALE 1.000000, 1.000000, 1.000000
X 1.000000, 0.000000, 0.000000
Y 0.000000, 1.000000, 0.000000
Z 0.000000, 0.000000, 1.000000

PART 1
OFFSET -0.394803, 8.592478, 56.336136
SCALE 1.000000, 1.000000, 1.000000
X 0.049499, 0.818159, -0.572857
Y -0.951214, 0.213501, 0.222731
Z 0.304535, 0.533884, 0.788813

PART 2
OFFSET -3.658084, -9.977198, 53.055666
SCALE 1.000000, 1.000000, 1.000000
X -0.305618, 0.360910, 0.881102
Y 0.891503, 0.433456, 0.131676
Z -0.334396, 0.825748, -0.454225

PART 3
OFFSET -20.372800, -28.926205, 52.324721
SCALE 1.000000, 1.000000, 1.000000
X 0.979407, -0.192049, -0.062282
Y 0.188967, 0.980598, -0.052149
Z 0.071089, 0.039305, 0.996695

PART 4
OFFSET -20.374763, -28.926301, 52.322299
SCALE 1.000000, 1.000000, 1.000000
X 0.979396, -0.192095, -0.062319
Y 0.189016, 0.980592, -0.052077
Z 0.071113, 0.039225, 0.996697

PART 5
OFFSET 0.885792, 17.079694, 50.097006
SCALE 1.000000, 1.000000, 1.000000
X 0.926657, 0.025587, -0.375036
Y -0.220409, 0.845172, -0.486934
Z 0.304511, 0.533882, 0.788824

PART 6
OFFSET 0.249197, -13.601528, 43.591213
SCALE 1.000000, 1.000000, 1.000000
X -0.898417, -0.133632, 0.418318
Y 0.284721, 0.547980, 0.786544
Z -0.334337, 0.825748, -0.454267

PART 7
OFFSET 9.674454, -13.849906, 37.243909
SCALE 1.000000, 1.000000, 1.000000
X -0.016833, -0.877970, -0.478421
Y -0.422505, 0.439915, -0.792442
Z 0.906204, 0.188796, -0.378351

PART 8
OFFSET 0.885792, 17.079694, 50.097006
SCALE 1.000000, 1.000000, 1.000000
X 0.926657, 0.025587, -0.375036
Y -0.220409, 0.845172, -0.486934
Z 0.304511, 0.533882, 0.788824

PART 9
OFFSET 10.347341, 17.364239, 46.395456
SCALE 1.000000, 1.000000, 1.000000
X 0.935393, 0.198157, -0.292872
Y -0.139850, 0.968015, 0.208299
Z 0.324780, -0.153883, 0.933187

PART 10
OFFSET 7.700459, 17.267883, 47.338246
SCALE 1.000000, 1.000000, 1.000000
X 0.926657, 0.025587, -0.375036
Y -0.008149, 0.998814, 0.048010
Z 0.375820, -0.041432, 0.925766

PART 11
OFFSET 6.564684, 17.236517, 47.798040
SCALE 1.000000, 1.000000, 1.000000
X 0.926657, 0.025587, -0.375036
Y -0.047645, 0.997629, -0.049659
Z 0.372876, 0.063886, 0.925679

PART 12
OFFSET 5.428904, 17.205152, 48.257833
SCALE 1.000000, 1.000000, 1.000000
X 0.926657, 0.025587, -0.375036
Y -0.086621, 0.985366, -0.146799
Z 0.365792, 0.168519, 0.915313

PART 13
OFFSET 4.293125, 17.173788, 48.717629
SCALE 1.000000, 1.000000, 1.000000
X 0.926657, 0.025587, -0.375036
Y -0.122242, 0.963967, -0.236273
Z 0.355477, 0.264790, 0.896394

PART 14
OFFSET 3.157348, 17.142421, 49.177421
SCALE 1.000000, 1.000000, 1.000000
X 0.926657, 0.025587, -0.375036
Y -0.156541, 0.933324, -0.323113
Z 0.341762, 0.358123, 0.868876

PART 15
OFFSET 2.021571, 17.111057, 49.637216
SCALE 1.000000, 1.000000, 1.000000
X 0.926657, 0.025587, -0.375036
Y -0.189407, 0.893561, -0.407030
Z 0.324703, 0.448212, 0.832871

PART 16
OFFSET 8.836235, 17.299247, 46.878451
SCALE 1.000000, 1.000000, 1.000000
X 0.926657, 0.025587, -0.375036
Y 0.028862, 0.989893, 0.138852
Z 0.374798, -0.139492, 0.916552

PART 17
OFFSET 0.249197, -13.601528, 43.591213
SCALE 1.000000, 1.000000, 1.000000
X -0.898417, -0.133632, 0.418318
Y 0.284721, 0.547980, 0.786544
Z -0.334337, 0.825748, -0.454267

PART 18
OFFSET 9.541442, -12.535784, 39.213325
SCALE 1.000000, 1.000000, 1.000000
X -0.397077, 0.692935, 0.601807
Y 0.693945, 0.655810, -0.297244
Z -0.600641, 0.299592, -0.741265

PART 19
OFFSET 6.854330, -12.619612, 40.515661
SCALE 1.000000, 1.000000, 1.000000
X -0.898417, -0.133632, 0.418318
Y 0.113877, 0.849096, 0.515818
Z -0.424122, 0.511057, -0.747624

PART 20
OFFSET 5.753478, -12.783267, 41.028254
SCALE 1.000000, 1.000000, 1.000000
X -0.898417, -0.133632, 0.418318
Y 0.146256, 0.807141, 0.571956
Z -0.414073, 0.575036, -0.705604

PART 21
OFFSET 4.652620, -12.946917, 41.540847
SCALE 1.000000, 1.000000, 1.000000
X -0.898417, -0.133632, 0.418318
Y 0.177771, 0.760363, 0.624696
Z -0.401553, 0.635602, -0.659367

PART 22
OFFSET 3.551763, -13.110571, 42.053441
SCALE 1.000000, 1.000000, 1.000000
X -0.898417, -0.133632, 0.418318
Y 0.206314, 0.712462, 0.670696
Z -0.387662, 0.688869, -0.612518

PART 23
OFFSET 2.450908, -13.274221, 42.566032
SCALE 1.000000, 1.000000, 1.000000
X -0.898417, -0.133632, 0.418318
Y 0.233674, 0.661046, 0.713032
Z -0.371811, 0.738350, -0.562669

PART 24
OFFSET 1.350054, -13.437875, 43.078625
SCALE 1.000000, 1.000000, 1.000000
X -0.898417, -0.133632, 0.418318
Y 0.259884, 0.606067, 0.751760
Z -0.353988, 0.784108, -0.509772

PART 25
OFFSET 7.955184, -12.455959, 40.003068
SCALE 1.000000, 1.000000, 1.000000
X -0.898417, -0.133632, 0.418318
Y 0.082991, 0.883744, 0.460553
Z -0.431230, 0.448485, -0.782880

PART 26
OFFSET 9.674454, -13.849906, 37.243909
SCALE 1.000000, 1.000000, 1.000000
X -0.906204, -0.188796, 0.378351
Y -0.422505, 0.439915, -0.792442
Z -0.016833, -0.877970, -0.478421

PART 27
OFFSET 13.752766, 16.995877, 45.232320
SCALE 1.000000, 1.000000, 1.000000
X 0.935393, 0.198157, -0.292872
Y -0.139850, 0.968015, 0.208299
Z 0.324780, -0.153883, 0.933187

PART 28
OFFSET 13.702004, 18.125342, 45.539963
SCALE 1.000000, 1.000000, 1.000000
X 0.639250, 0.388912, -0.663405
Y -0.663196, -0.157882, -0.731604
Z -0.389269, 0.907646, 0.156999

PART 29
OFFSET 10.651563, 18.723753, 46.207970
SCALE 1.000000, 1.000000, 1.000000
X 0.669024, 0.402624, -0.624741
Y -0.633506, -0.130673, -0.762624
Z -0.388687, 0.905990, 0.167641

PART 30
OFFSET 11.310544, 18.311782, 46.299785
SCALE 1.000000, 1.000000, 1.000000
X 0.820160, 0.350412, -0.452271
Y -0.470806, -0.035800, -0.881510
Z -0.325083, 0.935911, 0.135615

PART 31
OFFSET 10.809880, 16.202688, 45.764083
SCALE 1.000000, 1.000000, 1.000000
X 0.818317, -0.250504, -0.517306
Y 0.365958, 0.921099, 0.132862
Z 0.443207, -0.298035, 0.845425

PART 32
OFFSET 11.704657, -14.245774, 36.873890
SCALE 1.000000, 1.000000, 1.000000
X -0.397077, 0.692935, 0.601807
Y 0.693945, 0.655810, -0.297244
Z -0.600641, 0.299592, -0.741265

PART 33
OFFSET 10.888546, -14.837618, 37.459811
SCALE 1.000000, 1.000000, 1.000000
X 0.493638, -0.177108, 0.851443
Y 0.129151, -0.953258, -0.273164
Z 0.860024, 0.244809, -0.447690

PART 34
OFFSET 8.791283, -13.558889, 38.933812
SCALE 1.000000, 1.000000, 1.000000
X 0.023793, -0.715190, -0.698525
Y -0.922881, -0.284342, 0.259691
Z -0.384348, 0.638477, -0.666801

PART 35
OFFSET 9.549623, -13.699057, 38.761949
SCALE 1.000000, 1.000000, 1.000000
X 0.177974, -0.757161, -0.628516
Y -0.885099, -0.402294, 0.234007
Z -0.430029, 0.514651, -0.741761

PART 36
OFFSET 10.142414, -12.123802, 38.552618
SCALE 1.000000, 1.000000, 1.000000
X -0.345425, 0.245219, 0.905842
Y 0.014533, 0.966539, -0.256108
Z -0.938334, -0.075302, -0.337431

PART 37
OFFSET 23.870689, -10.982251, 31.490239
SCALE 1.000000, 1.000000, 1.000000
X 0.906204, 0.188796, -0.378351
Y -0.422505, 0.439915, -0.792442
Z 0.016833, 0.877970, 0.478421

PART 38
OFFSET 13.886398, 17.189299, 45.381449
SCALE 1.000000, 1.000000, 1.000000
X 0.843109, 0.262605, -0.469262
Y -0.513377, 0.133363, -0.847737
Z -0.160038, 0.955643, 0.247255

PART 39
OFFSET 13.752766, 16.995877, 45.232320
SCALE 1.000000, 1.000000, 1.000000
X 0.935393, 0.198157, -0.292872
Y -0.139850, 0.968015, 0.208299
Z 0.324780, -0.153883, 0.933187

PART 40
OFFSET 15.008135, 18.919970, 44.184500
SCALE 1.000000, 1.000000, 1.000000
X 0.282890, 0.280007, -0.917371
Y -0.876608, -0.312691, -0.365762
Z -0.389269, 0.907646, 0.156999

PART 41
OFFSET 12.367928, 19.768782, 44.791108
SCALE 1.000000, 1.000000, 1.000000
X 0.340680, 0.484047, -0.806000
Y -0.373171, -0.717244, -0.588476
Z -0.862949, 0.501258, -0.063718

PART 42
OFFSET 13.169469, 19.022922, 45.185006
SCALE 1.000000, 1.000000, 1.000000
X 0.561010, 0.592219, -0.578399
Y -0.304336, -0.502226, -0.809413
Z -0.769836, 0.630116, -0.101520

PART 43
OFFSET 12.337432, 15.678572, 44.589838
SCALE 1.000000, 1.000000, 1.000000
X 0.682650, -0.199537, -0.702975
Y 0.401989, 0.905900, 0.133230
Z 0.610241, -0.373538, 0.698624

PART 44
OFFSET 11.606387, -14.248715, 37.194406
SCALE 1.000000, 1.000000, 1.000000
X 0.334005, 0.171691, 0.926802
Y 0.575008, -0.816228, -0.056016
Z 0.746865, 0.551628, -0.371348

PART 45
OFFSET 11.704657, -14.245774, 36.873890
SCALE 1.000000, 1.000000, 1.000000
X -0.397077, 0.692935, 0.601807
Y 0.693945, 0.655810, -0.297244
Z -0.600641, 0.299592, -0.741265

PART 46
OFFSET 9.879897, -14.475726, 35.720089
SCALE 1.000000, 1.000000, 1.000000
X 0.060034, -0.919807, -0.387751
Y -0.506679, 0.306609, -0.805771
Z 0.860042, 0.244839, -0.447640

PART 47
OFFSET 8.742700, -15.127552, 37.639993
SCALE 1.000000, 1.000000, 1.000000
X 0.189320, -0.697586, 0.691036
Y -0.340474, -0.706739, -0.620159
Z 0.920997, -0.117871, -0.371310

PART 48
OFFSET 9.885491, -15.163092, 37.494056
SCALE 1.000000, 1.000000, 1.000000
X 0.432731, -0.434727, 0.789783
Y -0.068989, -0.889453, -0.451789
Z 0.898880, 0.141017, -0.414885

PART 49
OFFSET 10.855932, -12.536671, 36.518258
SCALE 1.000000, 1.000000, 1.000000
X -0.280248, 0.573608, 0.769698
Y 0.066652, 0.811522, -0.580508
Z -0.957611, -0.111384, -0.265659

PART 50
OFFSET 15.388679, 17.657231, 44.545321
SCALE 1.000000, 1.000000, 1.000000
X 0.438115, 0.293226, -0.849749
Y -0.884558, -0.027666, -0.465609
Z -0.160038, 0.955643, 0.247255

PART 51
OFFSET 15.339796, 19.248245, 43.108990
SCALE 1.000000, 1.000000, 1.000000
X 0.052029, 0.191836, -0.980047
Y -0.919653, -0.373334, -0.121900
Z -0.389269, 0.907646, 0.156999

PART 52
OFFSET 12.812921, 20.400997, 43.738302
SCALE 1.000000, 1.000000, 1.000000
X 0.063074, -0.018256, -0.997842
Y -0.501339, -0.865106, -0.015862
Z -0.862949, 0.501258, -0.063718

PART 53
OFFSET 14.088937, 19.993548, 44.237038
SCALE 1.000000, 1.000000, 1.000000
X 0.354302, 0.289610, -0.889155
Y -0.530869, -0.720472, -0.446204
Z -0.769836, 0.630116, -0.101520

PART 54
OFFSET 13.188208, 15.483101, 43.710625
SCALE 1.000000, 1.000000, 1.000000
X 0.703334, 0.026284, -0.710373
Y 0.373238, 0.836834, 0.400502
Z 0.604992, -0.546825, 0.578764

PART 55
OFFSET 11.011235, -14.554706, 35.543017
SCALE 1.000000, 1.000000, 1.000000
X 0.530714, -0.830960, -0.166877
Y -0.400596, -0.072420, -0.913388
Z 0.746904, 0.551598, -0.371313

PART 56
OFFSET 9.809554, -13.397352, 36.174741
SCALE 1.000000, 1.000000, 1.000000
X -0.361039, -0.327767, -0.873052
Y -0.360502, 0.912470, -0.193485
Z 0.860052, 0.244882, -0.447598

PART 57
OFFSET 8.495381, -14.216400, 36.737381
SCALE 1.000000, 1.000000, 1.000000
X -0.264038, -0.889618, -0.372645
Y -0.286433, 0.441249, -0.850444
Z 0.921000, -0.117811, -0.371322

PART 58
OFFSET 9.176261, -14.450596, 36.199673
SCALE 1.000000, 1.000000, 1.000000
X -0.045683, -0.911526, -0.408697
Y -0.435852, 0.386317, -0.812892
Z 0.898858, 0.140996, -0.414938

PART 59
OFFSET 11.120692, -12.987959, 35.785645
SCALE 1.000000, 1.000000, 1.000000
X -0.103370, 0.945158, 0.309823
Y 0.227582, 0.325704, -0.917673
Z -0.968257, -0.024350, -0.248769

PART 60
OFFSET 15.804478, 17.935502, 43.738843
SCALE 1.000000, 1.000000, 1.000000
X 0.542329, 0.294415, -0.786892
Y -0.824783, 0.008161, -0.565390
Z -0.160038, 0.955643, 0.247255

PART 61
OFFSET 12.860747, 20.387155, 42.981750
SCALE 1.000000, 1.000000, 1.000000
X -0.143231, -0.363704, -0.920437
Y -0.484561, -0.785157, 0.385653
Z -0.862951, 0.501246, -0.063778

PART 62
OFFSET 14.469288, 20.304484, 43.282483
SCALE 1.000000, 1.000000, 1.000000
X 0.231195, 0.127054, -0.964576
Y -0.594896, -0.766036, -0.243490
Z -0.769836, 0.630116, -0.101520

PART 63
OFFSET 10.507627, -13.766121, 35.701431
SCALE 1.000000, 1.000000, 1.000000
X 0.127951, -0.667215, -0.733793
Y -0.652505, 0.500563, -0.568923
Z 0.746904, 0.551598, -0.371313

PART 64
OFFSET 8.695629, -13.541821, 37.019895
SCALE 1.000000, 1.000000, 1.000000
X -0.384095, -0.434485, -0.814674
Y -0.065338, 0.892935, -0.445419
Z 0.920979, -0.117854, -0.371360

PART 65
OFFSET 9.225292, -13.471987, 36.638489
SCALE 1.000000, 1.000000, 1.000000
X -0.364594, -0.284753, -0.886559
Y -0.243156, 0.948175, -0.204546
Z 0.898858, 0.140996, -0.414938

PART 66
OFFSET -0.106364, -0.000001, 59.999999
SCALE 1.000000, 1.000000, 1.000000
X 1.000000, 0.000000, 0.000000
Y 0.000000, 1.000000, 0.000000
Z 0.000000, 0.000000, 1.000000

PART 67
OFFSET -0.106364, -0.000001, 59.999999
SCALE 1.000000, 1.000000, 1.000000
X 1.000000, 0.000000, 0.000000
Y 0.000000, 1.000000, 0.000000
Z 0.000000, 0.000000, 1.000000

PART 68
OFFSET -4.738254, -0.000001, 58.623226
SCALE 1.000000, 1.000000, 1.000000
X 1.000000, 0.000000, 0.000000
Y 0.000000, 1.000000, 0.000000
Z 0.000000, 0.000000, 1.000000

PART 69
OFFSET 1.434187, -0.000001, 64.135821
SCALE 1.000000, 1.000000, 1.000000
X 1.000000, 0.000000, 0.000000
Y 0.000000, 1.000000, 0.000000
Z 0.000000, 0.000000, 1.000000

PART 70
OFFSET 1.434187, -0.000001, 64.135821
SCALE 1.000000, 1.000000, 1.000000
X 1.000000, 0.000000, 0.000000
Y 0.000000, 1.000000, 0.000000
Z 0.000000, 0.000000, 1.000000

FRAME 1
PART 0
OFFSET -1.009664, -0.000001, 52.513799
SCALE 1.000000, 1.000000, 1.000000
X 1.000000, 0.000000, 0.000000
Y 0.000000, 1.000000, 0.000000
Z 0.000000, 0.000000, 1.000000

PART 1
OFFSET -0.383336, 8.599890, 56.347978
SCALE 1.000000, 1.000000, 1.000000
X 0.059191, 0.824445, -0.562838
Y -0.944866, 0.228178, 0.234868
Z 0.322064, 0.517904, 0.792496

PART 2
OFFSET -3.597648, -9.990746, 53.084435
SCALE 1.000000, 1.000000, 1.000000
X -0.356854, 0.372399, 0.856723
Y 0.876874, 0.449752, 0.169750
Z -0.322098, 0.811814, -0.487043

PART 3
OFFSET -20.371547, -28.925745, 52.323286
SCALE 1.000000, 1.000000, 1.000000
X 0.979397, -0.192087, -0.062326
Y 0.189004, 0.980592, -0.052118
Z 0.071128, 0.039265, 0.996694

PART 4
OFFSET -20.374763, -28.926301, 52.322299
SCALE 1.000000, 1.000000, 1.000000
X 0.979396, -0.192095, -0.062319
Y 0.189016, 0.980592, -0.052077
Z 0.071113, 0.039225, 0.996697

PART 5
OFFSET 0.994164, 17.144325, 50.203884
SCALE 1.000000, 1.000000, 1.000000
X 0.922588, 0.016145, -0.385449
Y -0.212420, 0.855288, -0.472611
Z 0.322039, 0.517902, 0.792508

PART 6
OFFSET 0.858889, -13.719785, 43.922211
SCALE 1.000000, 1.000000, 1.000000
X -0.921448, -0.150760, 0.358057
Y 0.217253, 0.564104, 0.796610
Z -0.322078, 0.811824, -0.487039

PART 7
OFFSET 10.564784, -13.848388, 38.259020
SCALE 1.000000, 1.000000, 1.000000
X 0.042628, -0.898597, -0.436699
Y -0.502401, 0.358533, -0.786795
Z 0.863583, 0.252938, -0.436173

PART 8
OFFSET 0.994164, 17.144325, 50.203884
SCALE 1.000000, 1.000000, 1.000000
X 0.922588, 0.016145, -0.385449
Y -0.212420, 0.855288, -0.472611
Z 0.322039, 0.517902, 0.792508

PART 9
OFFSET 10.419747, 17.329524, 46.396445
SCALE 1.000000, 1.000000, 1.000000
X 0.925657, 0.191306, -0.326438
Y -0.116432, 0.964918, 0.235323
Z 0.360005, -0.179821, 0.915457

PART 10
OFFSET 7.778898, 17.263088, 47.368547
SCALE 1.000000, 1.000000, 1.000000
X 0.922588, 0.016145, -0.385449
Y 0.011981, 0.997443, 0.070456
Z 0.385601, -0.069620, 0.920035

PART 11
OFFSET 6.648112, 17.243293, 47.841104
SCALE 1.000000, 1.000000, 1.000000
X 0.922588, 0.016145, -0.385449
Y -0.029280, 0.999172, -0.028231
Z 0.384674, 0.037332, 0.922297

PART 12
OFFSET 5.517321, 17.223499, 48.313660
SCALE 1.000000, 1.000000, 1.000000
X 0.922588, 0.016145, -0.385449
Y -0.070216, 0.989463, -0.126618
Z 0.379343, 0.143881, 0.914001

PART 13
OFFSET 4.386531, 17.203706, 48.786219
SCALE 1.000000, 1.000000, 1.000000
X 0.922588, 0.016145, -0.385449
Y -0.107815, 0.970105, -0.217424
Z 0.370415, 0.242150, 0.896747

PART 14
OFFSET 3.255742, 17.183910, 49.258773
SCALE 1.000000, 1.000000, 1.000000
X 0.922588, 0.016145, -0.385449
Y -0.144192, 0.941144, -0.305707
Z 0.357827, 0.337620, 0.870616

PART 15
OFFSET 2.124954, 17.164117, 49.731330
SCALE 1.000000, 1.000000, 1.000000
X 0.922588, 0.016145, -0.385449
Y -0.179216, 0.902710, -0.391148
Z 0.341633, 0.429947, 0.835723

PART 16
OFFSET 8.909686, 17.282882, 46.895990
SCALE 1.000000, 1.000000, 1.000000
X 0.922588, 0.016145, -0.385449
Y 0.050437, 0.985500, 0.162003
Z 0.382476, -0.168903, 0.908396

PART 17
OFFSET 0.858889, -13.719785, 43.922211
SCALE 1.000000, 1.000000, 1.000000
X -0.921448, -0.150760, 0.358057
Y 0.217253, 0.564104, 0.796610
Z -0.322078, 0.811824, -0.487039

PART 18
OFFSET 10.411743, -12.470520, 40.166907
SCALE 1.000000, 1.000000, 1.000000
X -0.440012, 0.676761, 0.590240
Y 0.612711, 0.706780, -0.353620
Z -0.656487, 0.206049, -0.725651

PART 19
OFFSET 7.633367, -12.611945, 41.289703
SCALE 1.000000, 1.000000, 1.000000
X -0.921448, -0.150760, 0.358057
Y 0.015700, 0.906433, 0.422058
Z -0.388184, 0.394526, -0.832864

PART 20
OFFSET 6.504290, -12.796587, 41.728455
SCALE 1.000000, 1.000000, 1.000000
X -0.921448, -0.150760, 0.358057
Y 0.052980, 0.864264, 0.500241
Z -0.384872, 0.479916, -0.788387

PART 21
OFFSET 5.375208, -12.981224, 42.167207
SCALE 1.000000, 1.000000, 1.000000
X -0.921448, -0.150760, 0.358057
Y 0.089777, 0.814061, 0.573799
Z -0.377986, 0.560871, -0.736580

PART 22
OFFSET 4.246127, -13.165866, 42.605960
SCALE 1.000000, 1.000000, 1.000000
X -0.921448, -0.150760, 0.358057
Y 0.123472, 0.760208, 0.637839
Z -0.368358, 0.631945, -0.681878

PART 23
OFFSET 3.117048, -13.350504, 43.044711
SCALE 1.000000, 1.000000, 1.000000
X -0.921448, -0.150760, 0.358057
Y 0.156038, 0.700416, 0.696469
Z -0.355789, 0.697631, -0.621873

PART 24
OFFSET 1.987970, -13.535145, 43.483463
SCALE 1.000000, 1.000000, 1.000000
X -0.921448, -0.150760, 0.358057
Y 0.187418, 0.634804, 0.749599
Z -0.340306, 0.757823, -0.556684

PART 25
OFFSET 8.762445, -12.427305, 40.850950
SCALE 1.000000, 1.000000, 1.000000
X -0.921448, -0.150760, 0.358057
Y -0.019288, 0.938252, 0.345414
Z -0.388022, 0.311375, -0.867459

PART 26
OFFSET 10.564784, -13.848388, 38.259020
SCALE 1.000000, 1.000000, 1.000000
X -0.863583, -0.252938, 0.436173
Y -0.502401, 0.358533, -0.786795
Z 0.042628, -0.898597, -0.436699

PART 27
OFFSET 13.769097, 16.938829, 45.086977
SCALE 1.000000, 1.000000, 1.000000
X 0.925657, 0.191306, -0.326438
Y -0.116432, 0.964918, 0.235323
Z 0.360005, -0.179821, 0.915457

PART 28
OFFSET 13.748178, 18.061581, 45.421484
SCALE 1.000000, 1.000000, 1.000000
X 0.624561, 0.391315, -0.675867
Y -0.690195, -0.128397, -0.712141
Z -0.365451, 0.911256, 0.189892

PART 29
OFFSET 10.737379, 18.688628, 46.227027
SCALE 1.000000, 1.000000, 1.000000
X 0.651015, 0.407621, -0.640332
Y -0.663933, -0.103112, -0.740649
Z -0.367929, 0.907311, 0.203506

PART 30
OFFSET 11.392676, 18.264984, 46.283896
SCALE 1.000000, 1.000000, 1.000000
X 0.807513, 0.349156, -0.475408
Y -0.504731, -0.008062, -0.863239
Z -0.305238, 0.937030, 0.169719

PART 31
OFFSET 10.834076, 16.178847, 45.714688
SCALE 1.000000, 1.000000, 1.000000
X 0.793910, -0.252038, -0.553338
Y 0.390175, 0.909138, 0.145709
Z 0.466337, -0.331579, 0.820113

PART 32
OFFSET 12.640151, -14.062638, 37.805576
SCALE 1.000000, 1.000000, 1.000000
X -0.440012, 0.676761, 0.590240
Y 0.612711, 0.706780, -0.353620
Z -0.656487, 0.206049, -0.725651

PART 33
OFFSET 11.911061, -14.704960, 38.450147
SCALE 1.000000, 1.000000, 1.000000
X 0.526869, -0.051915, 0.848360
Y 0.240382, -0.948281, -0.207318
Z 0.815246, 0.313159, -0.487140

PART 34
OFFSET 9.756883, -13.573611, 39.962069
SCALE 1.000000, 1.000000, 1.000000
X 0.067266, -0.739761, -0.669499
Y -0.878871, -0.361569, 0.311212
Z -0.472293, 0.567470, -0.674476

PART 35
OFFSET 10.517998, -13.646306, 39.762864
SCALE 1.000000, 1.000000, 1.000000
X 0.227521, -0.763270, -0.604693
Y -0.830562, -0.476275, 0.288669
Z -0.508332, 0.436557, -0.742305

PART 36
OFFSET 10.941582, -12.030407, 39.467163
SCALE 1.000000, 1.000000, 1.000000
X -0.328617, 0.240044, 0.913450
Y -0.093190, 0.954202, -0.284278
Z -0.939855, -0.178543, -0.291197

PART 37
OFFSET 24.110754, -9.966724, 31.603150
SCALE 1.000000, 1.000000, 1.000000
X 0.863583, 0.252938, -0.436173
Y -0.502401, 0.358533, -0.786795
Z -0.042628, 0.898597, 0.436699

PART 38
OFFSET 13.911620, 17.126852, 45.234771
SCALE 1.000000, 1.000000, 1.000000
X 0.827852, 0.258354, -0.497910
Y -0.545109, 0.161084, -0.822744
Z -0.132354, 0.952526, 0.274184

PART 39
OFFSET 13.769097, 16.938829, 45.086977
SCALE 1.000000, 1.000000, 1.000000
X 0.925657, 0.191306, -0.326438
Y -0.116432, 0.964918, 0.235323
Z 0.360005, -0.179821, 0.915457

PART 40
OFFSET 15.024297, 18.861119, 44.040560
SCALE 1.000000, 1.000000, 1.000000
X 0.247017, 0.291569, -0.924105
Y -0.897468, -0.290795, -0.331647
Z -0.365423, 0.911277, 0.189842

PART 41
OFFSET 12.414783, 19.742025, 44.770261
SCALE 1.000000, 1.000000, 1.000000
X 0.321446, 0.494433, -0.807594
Y -0.404901, -0.699190, -0.589227
Z -0.855995, 0.516400, -0.024555

PART 42
OFFSET 13.218224, 18.975436, 45.114841
SCALE 1.000000, 1.000000, 1.000000
X 0.556826, 0.589001, -0.585681
Y -0.351590, -0.471692, -0.808635
Z -0.752548, 0.656189, -0.055564

PART 43
OFFSET 12.307443, 15.657993, 44.471810
SCALE 1.000000, 1.000000, 1.000000
X 0.654322, -0.193500, -0.731041
Y 0.425682, 0.893249, 0.144573
Z 0.625026, -0.405788, 0.666842

PART 44
OFFSET 12.555464, -14.060942, 38.129954
SCALE 1.000000, 1.000000, 1.000000
X 0.340069, 0.260319, 0.903652
Y 0.658634, -0.751813, -0.031284
Z 0.671234, 0.605815, -0.427123

PART 45
OFFSET 12.640151, -14.062638, 37.805576
SCALE 1.000000, 1.000000, 1.000000
X -0.440012, 0.676761, 0.590240
Y 0.612711, 0.706780, -0.353620
Z -0.656487, 0.206049, -0.725651

PART 46
OFFSET 10.834510, -14.598872, 36.716723
SCALE 1.000000, 1.000000, 1.000000
X 0.176590, -0.935569, -0.305820
Y -0.551487, 0.163309, -0.818042
Z 0.815278, 0.313114, -0.487115

PART 47
OFFSET 9.813696, -15.195447, 38.735915
SCALE 1.000000, 1.000000, 1.000000
X 0.286703, -0.638328, 0.714380
Y -0.290045, -0.768523, -0.570303
Z 0.913058, -0.043694, -0.405482

PART 48
OFFSET 10.947627, -15.125300, 38.541490
SCALE 1.000000, 1.000000, 1.000000
X 0.500598, -0.325300, 0.802235
Y 0.022758, -0.921446, -0.387840
Z 0.865381, 0.212409, -0.453871

PART 49
OFFSET 11.603713, -12.438569, 37.415664
SCALE 1.000000, 1.000000, 1.000000
X -0.301776, 0.571552, 0.763060
Y -0.039525, 0.792186, -0.608999
Z -0.952559, -0.213941, -0.216473

PART 50
OFFSET 15.386717, 17.587209, 44.347596
SCALE 1.000000, 1.000000, 1.000000
X 0.397311, 0.304389, -0.865732
Y -0.908083, -0.005702, -0.418752
Z -0.132400, 0.952531, 0.274145

PART 51
OFFSET 15.313901, 19.202949, 42.957153
SCALE 1.000000, 1.000000, 1.000000
X -0.005437, 0.201854, -0.979401
Y -0.930826, -0.358928, -0.068808
Z -0.365423, 0.911277, 0.189842

PART 52
OFFSET 12.834652, 20.387807, 43.715373
SCALE 1.000000, 1.000000, 1.000000
X 0.022842, -0.009673, -0.999692
Y -0.516479, -0.856293, -0.003516
Z -0.855995, 0.516400, -0.024555

PART 53
OFFSET 14.130836, 19.940789, 44.154939
SCALE 1.000000, 1.000000, 1.000000
X 0.321687, 0.292676, -0.900477
Y -0.574620, -0.695526, -0.431340
Z -0.752548, 0.656189, -0.055564

PART 54
OFFSET 13.123159, 15.470134, 43.559939
SCALE 1.000000, 1.000000, 1.000000
X 0.680647, 0.037117, -0.731671
Y 0.400812, 0.817126, 0.414313
Z 0.613245, -0.575263, 0.541298

PART 55
OFFSET 11.949515, -14.524853, 36.519819
SCALE 1.000000, 1.000000, 1.000000
X 0.633561, -0.768004, -0.093652
Y -0.384768, -0.207746, -0.899330
Z 0.671234, 0.605815, -0.427123

PART 56
OFFSET 10.627518, -13.502009, 37.075319
SCALE 1.000000, 1.000000, 1.000000
X -0.324185, -0.450139, -0.832033
Y -0.479810, 0.836246, -0.265469
Z 0.815283, 0.313157, -0.487080

PART 57
OFFSET 9.439180, -14.361700, 37.802814
SCALE 1.000000, 1.000000, 1.000000
X -0.185667, -0.929735, -0.317993
Y -0.363122, 0.365632, -0.857004
Z 0.913055, -0.043647, -0.405494

PART 58
OFFSET 10.127166, -14.592147, 37.226699
SCALE 1.000000, 1.000000, 1.000000
X 0.049581, -0.937597, -0.344171
Y -0.498688, 0.275327, -0.821891
Z 0.865362, 0.212384, -0.453917

PART 59
OFFSET 11.878797, -12.893733, 36.688491
SCALE 1.000000, 1.000000, 1.000000
X -0.191616, 0.932530, 0.306057
Y 0.150715, 0.336094, -0.929691
Z -0.969829, -0.132017, -0.204947

PART 60
OFFSET 15.763789, 17.876074, 43.525949
SCALE 1.000000, 1.000000, 1.000000
X 0.488639, 0.303360, -0.818049
Y -0.862381, 0.025648, -0.505609
Z -0.132400, 0.952531, 0.274145

PART 61
OFFSET 12.851974, 20.380472, 42.957417
SCALE 1.000000, 1.000000, 1.000000
X -0.195178, -0.366782, -0.909602
Y -0.478725, -0.773822, 0.414754
Z -0.855995, 0.516400, -0.024555

PART 62
OFFSET 14.476174, 20.255016, 43.188230
SCALE 1.000000, 1.000000, 1.000000
X 0.178008, 0.121460, -0.976504
Y -0.634022, -0.744757, -0.208212
Z -0.752548, 0.656189, -0.055564

PART 63
OFFSET 11.348304, -13.796005, 36.608740
SCALE 1.000000, 1.000000, 1.000000
X 0.245237, -0.725273, -0.643303
Y -0.699503, 0.327060, -0.635395
Z 0.671234, 0.605815, -0.427123

PART 64
OFFSET 9.579999, -13.656699, 38.043886
SCALE 1.000000, 1.000000, 1.000000
X -0.368921, -0.512464, -0.775422
Y -0.173934, 0.857597, -0.484020
Z 0.913041, -0.043693, -0.405520

PART 65
OFFSET 10.073923, -13.585547, 37.596240
SCALE 1.000000, 1.000000, 1.000000
X -0.352121, -0.386813, -0.852283
Y -0.356593, 0.897367, -0.259949
Z 0.865362, 0.212384, -0.453917

PART 66
OFFSET -0.106364, -0.000001, 59.999999
SCALE 1.000000, 1.000000, 1.000000
X 1.000000, 0.000000, 0.000000
Y 0.000000, 1.000000, 0.000000
Z 0.000000, 0.000000, 1.000000

PART 67
OFFSET -0.106364, -0.000001, 59.999999
SCALE 1.000000, 1.000000, 1.000000
X 0.999992, -0.000326, -0.004110
Y 0.000325, 1.000000, -0.000408
Z 0.004110, 0.000406, 0.999991

PART 68
OFFSET -4.743873, 0.000951, 58.642274
SCALE 1.000000, 1.000000, 1.000000
X 0.999992, -0.000326, -0.004110
Y 0.000325, 1.000000, -0.000408
Z 0.004110, 0.000406, 0.999991

PART 69
OFFSET 1.451172, 0.001176, 64.129455
SCALE 1.000000, 1.000000, 1.000000
X 0.999992, -0.000326, -0.004110
Y 0.000325, 1.000000, -0.000408
Z 0.004110, 0.000406, 0.999991

PART 70
OFFSET 1.451172, 0.001176, 64.129455
SCALE 1.000000, 1.000000, 1.000000
X 0.999992, -0.000326, -0.004110
Y 0.000325, 1.000000, -0.000408
Z 0.004110, 0.000406, 0.999991

FRAME 2
PART 0
OFFSET -1.009664, -0.000001, 52.513799
SCALE 1.000000, 1.000000, 1.000000
X 1.000000, 0.000000, 0.000000
Y 0.000000, 1.000000, 0.000000
Z 0.000000, 0.000000, 1.000000

PART 1
OFFSET -0.349954, 8.619041, 56.381567
SCALE 1.000000, 1.000000, 1.000000
X 0.087405, 0.840688, -0.534419
Y -0.925163, 0.267423, 0.269367
Z 0.369370, 0.470880, 0.801148

PART 2
OFFSET -3.444877, -10.017831, 53.175930
SCALE 1.000000, 1.000000, 1.000000
X -0.486373, 0.395371, 0.779181
Y 0.825732, 0.499548, 0.261951
Z -0.285671, 0.770801, -0.569437

PART 3
OFFSET -20.370605, -28.927715, 52.323696
SCALE 1.000000, 1.000000, 1.000000
X 0.979406, -0.192046, -0.062307
Y 0.188967, 0.980601, -0.052093
Z 0.071102, 0.039246, 0.996697

PART 4
OFFSET -20.374763, -28.926301, 52.322299
SCALE 1.000000, 1.000000, 1.000000
X 0.979396, -0.192095, -0.062319
Y 0.189016, 0.980592, -0.052077
Z 0.071113, 0.039225, 0.996697

PART 5
OFFSET 1.309167, 17.310641, 50.507710
SCALE 1.000000, 1.000000, 1.000000
X 0.910142, -0.009099, -0.414195
Y -0.187764, 0.882128, -0.431966
Z 0.369304, 0.470922, 0.801154

PART 6
OFFSET 2.380341, -13.955975, 44.923418
SCALE 1.000000, 1.000000, 1.000000
X -0.955721, -0.185285, 0.228618
Y 0.070715, 0.609522, 0.789609
Z -0.285650, 0.770813, -0.569430

PART 7
OFFSET 12.688080, -13.837508, 40.781898
SCALE 1.000000, 1.000000, 1.000000
X 0.198763, -0.922038, -0.332174
Y -0.576166, 0.164242, -0.800660
Z 0.792796, 0.350529, -0.498602

PART 8
OFFSET 1.309167, 17.310641, 50.507710
SCALE 1.000000, 1.000000, 1.000000
X 0.910142, -0.009099, -0.414195
Y -0.187764, 0.882128, -0.431966
Z 0.369304, 0.470922, 0.801154

PART 9
OFFSET 10.615019, 17.232708, 46.406997
SCALE 1.000000, 1.000000, 1.000000
X 0.912124, 0.180292, -0.368137
Y -0.076741, 0.957308, 0.278696
Z 0.402667, -0.225954, 0.887020

PART 10
OFFSET 8.002356, 17.243785, 47.460973
SCALE 1.000000, 1.000000, 1.000000
X 0.910142, -0.009099, -0.414195
Y 0.057491, 0.992860, 0.104518
Z 0.410287, -0.118939, 0.904167

PART 11
OFFSET 6.886827, 17.254927, 47.968764
SCALE 1.000000, 1.000000, 1.000000
X 0.910142, -0.009099, -0.414195
Y 0.013663, 0.999874, 0.008057
Z 0.414070, -0.012992, 0.910152

PART 12
OFFSET 5.771294, 17.266069, 48.476553
SCALE 1.000000, 1.000000, 1.000000
X 0.910142, -0.009099, -0.414195
Y -0.030330, 0.995613, -0.088517
Z 0.413184, 0.093126, 0.905874

PART 13
OFFSET 4.655761, 17.277212, 48.984345
SCALE 1.000000, 1.000000, 1.000000
X 0.910142, -0.009099, -0.414195
Y -0.071210, 0.981444, -0.178034
Z 0.408130, 0.191531, 0.892606

PART 14
OFFSET 3.540230, 17.288353, 49.492133
SCALE 1.000000, 1.000000, 1.000000
X 0.910142, -0.009099, -0.414195
Y -0.111230, 0.957686, -0.265453
Z 0.399085, 0.287671, 0.870619

PART 15
OFFSET 2.424700, 17.299496, 49.999924
SCALE 1.000000, 1.000000, 1.000000
X 0.910142, -0.009099, -0.414195
Y -0.150253, 0.924443, -0.350470
Z 0.386089, 0.381212, 0.840008

PART 16
OFFSET 9.117886, 17.232642, 46.953183
SCALE 1.000000, 1.000000, 1.000000
X 0.910142, -0.009099, -0.414195
Y 0.097886, 0.976176, 0.193647
Z 0.402566, -0.216790, 0.889350

PART 17
OFFSET 2.380341, -13.955975, 44.923418
SCALE 1.000000, 1.000000, 1.000000
X -0.955721, -0.185285, 0.228618
Y 0.070715, 0.609522, 0.789609
Z -0.285650, 0.770813, -0.569430

PART 18
OFFSET 12.339080, -12.328578, 42.517693
SCALE 1.000000, 1.000000, 1.000000
X -0.567939, 0.633125, 0.525926
Y 0.462030, 0.774044, -0.432879
Z -0.681156, -0.002856, -0.732133

PART 19
OFFSET 9.406833, -12.594312, 43.242569
SCALE 1.000000, 1.000000, 1.000000
X -0.955721, -0.185285, 0.228618
Y -0.140795, 0.970110, 0.197647
Z -0.258406, 0.156707, -0.953242

PART 20
OFFSET 8.235753, -12.821258, 43.522712
SCALE 1.000000, 1.000000, 1.000000
X -0.955721, -0.185285, 0.228618
Y -0.106319, 0.941824, 0.318847
Z -0.274396, 0.280422, -0.919821

PART 21
OFFSET 7.064669, -13.048199, 43.802853
SCALE 1.000000, 1.000000, 1.000000
X -0.955721, -0.185285, 0.228618
Y -0.070061, 0.897819, 0.434756
Z -0.285812, 0.399488, -0.871046

PART 22
OFFSET 5.893586, -13.275144, 44.082996
SCALE 1.000000, 1.000000, 1.000000
X -0.955721, -0.185285, 0.228618
Y -0.035050, 0.843033, 0.536718
Z -0.292179, 0.504940, -0.812199

PART 23
OFFSET 4.722505, -13.502086, 44.363137
SCALE 1.000000, 1.000000, 1.000000
X -0.955721, -0.185285, 0.228618
Y 0.000335, 0.776205, 0.630481
Z -0.294273, 0.602640, -0.741773

PART 24
OFFSET 3.551424, -13.729031, 44.643280
SCALE 1.000000, 1.000000, 1.000000
X -0.955721, -0.185285, 0.228618
Y 0.035801, 0.697912, 0.715288
Z -0.292088, 0.691801, -0.660376

PART 25
OFFSET 10.577913, -12.367368, 42.962425
SCALE 1.000000, 1.000000, 1.000000
X -0.955721, -0.185285, 0.228618
Y -0.170911, 0.981924, 0.081325
Z -0.239554, 0.038650, -0.970113

PART 26
OFFSET 12.688080, -13.837508, 40.781898
SCALE 1.000000, 1.000000, 1.000000
X -0.792796, -0.350529, 0.498602
Y -0.576166, 0.164242, -0.800660
Z 0.198763, -0.922038, -0.332174

PART 27
OFFSET 13.878265, 16.808599, 44.904713
SCALE 1.000000, 1.000000, 1.000000
X 0.912124, 0.180292, -0.368137
Y -0.076741, 0.957308, 0.278696
Z 0.402667, -0.225954, 0.887020

PART 28
OFFSET 13.906531, 17.917071, 45.283382
SCALE 1.000000, 1.000000, 1.000000
X 0.606412, 0.392071, -0.691769
Y -0.727512, -0.077549, -0.681698
Z -0.320920, 0.916660, 0.238210

PART 29
OFFSET 10.962868, 18.589510, 46.274012
SCALE 1.000000, 1.000000, 1.000000
X 0.633805, 0.417720, -0.651001
Y -0.698552, -0.052282, -0.713647
Z -0.332140, 0.907070, 0.258662

PART 30
OFFSET 11.606563, 18.146315, 46.280113
SCALE 1.000000, 1.000000, 1.000000
X 0.791986, 0.347276, -0.502153
Y -0.547713, 0.040733, -0.835674
Z -0.269756, 0.936878, 0.222467

PART 31
OFFSET 10.948240, 16.108689, 45.643640
SCALE 1.000000, 1.000000, 1.000000
X 0.759570, -0.254968, -0.598368
Y 0.436737, 0.881658, 0.178715
Z 0.481990, -0.397076, 0.781035

PART 32
OFFSET 14.848976, -13.681573, 40.293652
SCALE 1.000000, 1.000000, 1.000000
X -0.567939, 0.633125, 0.525926
Y 0.462030, 0.774044, -0.432879
Z -0.681156, -0.002856, -0.732133

PART 33
OFFSET 14.258846, -14.386072, 41.011320
SCALE 1.000000, 1.000000, 1.000000
X 0.461703, 0.228186, 0.857182
Y 0.487983, -0.872316, -0.030627
Z 0.740745, 0.432431, -0.514101

PART 34
OFFSET 11.916684, -13.554329, 42.435688
SCALE 1.000000, 1.000000, 1.000000
X 0.215415, -0.776274, -0.592448
Y -0.791132, -0.494386, 0.360128
Z -0.572456, 0.391128, -0.720634

PART 35
OFFSET 12.677964, -13.495170, 42.232675
SCALE 1.000000, 1.000000, 1.000000
X 0.376867, -0.760922, -0.528175
Y -0.720956, -0.598975, 0.348499
Z -0.581544, 0.249453, -0.774325

PART 36
OFFSET 12.772960, -11.863251, 41.775644
SCALE 1.000000, 1.000000, 1.000000
X -0.359790, 0.239469, 0.901779
Y -0.283179, 0.892887, -0.350090
Z -0.889023, -0.381323, -0.253439

PART 37
OFFSET 25.143409, -8.400596, 33.155234
SCALE 1.000000, 1.000000, 1.000000
X 0.792796, 0.350529, -0.498602
Y -0.576166, 0.164242, -0.800660
Z -0.198763, 0.922038, 0.332174

PART 38
OFFSET 14.033608, 16.986739, 45.051825
SCALE 1.000000, 1.000000, 1.000000
X 0.808484, 0.249662, -0.532937
Y -0.582579, 0.211185, -0.784859
Z -0.083401, 0.945024, 0.316188

PART 39
OFFSET 13.878265, 16.808599, 44.904713
SCALE 1.000000, 1.000000, 1.000000
X 0.912124, 0.180292, -0.368137
Y -0.076741, 0.957308, 0.278696
Z 0.402667, -0.225954, 0.887020

PART 40
OFFSET 15.145569, 18.718153, 43.869966
SCALE 1.000000, 1.000000, 1.000000
X 0.182954, 0.306776, -0.934032
Y -0.929268, -0.256168, -0.266157
Z -0.320920, 0.916660, 0.238210

PART 41
OFFSET 12.604505, 19.660395, 44.789516
SCALE 1.000000, 1.000000, 1.000000
X 0.310736, 0.510459, -0.801795
Y -0.451269, -0.663190, -0.597106
Z -0.836540, 0.547368, 0.024278

PART 42
OFFSET 13.390024, 18.856502, 45.047653
SCALE 1.000000, 1.000000, 1.000000
X 0.562321, 0.574016, -0.595232
Y -0.431637, -0.410223, -0.803372
Z -0.705326, 0.708677, 0.017089

PART 43
OFFSET 12.347038, 15.594669, 44.314851
SCALE 1.000000, 1.000000, 1.000000
X 0.620260, -0.182685, -0.762826
Y 0.470959, 0.864436, 0.175922
Z 0.627276, -0.468377, 0.622212

PART 44
OFFSET 14.764227, -13.663550, 40.617516
SCALE 1.000000, 1.000000, 1.000000
X 0.237618, 0.447759, 0.862003
Y 0.810114, -0.580996, 0.078479
Z 0.535961, 0.679673, -0.500791

PART 45
OFFSET 14.848976, -13.681573, 40.293652
SCALE 1.000000, 1.000000, 1.000000
X -0.567939, 0.633125, 0.525926
Y 0.462030, 0.774044, -0.432879
Z -0.681156, -0.002856, -0.732133

PART 46
OFFSET 13.315444, -14.852311, 39.259866
SCALE 1.000000, 1.000000, 1.000000
X 0.455903, -0.885669, -0.087993
Y -0.493405, -0.169218, -0.853180
Z 0.740745, 0.432384, -0.514141

PART 47
OFFSET 12.299049, -15.249468, 41.378648
SCALE 1.000000, 1.000000, 1.000000
X 0.404848, -0.475851, 0.780810
Y -0.121025, -0.874292, -0.470071
Z 0.906339, 0.095810, -0.411545

PART 48
OFFSET 13.397419, -14.976903, 41.160010
SCALE 1.000000, 1.000000, 1.000000
X 0.522372, -0.061538, 0.850494
Y 0.260250, -0.938300, -0.227736
Z 0.812033, 0.340304, -0.474126

PART 49
OFFSET 13.479994, -12.287953, 39.745833
SCALE 1.000000, 1.000000, 1.000000
X -0.400162, 0.565991, 0.720781
Y -0.199455, 0.713857, -0.671287
Z -0.894477, -0.412387, -0.172768

PART 50
OFFSET 15.474196, 17.431609, 44.102238
SCALE 1.000000, 1.000000, 1.000000
X 0.329398, 0.325546, -0.886294
Y -0.940504, 0.030251, -0.338434
Z -0.083365, 0.945042, 0.316142

PART 51
OFFSET 15.360066, 19.077812, 42.774921
SCALE 1.000000, 1.000000, 1.000000
X -0.122866, 0.209095, -0.970146
Y -0.939103, -0.340607, 0.045523
Z -0.320920, 0.916660, 0.238210

PART 52
OFFSET 13.010383, 20.327110, 43.742201
SCALE 1.000000, 1.000000, 1.000000
X -0.031384, -0.003633, -0.999501
Y -0.547006, -0.836884, 0.020217
Z -0.836540, 0.547368, 0.024278

PART 53
OFFSET 14.311641, 19.797294, 44.072096
SCALE 1.000000, 1.000000, 1.000000
X 0.266469, 0.287394, -0.919999
Y -0.656894, -0.644346, -0.391547
Z -0.705326, 0.708677, 0.017089

PART 54
OFFSET 13.120680, 15.420220, 43.368453
SCALE 1.000000, 1.000000, 1.000000
X 0.660534, 0.059625, -0.748425
Y 0.442274, 0.774626, 0.452048
Z 0.606703, -0.629602, 0.485296

PART 55
OFFSET 14.340843, -14.461442, 39.081602
SCALE 1.000000, 1.000000, 1.000000
X 0.822060, -0.555205, 0.126352
Y -0.192187, -0.479430, -0.856277
Z 0.535986, 0.679628, -0.500824

PART 56
OFFSET 12.780978, -13.813929, 39.363081
SCALE 1.000000, 1.000000, 1.000000
X -0.105831, -0.680620, -0.724952
Y -0.663409, 0.591407, -0.458395
Z 0.740735, 0.432427, -0.514118

PART 57
OFFSET 11.770220, -14.627950, 40.358781
SCALE 1.000000, 1.000000, 1.000000
X 0.011831, -0.979313, -0.202007
Y -0.422405, 0.178216, -0.888714
Z 0.906330, 0.095843, -0.411558

PART 58
OFFSET 12.541271, -14.876040, 39.766124
SCALE 1.000000, 1.000000, 1.000000
X 0.287905, -0.940262, -0.181707
Y -0.507668, 0.011037, -0.861482
Z 0.812024, 0.340272, -0.474164

PART 59
OFFSET 13.832455, -12.755141, 39.057748
SCALE 1.000000, 1.000000, 1.000000
X -0.382840, 0.876669, 0.291349
Y 0.053068, 0.335725, -0.940464
Z -0.922289, -0.344585, -0.175052

PART 60
OFFSET 15.786813, 17.740555, 43.261076
SCALE 1.000000, 1.000000, 1.000000
X 0.378741, 0.323545, -0.867107
Y -0.921739, 0.047451, -0.384898
Z -0.083386, 0.945022, 0.316196

PART 61
OFFSET 12.986591, 20.324355, 42.984391
SCALE 1.000000, 1.000000, 1.000000
X -0.281120, -0.390759, -0.876515
Y -0.470289, -0.740065, 0.480761
Z -0.836540, 0.547368, 0.024278

PART 62
OFFSET 14.597702, 20.105851, 43.084430
SCALE 1.000000, 1.000000, 1.000000
X 0.069792, 0.093412, -0.993178
Y -0.705439, -0.699322, -0.115345
Z -0.705326, 0.708677, 0.017089

PART 63
OFFSET 13.560735, -13.934521, 38.961738
SCALE 1.000000, 1.000000, 1.000000
X 0.579325, -0.727609, -0.367380
Y -0.614086, -0.093229, -0.783714
Z 0.535986, 0.679628, -0.500824

PART 64
OFFSET 11.761280, -13.885356, 40.511902
SCALE 1.000000, 1.000000, 1.000000
X -0.248814, -0.666254, -0.702992
Y -0.341553, 0.739547, -0.580010
Z 0.906329, 0.095795, -0.411570

PART 65
OFFSET 12.232163, -13.866575, 39.961244
SCALE 1.000000, 1.000000, 1.000000
X -0.206853, -0.591907, -0.779011
Y -0.545736, 0.730658, -0.410257
Z 0.812024, 0.340272, -0.474164

PART 66
OFFSET -0.106364, -0.000001, 59.999999
SCALE 1.000000, 1.000000, 1.000000
X 1.000000, 0.000000, 0.000000
Y 0.000000, 1.000000, 0.000000
Z 0.000000, 0.000000, 1.000000

PART 67
OFFSET -0.106364, -0.000001, 59.999999
SCALE 1.000000, 1.000000, 1.000000
X 0.999966, -0.000654, -0.008219
Y 0.000648, 0.999999, -0.000817
Z 0.008220, 0.000811, 0.999966

PART 68
OFFSET -4.749414, 0.001913, 58.661344
SCALE 1.000000, 1.000000, 1.000000
