// Export filename: 'C:\Program Files (x86)\Steam\steamapps\common\Call of Duty Black Ops III\xanim_export\tbd\s2\melee_shovel\vm_melee_shovel_s2_sprint_in.xanim_export'
// Source filename: 'C:\Users\Ash\Documents\WW2 Shovel\wpn_s2_melee_shovel_excel_rig.mb'
// Export time: Sun Nov 19 2017, 17:01:36

ANIMATION
VERSION 3

NUMPARTS 71
PART 0 "tag_torso"
PART 1 "j_shoulder_le"
PART 2 "j_shoulder_ri"
PART 3 "tag_weapon_left"
PART 4 "tag_weapon_right"
PART 5 "j_elbow_le"
PART 6 "j_elbow_ri"
PART 7 "tag_weapon"
PART 8 "j_elbow_bulge_le"
PART 9 "j_wrist_le"
PART 10 "j_wristtwist1_le"
PART 11 "j_wristtwist2_le"
PART 12 "j_wristtwist3_le"
PART 13 "j_wristtwist4_le"
PART 14 "j_wristtwist5_le"
PART 15 "j_wristtwist6_le"
PART 16 "j_wristtwist_le"
PART 17 "j_elbow_bulge_ri"
PART 18 "j_wrist_ri"
PART 19 "j_wristtwist1_ri"
PART 20 "j_wristtwist2_ri"
PART 21 "j_wristtwist3_ri"
PART 22 "j_wristtwist4_ri"
PART 23 "j_wristtwist5_ri"
PART 24 "j_wristtwist6_ri"
PART 25 "j_wristtwist_ri"
PART 26 "tag_knife"
PART 27 "j_indexbase_le"
PART 28 "j_mid_le_1"
PART 29 "j_pinkybase_le"
PART 30 "j_ringbase_le"
PART 31 "j_thumb_le_1"
PART 32 "j_indexbase_ri"
PART 33 "j_mid_ri_1"
PART 34 "j_pinkybase_ri"
PART 35 "j_ringbase_ri"
PART 36 "j_thumb_ri_1"
PART 37 "tag_fx"
PART 38 "j_index_le_1"
PART 39 "j_indexretract_le"
PART 40 "j_mid_le_2"
PART 41 "j_pinky_le_1"
PART 42 "j_ring_le_1"
PART 43 "j_thumb_le_2"
PART 44 "j_index_ri_1"
PART 45 "j_indexretract_ri"
PART 46 "j_mid_ri_2"
PART 47 "j_pinky_ri_1"
PART 48 "j_ring_ri_1"
PART 49 "j_thumb_ri_2"
PART 50 "j_index_le_2"
PART 51 "j_mid_le_3"
PART 52 "j_pinky_le_2"
PART 53 "j_ring_le_2"
PART 54 "j_thumb_le_3"
PART 55 "j_index_ri_2"
PART 56 "j_mid_ri_3"
PART 57 "j_pinky_ri_2"
PART 58 "j_ring_ri_2"
PART 59 "j_thumb_ri_3"
PART 60 "j_index_le_3"
PART 61 "j_pinky_le_3"
PART 62 "j_ring_le_3"
PART 63 "j_index_ri_3"
PART 64 "j_pinky_ri_3"
PART 65 "j_ring_ri_3"
PART 66 "tag_cambone"
PART 67 "tag_camera"
PART 68 "tag_fill_light"
PART 69 "tag_flashlight"
PART 70 "tag_gasmask"

FRAMERATE 30
NUMFRAMES 6

FRAME 0
PART 0
OFFSET -1.009714, -0.000001, 52.513799
SCALE 1.000000, 1.000000, 1.000000
X 1.000000, 0.000000, 0.000000
Y 0.000000, 1.000000, 0.000000
Z 0.000000, 0.000000, 1.000000

PART 1
OFFSET 0.363307, 8.175427, 56.359592
SCALE 1.000000, 1.000000, 1.000000
X 0.691022, 0.465358, -0.553110
Y -0.687002, 0.660756, -0.302374
Z 0.224758, 0.588935, 0.776299

PART 2
OFFSET -3.081700, -10.121058, 53.660183
SCALE 1.000000, 1.000000, 1.000000
X -0.794308, 0.482909, 0.368609
Y 0.591541, 0.753011, 0.288191
Z -0.138397, 0.446960, -0.883783

PART 3
OFFSET -20.371822, -28.925283, 52.324041
SCALE 1.000000, 1.000000, 1.000000
X 0.979402, -0.192045, -0.062375
Y 0.188964, 0.980602, -0.052079
Z 0.071166, 0.039220, 0.996693

PART 4
OFFSET -20.374813, -28.926301, 52.322299
SCALE 1.000000, 1.000000, 1.000000
X 0.979396, -0.192095, -0.062319
Y 0.189016, 0.980592, -0.052077
Z 0.071113, 0.039225, 0.996697

PART 5
OFFSET 8.205466, 12.552676, 50.767645
SCALE 1.000000, 1.000000, 1.000000
X 0.834103, -0.528144, 0.159169
Y 0.503750, 0.611769, -0.609897
Z 0.224739, 0.588899, 0.776332

PART 6
OFFSET 5.906513, -14.810113, 49.881639
SCALE 1.000000, 1.000000, 1.000000
X -0.927220, -0.372041, -0.042984
Y -0.348014, 0.813505, 0.465935
Z -0.138379, 0.446984, -0.883774

PART 7
OFFSET 17.622587, -9.981077, 51.241664
SCALE 1.000000, 1.000000, 1.000000
X 0.991440, 0.112783, 0.065780
Y -0.117693, 0.990116, 0.076274
Z -0.056527, -0.083363, 0.994915

PART 8
OFFSET 8.205466, 12.552676, 50.767645
SCALE 1.000000, 1.000000, 1.000000
X 0.834103, -0.528144, 0.159169
Y 0.503750, 0.611769, -0.609897
Z 0.224739, 0.588899, 0.776332

PART 9
OFFSET 16.692233, 7.256259, 52.474463
SCALE 1.000000, 1.000000, 1.000000
X 0.689860, -0.539018, 0.483272
Y 0.639906, 0.766195, -0.058875
Z -0.338546, 0.349865, 0.873488

PART 10
OFFSET 14.339780, 8.668432, 51.937555
SCALE 1.000000, 1.000000, 1.000000
X 0.834103, -0.528144, 0.159169
Y 0.549186, 0.822128, -0.150003
Z -0.051634, 0.212531, 0.975789

PART 11
OFFSET 13.317395, 9.315804, 51.742572
SCALE 1.000000, 1.000000, 1.000000
X 0.834103, -0.528144, 0.159169
Y 0.551603, 0.799850, -0.236587
Z -0.002359, 0.285136, 0.958484

PART 12
OFFSET 12.295008, 9.963179, 51.547586
SCALE 1.000000, 1.000000, 1.000000
X 0.834103, -0.528144, 0.159169
Y 0.549607, 0.771168, -0.321298
Z 0.046946, 0.355477, 0.933505

PART 13
OFFSET 11.272621, 10.610554, 51.352602
SCALE 1.000000, 1.000000, 1.000000
X 0.834103, -0.528144, 0.159169
Y 0.543752, 0.738721, -0.398278
Z 0.092767, 0.418753, 0.903349

PART 14
OFFSET 10.250235, 11.257926, 51.157616
SCALE 1.000000, 1.000000, 1.000000
X 0.834103, -0.528144, 0.159169
Y 0.534128, 0.701251, -0.472180
Z 0.137762, 0.478864, 0.867013

PART 15
OFFSET 9.227850, 11.905301, 50.962633
SCALE 1.000000, 1.000000, 1.000000
X 0.834103, -0.528144, 0.159169
Y 0.520752, 0.658793, -0.542964
Z 0.181904, 0.535776, 0.824533

PART 16
OFFSET 15.362165, 8.021058, 52.132538
SCALE 1.000000, 1.000000, 1.000000
X 0.834103, -0.528144, 0.159169
Y 0.542953, 0.837008, -0.067963
Z -0.097332, 0.143110, 0.984909

PART 17
OFFSET 5.906513, -14.810113, 49.881639
SCALE 1.000000, 1.000000, 1.000000
X -0.927220, -0.372041, -0.042984
Y -0.348014, 0.813505, 0.465935
Z -0.138379, 0.446984, -0.883774

PART 18
OFFSET 15.693226, -11.080394, 50.418230
SCALE 1.000000, 1.000000, 1.000000
X -0.855710, -0.066554, -0.513157
Y -0.517451, 0.106177, 0.849100
Z -0.002025, 0.992117, -0.125295

PART 19
OFFSET 12.723562, -12.075371, 50.197844
SCALE 1.000000, 1.000000, 1.000000
X -0.927220, -0.372041, -0.042984
Y -0.166710, 0.307234, 0.936918
Z -0.335366, 0.875895, -0.346896

PART 20
OFFSET 11.587389, -12.531161, 50.145146
SCALE 1.000000, 1.000000, 1.000000
X -0.927220, -0.372041, -0.042984
Y -0.207967, 0.416027, 0.885252
Z -0.311468, 0.829763, -0.463121

PART 21
OFFSET 10.451212, -12.986950, 50.092443
SCALE 1.000000, 1.000000, 1.000000
X -0.927220, -0.372041, -0.042984
Y -0.245862, 0.518101, 0.819221
Z -0.282514, 0.770167, -0.571864

PART 22
OFFSET 9.315035, -13.442742, 50.039744
SCALE 1.000000, 1.000000, 1.000000
X -0.927220, -0.372041, -0.042984
Y -0.277734, 0.606067, 0.745350
Z -0.251250, 0.703042, -0.665286

PART 23
OFFSET 8.178861, -13.898530, 49.987042
SCALE 1.000000, 1.000000, 1.000000
X -0.927220, -0.372041, -0.042984
Y -0.305557, 0.685129, 0.661236
Z -0.216558, 0.626246, -0.748945

PART 24
OFFSET 7.042687, -14.354321, 49.934343
SCALE 1.000000, 1.000000, 1.000000
X -0.927220, -0.372041, -0.042984
Y -0.329124, 0.754685, 0.567563
Z -0.178717, 0.540403, -0.822207

PART 25
OFFSET 13.859737, -11.619581, 50.250543
SCALE 1.000000, 1.000000, 1.000000
X -0.927220, -0.372041, -0.042984
Y -0.125684, 0.200992, 0.971497
Z -0.352797, 0.906194, -0.233124

PART 26
OFFSET 17.622587, -9.981077, 51.241664
SCALE 1.000000, 1.000000, 1.000000
X 0.056527, 0.083363, -0.994915
Y -0.117693, 0.990116, 0.076274
Z 0.991440, 0.112783, 0.065780

PART 27
OFFSET 18.360238, 4.598288, 54.274031
SCALE 1.000000, 1.000000, 1.000000
X 0.689860, -0.539018, 0.483272
Y 0.639906, 0.766195, -0.058875
Z -0.338546, 0.349865, 0.873488

PART 28
OFFSET 19.143039, 5.469059, 54.327224
SCALE 1.000000, 1.000000, 1.000000
X 0.699919, -0.684475, -0.203980
Y -0.371565, -0.105052, -0.922444
Z 0.609961, 0.721428, -0.327855

PART 29
OFFSET 17.998846, 7.774006, 52.446748
SCALE 1.000000, 1.000000, 1.000000
X 0.864040, -0.501316, 0.046011
Y -0.094722, -0.251658, -0.963170
Z 0.494431, 0.827859, -0.264928

PART 30
OFFSET 17.924384, 7.265786, 53.037137
SCALE 1.000000, 1.000000, 1.000000
X 0.822866, -0.495877, 0.277486
Y 0.100184, -0.354076, -0.929835
Z 0.559335, 0.792929, -0.241678

PART 31
OFFSET 16.267235, 5.785015, 52.740323
SCALE 1.000000, 1.000000, 1.000000
X 0.611682, -0.759468, 0.221480
Y 0.778538, 0.627595, 0.001904
Z -0.140446, 0.171266, 0.975163

PART 32
OFFSET 18.090778, -10.813378, 53.112108
SCALE 1.000000, 1.000000, 1.000000
X -0.855710, -0.066554, -0.513157
Y -0.517451, 0.106177, 0.849100
Z -0.002025, 0.992117, -0.125295

PART 33
OFFSET 18.462885, -11.061678, 52.034687
SCALE 1.000000, 1.000000, 1.000000
X -0.149912, -0.988699, 0.000935
Y 0.985216, -0.149304, 0.084013
Z -0.082924, 0.013516, 0.996464

PART 34
OFFSET 16.761802, -10.811048, 49.730311
SCALE 1.000000, 1.000000, 1.000000
X 0.918009, 0.322544, 0.230707
Y 0.188553, 0.156783, -0.969467
Z -0.348867, 0.933480, 0.083112

PART 35
OFFSET 16.940671, -11.093263, 50.446248
SCALE 1.000000, 1.000000, 1.000000
X 0.929200, 0.176190, 0.324876
Y 0.307087, 0.121020, -0.943955
Z -0.205632, 0.976889, 0.058346

PART 36
OFFSET 15.534647, -10.712975, 51.316372
SCALE 1.000000, 1.000000, 1.000000
X -0.548320, -0.481081, -0.684036
Y -0.809830, 0.509510, 0.290819
Z 0.208616, 0.713415, -0.668968

PART 37
OFFSET 16.758585, -11.455827, 66.731656
SCALE 1.000000, 1.000000, 1.000000
X -0.056527, -0.083363, 0.994915
Y -0.117693, 0.990116, 0.076274
Z -0.991440, -0.112783, -0.065780

PART 38
OFFSET 18.531685, 4.727492, 54.450234
SCALE 1.000000, 1.000000, 1.000000
X 0.728195, -0.681909, 0.068797
Y -0.003649, -0.104236, -0.994546
Z 0.685361, 0.723972, -0.078392

PART 39
OFFSET 18.360238, 4.598288, 54.274031
SCALE 1.000000, 1.000000, 1.000000
X 0.689860, -0.539018, 0.483272
Y 0.639906, 0.766195, -0.058875
Z -0.338546, 0.349865, 0.873488

PART 40
OFFSET 20.573144, 4.070514, 53.910482
SCALE 1.000000, 1.000000, 1.000000
X 0.253762, -0.569773, -0.781642
Y -0.750701, 0.393574, -0.530610
Z 0.609961, 0.721428, -0.327855

PART 41
OFFSET 20.152756, 6.612967, 52.688986
SCALE 1.000000, 1.000000, 1.000000
X 0.781192, -0.620778, 0.066130
Y -0.363354, -0.538254, -0.760432
Z 0.507654, 0.570015, -0.646042

PART 42
OFFSET 19.766655, 6.023139, 53.608393
SCALE 1.000000, 1.000000, 1.000000
X 0.754945, -0.639579, -0.144901
Y -0.360807, -0.220587, -0.906179
Z 0.547610, 0.736397, -0.397296

PART 43
OFFSET 17.453012, 4.185119, 53.021727
SCALE 1.000000, 1.000000, 1.000000
X 0.504329, -0.758637, 0.412458
Y 0.827434, 0.561189, 0.020463
Z -0.246991, 0.330962, 0.910747

PART 44
OFFSET 17.994306, -11.018801, 52.881287
SCALE 1.000000, 1.000000, 1.000000
X -0.499641, -0.858439, -0.115934
Y 0.771164, -0.501763, 0.391842
Z -0.394544, 0.106376, 0.912699

PART 45
OFFSET 18.090778, -10.813378, 53.112108
SCALE 1.000000, 1.000000, 1.000000
X -0.855710, -0.066554, -0.513157
Y -0.517451, 0.106177, 0.849100
Z -0.002025, 0.992117, -0.125295

PART 46
OFFSET 18.769144, -9.041565, 52.032728
SCALE 1.000000, 1.000000, 1.000000
X 0.996465, -0.011870, 0.083171
Y 0.012953, 0.999838, -0.012490
Z -0.083010, 0.013523, 0.996457

PART 47
OFFSET 18.690893, -10.243664, 50.037909
SCALE 1.000000, 1.000000, 1.000000
X 0.398860, -0.875288, -0.273463
Y 0.888511, 0.442649, -0.120871
Z 0.226845, -0.194764, 0.954258

PART 48
OFFSET 18.763516, -10.693574, 51.094211
SCALE 1.000000, 1.000000, 1.000000
X 0.113840, -0.991343, -0.065423
Y 0.993498, 0.113694, 0.005965
Z 0.001525, -0.065677, 0.997840

PART 49
OFFSET 16.638550, -9.557473, 52.821171
SCALE 1.000000, 1.000000, 1.000000
X -0.806887, -0.298179, -0.509924
Y -0.549460, 0.695773, 0.462594
Z 0.216856, 0.653444, -0.725248

PART 50
OFFSET 19.829243, 3.512391, 54.572829
SCALE 1.000000, 1.000000, 1.000000
X 0.570684, -0.600784, -0.559802
Y -0.452391, 0.338915, -0.824911
Z 0.685319, 0.724013, -0.078376

PART 51
OFFSET 20.870644, 3.402548, 52.994122
SCALE 1.000000, 1.000000, 1.000000
X -0.181928, -0.275194, -0.944018
Y -0.771265, 0.635460, -0.036610
Z 0.609961, 0.721428, -0.327855

PART 52
OFFSET 21.173141, 5.802157, 52.775393
SCALE 1.000000, 1.000000, 1.000000
X 0.428596, -0.817566, -0.384566
Y -0.747390, -0.081665, -0.659347
Z 0.507654, 0.570015, -0.646042

PART 53
OFFSET 21.003942, 4.974909, 53.370894
SCALE 1.000000, 1.000000, 1.000000
X 0.345152, -0.631287, -0.694512
Y -0.762255, 0.243179, -0.599859
Z 0.547574, 0.736438, -0.397268

PART 54
OFFSET 18.122314, 3.265610, 53.513268
SCALE 1.000000, 1.000000, 1.000000
X 0.685675, -0.645645, 0.336143
Y 0.649703, 0.751077, 0.117342
Z -0.328230, 0.137935, 0.934473

PART 55
OFFSET 18.884631, -9.489202, 53.087784
SCALE 1.000000, 1.000000, 1.000000
X 0.825558, -0.395102, 0.402924
Y 0.403471, 0.912457, 0.068066
Z -0.394544, 0.106376, 0.912699

PART 56
OFFSET 17.600913, -9.027683, 51.935216
SCALE 1.000000, 1.000000, 1.000000
X 0.626373, 0.778413, 0.041589
Y -0.775088, 0.627606, -0.073141
Z -0.083035, 0.013578, 0.996454

PART 57
OFFSET 18.169931, -9.100390, 50.395073
SCALE 1.000000, 1.000000, 1.000000
X 0.968727, 0.146348, -0.200378
Y -0.100616, 0.969860, 0.221918
Z 0.226816, -0.194817, 0.954254

PART 58
OFFSET 18.576928, -9.068820, 51.201464
SCALE 1.000000, 1.000000, 1.000000
X 0.998178, 0.060287, 0.002356
Y -0.060311, 0.996019, 0.065647
Z 0.001611, -0.065670, 0.997840

PART 59
OFFSET 17.318237, -9.242333, 53.320253
SCALE 1.000000, 1.000000, 1.000000
X -0.991296, 0.104444, -0.080146
Y 0.022112, 0.732219, 0.680710
Z 0.129780, 0.673013, -0.728155

PART 60
OFFSET 20.370873, 2.942238, 54.041556
SCALE 1.000000, 1.000000, 1.000000
X 0.505667, -0.550546, -0.664229
Y -0.524060, 0.415576, -0.743409
Z 0.685319, 0.724013, -0.078376

PART 61
OFFSET 21.498149, 5.182283, 52.483814
SCALE 1.000000, 1.000000, 1.000000
X 0.092877, -0.781688, -0.616715
Y -0.856540, 0.253076, -0.449769
Z 0.507654, 0.570015, -0.646042

PART 62
OFFSET 21.374478, 4.297186, 52.625279
SCALE 1.000000, 1.000000, 1.000000
X -0.119669, -0.400969, -0.908242
Y -0.828156, 0.544870, -0.131432
Z 0.547574, 0.736438, -0.397268

PART 63
OFFSET 18.101102, -9.114305, 52.705414
SCALE 1.000000, 1.000000, 1.000000
X 0.884103, 0.314616, 0.345513
Y -0.250396, 0.943240, -0.218177
Z -0.394544, 0.106376, 0.912699

PART 64
OFFSET 17.435380, -9.211314, 50.547088
SCALE 1.000000, 1.000000, 1.000000
X 0.705329, 0.708506, -0.023024
Y -0.671622, 0.678297, 0.298055
Z 0.226791, -0.194764, 0.954271

PART 65
OFFSET 17.505293, -9.133552, 51.198902
SCALE 1.000000, 1.000000, 1.000000
X 0.590907, 0.805059, 0.052054
Y -0.806738, 0.589543, 0.040157
Z 0.001641, -0.065723, 0.997837

PART 66
OFFSET -0.106364, -0.000001, 59.999999
SCALE 1.000000, 1.000000, 1.000000
X 1.000000, 0.000000, 0.000000
Y 0.000000, 1.000000, 0.000000
Z 0.000000, 0.000000, 1.000000

PART 67
OFFSET -0.106364, -0.000001, 59.999999
SCALE 1.000000, 1.000000, 1.000000
X 1.000000, 0.000000, 0.000000
Y 0.000000, 1.000000, 0.000000
Z 0.000000, 0.000000, 1.000000

PART 68
OFFSET -4.738254, -0.000001, 58.623226
SCALE 1.000000, 1.000000, 1.000000
X 1.000000, 0.000000, 0.000000
Y 0.000000, 1.000000, 0.000000
Z 0.000000, 0.000000, 1.000000

PART 69
OFFSET 1.434187, -0.000001, 64.135821
SCALE 1.000000, 1.000000, 1.000000
X 1.000000, 0.000000, 0.000000
Y 0.000000, 1.000000, 0.000000
Z 0.000000, 0.000000, 1.000000

PART 70
OFFSET 1.434187, -0.000001, 64.135821
SCALE 1.000000, 1.000000, 1.000000
X 1.000000, 0.000000, 0.000000
Y 0.000000, 1.000000, 0.000000
Z 0.000000, 0.000000, 1.000000

FRAME 1
PART 0
OFFSET -1.009714, -0.000001, 52.513799
SCALE 1.000000, 1.000000, 1.000000
X 1.000000, 0.000000, 0.000000
Y 0.000000, 1.000000, 0.000000
Z 0.000000, 0.000000, 1.000000

PART 1
OFFSET 0.188795, 8.160739, 56.272845
SCALE 1.000000, 1.000000, 1.000000
X 0.635854, 0.502044, -0.586209
Y -0.738150, 0.617425, -0.271883
Z 0.225443, 0.605588, 0.763176

PART 2
OFFSET -2.866947, -9.876710, 53.851216
SCALE 1.000000, 1.000000, 1.000000
X -0.733195, 0.505770, 0.454557
Y 0.666992, 0.665084, 0.335834
Z -0.132464, 0.549418, -0.824981

PART 3
OFFSET -20.372664, -28.929431, 52.323727
SCALE 1.000000, 1.000000, 1.000000
X 0.979415, -0.191963, -0.062424
Y 0.188879, 0.980618, -0.052093
Z 0.071214, 0.039230, 0.996689

PART 4
OFFSET -20.374813, -28.926301, 52.322299
SCALE 1.000000, 1.000000, 1.000000
X 0.979396, -0.192095, -0.062319
Y 0.189016, 0.980592, -0.052077
Z 0.071113, 0.039225, 0.996697

PART 5
OFFSET 7.478222, 12.943259, 50.323901
SCALE 1.000000, 1.000000, 1.000000
X 0.855987, -0.497202, 0.141691
Y 0.465265, 0.621343, -0.630445
Z 0.225420, 0.605577, 0.763192

PART 6
OFFSET 5.487463, -14.807416, 49.226482
SCALE 1.000000, 1.000000, 1.000000
X -0.925677, -0.366128, -0.095251
Y -0.354378, 0.751034, 0.557103
Z -0.132434, 0.549452, -0.824963

PART 7
OFFSET 17.227616, -10.012512, 50.656185
SCALE 1.000000, 1.000000, 1.000000
X 0.993543, 0.110061, 0.027554
Y -0.111791, 0.991113, 0.072102
Z -0.019373, -0.074717, 0.997017

PART 8
OFFSET 7.478222, 12.943259, 50.323901
SCALE 1.000000, 1.000000, 1.000000
X 0.855987, -0.497202, 0.141691
Y 0.465265, 0.621343, -0.630445
Z 0.225420, 0.605577, 0.763192

PART 9
OFFSET 16.189671, 7.970896, 51.841979
SCALE 1.000000, 1.000000, 1.000000
X 0.742508, -0.451759, 0.494566
Y 0.600971, 0.775370, -0.193999
Z -0.295831, 0.441266, 0.847212

PART 10
OFFSET 13.773462, 9.286572, 51.365269
SCALE 1.000000, 1.000000, 1.000000
X 0.855987, -0.497202, 0.141691
Y 0.516825, 0.815870, -0.259324
Z 0.013335, 0.295207, 0.955340

PART 11
OFFSET 12.724257, 9.896019, 51.191710
SCALE 1.000000, 1.000000, 1.000000
X 0.855987, -0.497202, 0.141691
Y 0.514418, 0.791765, -0.329366
Z 0.051576, 0.354822, 0.933510

PART 12
OFFSET 11.675049, 10.505467, 51.018148
SCALE 1.000000, 1.000000, 1.000000
X 0.855987, -0.497202, 0.141691
Y 0.509184, 0.763305, -0.397615
Z 0.089542, 0.412500, 0.906546

PART 13
OFFSET 10.625840, 11.114916, 50.844588
SCALE 1.000000, 1.000000, 1.000000
X 0.855987, -0.497202, 0.141691
Y 0.501748, 0.732859, -0.459529
Z 0.124639, 0.464444, 0.876788

PART 14
OFFSET 9.576633, 11.724362, 50.671025
SCALE 1.000000, 1.000000, 1.000000
X 0.855987, -0.497202, 0.141691
Y 0.491939, 0.699024, -0.519001
Z 0.159003, 0.513962, 0.842948

PART 15
OFFSET 8.527428, 12.333810, 50.497465
SCALE 1.000000, 1.000000, 1.000000
X 0.855987, -0.497202, 0.141691
Y 0.479747, 0.661754, -0.576128
Z 0.192688, 0.561134, 0.804984

PART 16
OFFSET 14.822669, 8.677125, 51.538829
SCALE 1.000000, 1.000000, 1.000000
X 0.855987, -0.497202, 0.141691
Y 0.516508, 0.834353, -0.192551
Z -0.022484, 0.238005, 0.971004

PART 17
OFFSET 5.487463, -14.807416, 49.226482
SCALE 1.000000, 1.000000, 1.000000
X -0.925677, -0.366128, -0.095251
Y -0.354378, 0.751034, 0.557103
Z -0.132434, 0.549452, -0.824963

PART 18
OFFSET 15.261773, -11.137905, 50.285763
SCALE 1.000000, 1.000000, 1.000000
X -0.874519, -0.068064, -0.480192
Y -0.484977, 0.115033, 0.866928
Z -0.003769, 0.991027, -0.133608

PART 19
OFFSET 12.293164, -12.116167, 49.926891
SCALE 1.000000, 1.000000, 1.000000
X -0.925677, -0.366128, -0.095251
Y -0.208733, 0.284297, 0.935738
Z -0.315520, 0.886073, -0.339591

PART 20
OFFSET 11.158883, -12.564709, 49.810159
SCALE 1.000000, 1.000000, 1.000000
X -0.925677, -0.366128, -0.095251
Y -0.241982, 0.379481, 0.892994
Z -0.290804, 0.849673, -0.439874

PART 21
OFFSET 10.024596, -13.013249, 49.693423
SCALE 1.000000, 1.000000, 1.000000
X -0.925677, -0.366128, -0.095251
Y -0.272336, 0.470135, 0.839527
Z -0.262594, 0.803071, -0.534903

PART 22
OFFSET 8.890311, -13.461792, 49.576689
SCALE 1.000000, 1.000000, 1.000000
X -0.925677, -0.366128, -0.095251
Y -0.297796, 0.549902, 0.780337
Z -0.233324, 0.750705, -0.618063

PART 23
OFFSET 7.756028, -13.910331, 49.459953
SCALE 1.000000, 1.000000, 1.000000
X -0.925677, -0.366128, -0.095251
Y -0.320043, 0.623611, 0.713219
Z -0.201730, 0.690695, -0.694439

PART 24
OFFSET 6.621746, -14.358873, 49.343220
SCALE 1.000000, 1.000000, 1.000000
X -0.925677, -0.366128, -0.095251
Y -0.338993, 0.690968, 0.638473
Z -0.167947, 0.623309, -0.763728

PART 25
OFFSET 13.427447, -11.667626, 50.043624
SCALE 1.000000, 1.000000, 1.000000
X -0.925677, -0.366128, -0.095251
Y -0.175379, 0.192211, 0.965555
Z -0.335209, 0.910497, -0.242137

PART 26
OFFSET 17.227616, -10.012512, 50.656185
SCALE 1.000000, 1.000000, 1.000000
X 0.019373, 0.074717, -0.997017
Y -0.111791, 0.991113, 0.072102
Z 0.993543, 0.110061, 0.027554

PART 27
OFFSET 18.084630, 5.611435, 53.823788
SCALE 1.000000, 1.000000, 1.000000
X 0.742508, -0.451759, 0.494566
Y 0.600971, 0.775370, -0.193999
Z -0.295831, 0.441266, 0.847212

PART 28
OFFSET 18.830858, 6.509151, 53.718325
SCALE 1.000000, 1.000000, 1.000000
X 0.690098, -0.680327, -0.246818
Y -0.482601, -0.178449, -0.857469
Z 0.539315, 0.710852, -0.451474

PART 29
OFFSET 17.470596, 8.527072, 51.664339
SCALE 1.000000, 1.000000, 1.000000
X 0.889675, -0.452410, 0.061674
Y -0.129567, -0.379670, -0.916004
Z 0.437825, 0.806954, -0.396401

PART 30
OFFSET 17.452413, 8.095212, 52.314802
SCALE 1.000000, 1.000000, 1.000000
X 0.859946, -0.424722, 0.283028
Y 0.061486, -0.464289, -0.883547
Z 0.506668, 0.777205, -0.373149

PART 31
OFFSET 15.851819, 6.526651, 52.325696
SCALE 1.000000, 1.000000, 1.000000
X 0.666594, -0.707075, 0.236003
Y 0.743656, 0.652581, -0.145305
Z -0.051269, 0.272365, 0.960827

PART 32
OFFSET 17.759294, -10.856069, 52.885663
SCALE 1.000000, 1.000000, 1.000000
X -0.874519, -0.068064, -0.480192
Y -0.484977, 0.115033, 0.866928
Z -0.003769, 0.991027, -0.133608

PART 33
OFFSET 18.090082, -11.114716, 51.797190
SCALE 1.000000, 1.000000, 1.000000
X -0.152739, -0.988153, 0.014989
Y 0.987219, -0.151862, 0.048344
Z -0.045495, 0.022181, 0.998718

PART 34
OFFSET 16.304636, -10.877888, 49.556067
SCALE 1.000000, 1.000000, 1.000000
X 0.926956, 0.321460, 0.193431
Y 0.152580, 0.147999, -0.977147
Z -0.342741, 0.935286, 0.088140

PART 35
OFFSET 16.509348, -11.154653, 50.267193
SCALE 1.000000, 1.000000, 1.000000
X 0.941235, 0.175850, 0.288362
Y 0.271886, 0.112048, -0.955784
Z -0.200385, 0.978019, 0.057652

PART 36
OFFSET 15.138027, -10.762411, 51.186038
SCALE 1.000000, 1.000000, 1.000000
X -0.574977, -0.485024, -0.658904
Y -0.796857, 0.514593, 0.316563
Z 0.185527, 0.707068, -0.682374

PART 37
OFFSET 16.941535, -11.352689, 66.179822
SCALE 1.000000, 1.000000, 1.000000
X -0.019373, -0.074717, 0.997017
Y -0.111791, 0.991113, 0.072102
Z -0.993543, -0.110061, -0.027554

PART 38
OFFSET 18.261415, 5.767001, 53.970985
SCALE 1.000000, 1.000000, 1.000000
X 0.751351, -0.659875, -0.006059
Y -0.140652, -0.151167, -0.978451
Z 0.644739, 0.736012, -0.206393

PART 39
OFFSET 18.084630, 5.611435, 53.823788
SCALE 1.000000, 1.000000, 1.000000
X 0.742508, -0.451759, 0.494566
Y 0.600971, 0.775370, -0.193999
Z -0.295831, 0.441266, 0.847212

PART 40
OFFSET 20.240901, 5.119082, 53.214054
SCALE 1.000000, 1.000000, 1.000000
X 0.068528, -0.571395, -0.817809
Y -0.839311, 0.410118, -0.356876
Z 0.539315, 0.710852, -0.451474

PART 41
OFFSET 19.679162, 7.489141, 51.940252
SCALE 1.000000, 1.000000, 1.000000
X 0.766376, -0.641568, -0.032522
Y -0.494279, -0.556584, -0.667759
Z 0.410311, 0.527830, -0.743667

PART 42
OFFSET 19.380903, 7.006726, 52.915294
SCALE 1.000000, 1.000000, 1.000000
X 0.734514, -0.646572, -0.205996
Y -0.485926, -0.289257, -0.824746
Z 0.473672, 0.705886, -0.526649

PART 43
OFFSET 17.126892, 5.023656, 52.650717
SCALE 1.000000, 1.000000, 1.000000
X 0.637143, -0.661290, 0.395910
Y 0.750531, 0.649196, -0.123484
Z -0.175365, 0.375819, 0.909949

PART 44
OFFSET 17.653639, -11.063161, 52.660377
SCALE 1.000000, 1.000000, 1.000000
X -0.506185, -0.857735, -0.089823
Y 0.783801, -0.500984, 0.366974
Z -0.359767, 0.115354, 0.925884

PART 45
OFFSET 17.759294, -10.856069, 52.885663
SCALE 1.000000, 1.000000, 1.000000
X -0.874519, -0.068064, -0.480192
Y -0.484977, 0.115033, 0.866928
Z -0.003769, 0.991027, -0.133608

PART 46
OFFSET 18.402118, -9.095719, 51.766519
SCALE 1.000000, 1.000000, 1.000000
X 0.998841, -0.014461, 0.045899
Y 0.015461, 0.999649, -0.021512
Z -0.045572, 0.022197, 0.998714

PART 47
OFFSET 18.245566, -10.314270, 49.786408
SCALE 1.000000, 1.000000, 1.000000
X 0.385744, -0.878860, -0.280726
Y 0.884671, 0.438699, -0.157800
Z 0.261839, -0.187480, 0.946727

PART 48
OFFSET 18.356363, -10.755544, 50.843057
SCALE 1.000000, 1.000000, 1.000000
X 0.108342, -0.992230, -0.061168
Y 0.993361, 0.110449, -0.032185
Z 0.038691, -0.057275, 0.997608

PART 49
OFFSET 16.300933, -9.597910, 52.638553
SCALE 1.000000, 1.000000, 1.000000
X -0.826297, -0.299800, -0.476815
Y -0.529679, 0.701456, 0.476864
Z 0.191501, 0.646590, -0.738409

PART 50
OFFSET 19.600237, 4.591163, 53.960196
SCALE 1.000000, 1.000000, 1.000000
X 0.431003, -0.572959, -0.697104
Y -0.631347, 0.360477, -0.686628
Z 0.644700, 0.736053, -0.206369

PART 51
OFFSET 20.321242, 4.449214, 52.255293
SCALE 1.000000, 1.000000, 1.000000
X -0.441932, -0.217472, -0.870288
Y -0.716861, 0.668839, 0.196888
Z 0.539265, 0.710887, -0.451479

PART 52
OFFSET 20.680200, 6.651177, 51.897798
SCALE 1.000000, 1.000000, 1.000000
X 0.235597, -0.849143, -0.472705
Y -0.880987, 0.018750, -0.472768
Z 0.410311, 0.527830, -0.743667

PART 53
OFFSET 20.584703, 5.947034, 52.577668
SCALE 1.000000, 1.000000, 1.000000
X 0.131880, -0.648075, -0.750071
Y -0.870746, 0.285873, -0.400097
Z 0.473718, 0.705886, -0.526608

PART 54
OFFSET 17.946516, 4.234085, 53.111197
SCALE 1.000000, 1.000000, 1.000000
X 0.824331, -0.496274, 0.272378
Y 0.523617, 0.851290, -0.033630
Z -0.215183, 0.170344, 0.961602

PART 55
OFFSET 18.555622, -9.534819, 52.820346
SCALE 1.000000, 1.000000, 1.000000
X 0.838893, -0.394414, 0.375094
Y 0.408453, 0.911663, 0.045120
Z -0.359756, 0.115357, 0.925888

PART 56
OFFSET 17.231099, -9.078800, 51.712704
SCALE 1.000000, 1.000000, 1.000000
X 0.629804, 0.776669, 0.011456
Y -0.775414, 0.629516, -0.049418
Z -0.045593, 0.022241, 0.998712

PART 57
OFFSET 17.741736, -9.166330, 50.153060
SCALE 1.000000, 1.000000, 1.000000
X 0.960974, 0.141487, -0.237720
Y -0.089374, 0.972018, 0.217241
Z 0.261804, -0.187517, 0.946729

PART 58
OFFSET 18.178789, -9.129335, 50.943336
SCALE 1.000000, 1.000000, 1.000000
X 0.997744, 0.056996, -0.035476
Y -0.054828, 0.996730, 0.059349
Z 0.038743, -0.057270, 0.997607

PART 59
OFFSET 16.999762, -9.280817, 53.109149
SCALE 1.000000, 1.000000, 1.000000
X -0.993285, 0.107045, -0.043880
Y 0.049779, 0.737843, 0.673135
Z 0.104432, 0.666430, -0.738217

PART 60
OFFSET 20.009303, 4.047417, 53.298612
SCALE 1.000000, 1.000000, 1.000000
X 0.248686, -0.457224, -0.853874
Y -0.722854, 0.499171, -0.477818
Z 0.644700, 0.736053, -0.206369

PART 61
OFFSET 20.858875, 6.007355, 51.539382
SCALE 1.000000, 1.000000, 1.000000
X -0.246157, -0.721100, -0.647627
Y -0.878095, 0.448787, -0.165947
Z 0.410311, 0.527830, -0.743667

PART 62
OFFSET 20.726276, 5.251288, 51.772410
SCALE 1.000000, 1.000000, 1.000000
X -0.409877, -0.352472, -0.841287
Y -0.779477, 0.614364, 0.122364
Z 0.473727, 0.705918, -0.526557

PART 63
OFFSET 17.759437, -9.160574, 52.464391
SCALE 1.000000, 1.000000, 1.000000
X 0.897362, 0.314588, 0.309477
Y -0.255573, 0.942193, -0.216692
Z -0.359756, 0.115357, 0.925888

PART 64
OFFSET 17.013066, -9.273568, 50.333389
SCALE 1.000000, 1.000000, 1.000000
X 0.706063, 0.705976, -0.055437
Y -0.657985, 0.682972, 0.317183
Z 0.261785, -0.187474, 0.946743

PART 65
OFFSET 17.107619, -9.190535, 50.981389
SCALE 1.000000, 1.000000, 1.000000
X 0.594863, 0.803497, 0.023046
Y -0.802892, 0.592544, 0.065242
Z 0.038766, -0.057313, 0.997603

PART 66
OFFSET -0.106364, -0.000001, 59.999999
SCALE 1.000000, 1.000000, 1.000000
X 1.000000, 0.000000, 0.000000
Y 0.000000, 1.000000, 0.000000
Z 0.000000, 0.000000, 1.000000

PART 67
OFFSET -0.106364, -0.000001, 59.999999
SCALE 1.000000, 1.000000, 1.000000
X 1.000000, 0.000000, 0.000183
Y 0.000000, 1.000000, -0.000586
Z -0.000183, 0.000586, 1.000000

PART 68
OFFSET -4.738002, -0.000808, 58.622378
SCALE 1.000000, 1.000000, 1.000000
X 1.000000, 0.000000, 0.000183
Y 0.000000, 1.000000, -0.000586
Z -0.000183, 0.000586, 1.000000

PART 69
OFFSET 1.433430, 0.002422, 64.136103
SCALE 1.000000, 1.000000, 1.000000
X 1.000000, 0.000000, 0.000183
Y 0.000000, 1.000000, -0.000586
Z -0.000183, 0.000586, 1.000000

PART 70
OFFSET 1.433430, 0.002422, 64.136103
SCALE 1.000000, 1.000000, 1.000000
X 1.000000, 0.000000, 0.000183
Y 0.000000, 1.000000, -0.000586
Z -0.000183, 0.000586, 1.000000

FRAME 2
PART 0
OFFSET -1.009714, -0.000001, 52.513799
SCALE 1.000000, 1.000000, 1.000000
X 1.000000, 0.000000, 0.000000
Y 0.000000, 1.000000, 0.000000
Z 0.000000, 0.000000, 1.000000

PART 1
OFFSET -0.199419, 8.076468, 56.080447
SCALE 1.000000, 1.000000, 1.000000
X 0.523577, 0.550719, -0.650058
Y -0.823964, 0.521363, -0.221956
Z 0.216680, 0.651835, 0.726746

PART 2
OFFSET -2.342789, -9.263158, 54.382260
SCALE 1.000000, 1.000000, 1.000000
X -0.577955, 0.537948, 0.613661
Y 0.808111, 0.482025, 0.338539
Z -0.113683, 0.691567, -0.713310

PART 3
OFFSET -20.372655, -28.925053, 52.321997
SCALE 1.000000, 1.000000, 1.000000
X 0.979407, -0.192067, -0.062222
Y 0.188985, 0.980593, -0.052173
Z 0.071035, 0.039340, 0.996698

PART 4
OFFSET -20.374813, -28.926301, 52.322299
SCALE 1.000000, 1.000000, 1.000000
X 0.979396, -0.192095, -0.062319
Y 0.189016, 0.980592, -0.052077
Z 0.071113, 0.039225, 0.996697

PART 5
OFFSET 5.968761, 13.432113, 49.437129
SCALE 1.000000, 1.000000, 1.000000
X 0.904916, -0.413421, 0.101050
Y 0.366321, 0.635752, -0.679433
Z 0.216649, 0.651846, 0.726746

PART 6
OFFSET 4.408126, -14.559203, 48.172316
SCALE 1.000000, 1.000000, 1.000000
X -0.929568, -0.327407, -0.169434
Y -0.350708, 0.643751, 0.680139
Z -0.113608, 0.691657, -0.713234

PART 7
OFFSET 16.166948, -10.122561, 49.275813
SCALE 1.000000, 1.000000, 1.000000
X 0.992718, 0.102907, -0.062621
Y -0.099069, 0.993173, 0.061587
Z 0.068531, -0.054934, 0.996135

PART 8
OFFSET 5.968761, 13.432113, 49.437129
SCALE 1.000000, 1.000000, 1.000000
X 0.904916, -0.413421, 0.101050
Y 0.366321, 0.635752, -0.679433
Z 0.216649, 0.651846, 0.726746

PART 9
OFFSET 15.180696, 9.329983, 50.511521
SCALE 1.000000, 1.000000, 1.000000
X 0.811051, -0.275181, 0.516208
Y 0.533655, 0.709499, -0.460242
Z -0.239599, 0.648757, 0.722292

PART 10
OFFSET 12.623803, 10.391557, 50.179616
SCALE 1.000000, 1.000000, 1.000000
X 0.904916, -0.413421, 0.101050
Y 0.405849, 0.766785, -0.497321
Z 0.128119, 0.491044, 0.861662

PART 11
OFFSET 11.514631, 10.898315, 50.055871
SCALE 1.000000, 1.000000, 1.000000
X 0.904916, -0.413421, 0.101050
Y 0.400431, 0.746646, -0.531201
Z 0.144161, 0.521156, 0.841198

PART 12
OFFSET 10.405455, 11.405074, 49.932122
SCALE 1.000000, 1.000000, 1.000000
X 0.904916, -0.413421, 0.101050
Y 0.394379, 0.725320, -0.564248
Z 0.159978, 0.550449, 0.819398

PART 13
OFFSET 9.296280, 11.911835, 49.808375
SCALE 1.000000, 1.000000, 1.000000
X 0.904916, -0.413421, 0.101050
Y 0.388147, 0.704316, -0.594374
Z 0.174555, 0.577081, 0.797815

PART 14
OFFSET 8.187106, 12.418592, 49.684627
SCALE 1.000000, 1.000000, 1.000000
X 0.904916, -0.413421, 0.101050
Y 0.381404, 0.682423, -0.623562
Z 0.188835, 0.602812, 0.775215

PART 15
OFFSET 7.077934, 12.925353, 49.560880
SCALE 1.000000, 1.000000, 1.000000
X 0.904916, -0.413421, 0.101050
Y 0.374118, 0.659533, -0.651960
Z 0.202888, 0.627773, 0.751490

PART 16
OFFSET 13.732976, 9.884797, 50.303362
SCALE 1.000000, 1.000000, 1.000000
X 0.904916, -0.413421, 0.101050
Y 0.410332, 0.784514, -0.464936
Z 0.112939, 0.462192, 0.879559

PART 17
OFFSET 4.408126, -14.559203, 48.172316
SCALE 1.000000, 1.000000, 1.000000
X -0.929568, -0.327407, -0.169434
Y -0.350708, 0.643751, 0.680139
Z -0.113608, 0.691657, -0.713234

PART 18
OFFSET 14.228476, -11.285355, 49.962417
SCALE 1.000000, 1.000000, 1.000000
X -0.913990, -0.070721, -0.399527
Y -0.405623, 0.135837, 0.903891
Z -0.009654, 0.988204, -0.152840

PART 19
OFFSET 11.242428, -12.152651, 49.418024
SCALE 1.000000, 1.000000, 1.000000
X -0.929568, -0.327407, -0.169434
Y -0.256760, 0.245199, 0.934854
Z -0.264532, 0.912514, -0.311994

PART 20
OFFSET 10.103380, -12.553744, 49.210408
SCALE 1.000000, 1.000000, 1.000000
X -0.929568, -0.327407, -0.169434
Y -0.278261, 0.321674, 0.905040
Z -0.241813, 0.888443, -0.390122

PART 21
OFFSET 8.964327, -12.954834, 49.002789
SCALE 1.000000, 1.000000, 1.000000
X -0.929568, -0.327407, -0.169434
Y -0.297763, 0.395850, 0.868700
Z -0.217348, 0.857967, -0.465459

PART 22
OFFSET 7.825275, -13.355928, 48.795172
SCALE 1.000000, 1.000000, 1.000000
X -0.929568, -0.327407, -0.169434
Y -0.314078, 0.462710, 0.829008
Z -0.193024, 0.823835, -0.532952

PART 23
OFFSET 6.686225, -13.757017, 48.587554
SCALE 1.000000, 1.000000, 1.000000
X -0.929568, -0.327407, -0.169434
Y -0.328358, 0.526407, 0.784268
Z -0.167583, 0.784666, -0.596838

PART 24
OFFSET 5.547176, -14.158110, 48.379937
SCALE 1.000000, 1.000000, 1.000000
X -0.929568, -0.327407, -0.169434
Y -0.340608, 0.586949, 0.734491
Z -0.141028, 0.740470, -0.657126

PART 25
OFFSET 12.381478, -11.751559, 49.625640
SCALE 1.000000, 1.000000, 1.000000
X -0.929568, -0.327407, -0.169434
Y -0.234985, 0.172101, 0.956642
Z -0.284051, 0.929078, -0.236915

PART 26
OFFSET 16.166948, -10.122561, 49.275813
SCALE 1.000000, 1.000000, 1.000000
X -0.068531, 0.054934, -0.996135
Y -0.099069, 0.993173, 0.061587
Z 0.992718, 0.102907, -0.062621

PART 27
OFFSET 17.389058, 7.667110, 52.844649
SCALE 1.000000, 1.000000, 1.000000
X 0.811051, -0.275181, 0.516208
Y 0.533655, 0.709499, -0.460242
Z -0.239599, 0.648757, 0.722292

PART 28
OFFSET 18.068336, 8.522913, 52.420295
SCALE 1.000000, 1.000000, 1.000000
X 0.608661, -0.738689, -0.289602
Y -0.675088, -0.290372, -0.678189
Z 0.416878, 0.608294, -0.675419

PART 29
OFFSET 16.410848, 9.856084, 50.058742
SCALE 1.000000, 1.000000, 1.000000
X 0.926192, -0.358119, 0.117980
Y -0.151673, -0.640330, -0.752976
Z 0.345201, 0.679506, -0.647386

PART 30
OFFSET 16.468735, 9.627124, 50.799252
SCALE 1.000000, 1.000000, 1.000000
X 0.907110, -0.288730, 0.306247
Y 0.021973, -0.694133, -0.719512
Z 0.420321, 0.659405, -0.623310

PART 31
OFFSET 14.994221, 8.069550, 51.438715
SCALE 1.000000, 1.000000, 1.000000
X 0.739336, -0.615039, 0.274061
Y 0.665352, 0.604821, -0.437605
Z 0.103386, 0.505884, 0.856384

PART 32
OFFSET 16.948012, -10.971763, 52.325109
SCALE 1.000000, 1.000000, 1.000000
X -0.913990, -0.070721, -0.399527
Y -0.405623, 0.135837, 0.903891
Z -0.009654, 0.988204, -0.152840

PART 33
OFFSET 17.179600, -11.254397, 51.217087
SCALE 1.000000, 1.000000, 1.000000
X -0.156754, -0.986447, 0.048481
Y 0.986690, -0.158565, -0.036057
Z 0.043255, 0.042184, 0.998173

PART 34
OFFSET 15.204179, -11.047855, 49.138270
SCALE 1.000000, 1.000000, 1.000000
X 0.942347, 0.318010, 0.104170
Y 0.066348, 0.127560, -0.989609
Z -0.327993, 0.939467, 0.099107

PART 35
OFFSET 15.469386, -11.312154, 49.833982
SCALE 1.000000, 1.000000, 1.000000
X 0.964107, 0.174172, 0.200403
Y 0.186865, 0.091098, -0.978153
Z -0.188623, 0.980492, 0.055281

PART 36
OFFSET 14.187171, -10.891263, 50.862302
SCALE 1.000000, 1.000000, 1.000000
X -0.633947, -0.493427, -0.595518
Y -0.762609, 0.526881, 0.375265
Z 0.128601, 0.692046, -0.710306

PART 37
OFFSET 17.248434, -11.154804, 64.787940
SCALE 1.000000, 1.000000, 1.000000
X 0.068531, -0.054934, 0.996135
Y -0.099069, 0.993173, 0.061587
Z -0.992718, -0.102907, 0.062621

PART 38
OFFSET 17.569586, 7.862476, 52.924321
SCALE 1.000000, 1.000000, 1.000000
X 0.705146, -0.696590, -0.132406
Y -0.402595, -0.239615, -0.883460
Z 0.583683, 0.676274, -0.449408

PART 39
OFFSET 17.389058, 7.667110, 52.844649
SCALE 1.000000, 1.000000, 1.000000
X 0.811051, -0.275181, 0.516208
Y 0.533655, 0.709499, -0.460242
Z -0.239599, 0.648757, 0.722292

PART 40
OFFSET 19.311992, 7.013603, 51.828601
SCALE 1.000000, 1.000000, 1.000000
X -0.384420, -0.555353, -0.737431
Y -0.823671, 0.567064, 0.002326
Z 0.416878, 0.608294, -0.675419

PART 41
OFFSET 18.700911, 9.071979, 50.456149
SCALE 1.000000, 1.000000, 1.000000
X 0.615196, -0.772922, -0.155323
Y -0.754331, -0.519825, -0.400957
Z 0.229168, 0.363832, -0.902833

PART 42
OFFSET 18.509597, 8.839634, 51.491501
SCALE 1.000000, 1.000000, 1.000000
X 0.618346, -0.739298, -0.266621
Y -0.710056, -0.380128, -0.592725
Z 0.336850, 0.555825, -0.759994

PART 43
OFFSET 16.370818, 6.737704, 51.880279
SCALE 1.000000, 1.000000, 1.000000
X 0.838440, -0.466713, 0.281421
Y 0.544884, 0.728251, -0.415634
Z -0.010963, 0.501826, 0.864899

PART 44
OFFSET 16.821590, -11.182473, 52.114295
SCALE 1.000000, 1.000000, 1.000000
X -0.517279, -0.855381, -0.027305
Y 0.810201, -0.499735, 0.306333
Z -0.275677, 0.136337, 0.951533

PART 45
OFFSET 16.948012, -10.971763, 52.325109
SCALE 1.000000, 1.000000, 1.000000
X -0.913990, -0.070721, -0.399527
Y -0.405623, 0.135837, 0.903891
Z -0.009654, 0.988204, -0.152840

PART 46
OFFSET 17.499835, -9.238886, 51.117987
SCALE 1.000000, 1.000000, 1.000000
X 0.998877, -0.021317, -0.042317
Y 0.019492, 0.998881, -0.043081
Z 0.043188, 0.042208, 0.998175

PART 47
OFFSET 17.161215, -10.494873, 49.184650
SCALE 1.000000, 1.000000, 1.000000
X 0.354113, -0.887172, -0.295853
Y 0.869834, 0.428642, -0.244244
Z 0.343502, -0.170853, 0.923480

PART 48
OFFSET 17.362493, -10.916154, 50.236103
SCALE 1.000000, 1.000000, 1.000000
X 0.096538, -0.994055, -0.050358
Y 0.987256, 0.102063, -0.122103
Z 0.126517, -0.037929, 0.991239

PART 49
OFFSET 15.481060, -9.707456, 52.182404
SCALE 1.000000, 1.000000, 1.000000
X -0.867047, -0.302700, -0.395731
Y -0.481169, 0.714800, 0.507482
Z 0.129254, 0.630424, -0.765415

PART 50
OFFSET 18.826078, 6.621217, 52.688397
SCALE 1.000000, 1.000000, 1.000000
X -0.019836, -0.541397, -0.840533
Y -0.811708, 0.499555, -0.302613
Z 0.583726, 0.676265, -0.449366

PART 51
OFFSET 18.861319, 6.362542, 50.964070
SCALE 1.000000, 1.000000, 1.000000
X -0.863347, 0.032544, -0.503560
Y -0.284332, 0.793044, 0.538736
Z 0.416878, 0.608294, -0.675419

PART 52
OFFSET 19.504494, 8.062443, 50.253285
SCALE 1.000000, 1.000000, 1.000000
X -0.327715, -0.844520, -0.423543
Y -0.916578, 0.392905, -0.074229
Z 0.229099, 0.363884, -0.902830

PART 53
OFFSET 19.523004, 7.627970, 51.054521
SCALE 1.000000, 1.000000, 1.000000
X -0.404893, -0.643148, -0.649940
Y -0.850036, 0.526658, 0.008392
Z 0.336899, 0.555870, -0.759939

PART 54
OFFSET 17.398410, 6.195265, 52.184989
SCALE 1.000000, 1.000000, 1.000000
X 0.979609, -0.200298, 0.015714
Y 0.195617, 0.933023, -0.301997
Z 0.045828, 0.298912, 0.953180

PART 55
OFFSET 17.743332, -9.658326, 52.162865
SCALE 1.000000, 1.000000, 1.000000
X 0.866435, -0.393458, 0.307378
Y 0.416299, 0.909176, -0.009675
Z -0.275654, 0.136344, 0.951538

PART 56
OFFSET 16.328774, -9.213930, 51.167596
SCALE 1.000000, 1.000000, 1.000000
X 0.632984, 0.771833, -0.060040
Y -0.772960, 0.634420, 0.006585
Z 0.043173, 0.042241, 0.998174

PART 57
OFFSET 16.698699, -9.336076, 49.571059
SCALE 1.000000, 1.000000, 1.000000
X 0.936983, 0.129343, -0.324550
Y -0.063990, 0.976766, 0.204531
Z 0.343464, -0.170874, 0.923490

PART 58
OFFSET 17.204267, -9.286954, 50.318666
SCALE 1.000000, 1.000000, 1.000000
X 0.991014, 0.048522, -0.124649
Y -0.043369, 0.998102, 0.043727
Z 0.126534, -0.037928, 0.991237

PART 59
OFFSET 16.220691, -9.386596, 52.582860
SCALE 1.000000, 1.000000, 1.000000
X -0.992609, 0.113882, 0.041938
Y 0.113613, 0.750532, 0.650995
Z 0.042661, 0.650948, -0.757923

PART 60
OFFSET 18.807277, 6.107422, 51.890682
SCALE 1.000000, 1.000000, 1.000000
X -0.467263, -0.172747, -0.867078
Y -0.664011, 0.716096, 0.215165
Z 0.583741, 0.676288, -0.449311

PART 61
OFFSET 19.256052, 7.422110, 49.932126
SCALE 1.000000, 1.000000, 1.000000
X -0.895893, -0.283869, -0.341752
Y -0.380643, 0.887134, 0.260967
Z 0.229099, 0.363884, -0.902830

PART 62
OFFSET 19.088314, 6.937517, 50.356764
SCALE 1.000000, 1.000000, 1.000000
X -0.889187, -0.077585, -0.450918
Y -0.309631, 0.827610, 0.468177
Z 0.336861, 0.555915, -0.759923

PART 63
OFFSET 16.921011, -9.284988, 51.871179
SCALE 1.000000, 1.000000, 1.000000
X 0.923114, 0.313630, 0.222480
Y -0.268097, 0.939706, -0.212314
Z -0.275654, 0.136344, 0.951538

PART 64
OFFSET 15.988227, -9.434104, 49.817227
SCALE 1.000000, 1.000000, 1.000000
X 0.702584, 0.699264, -0.131932
Y -0.623231, 0.694149, 0.360193
Z 0.343451, -0.170841, 0.923501

PART 65
OFFSET 16.140320, -9.339056, 50.452456
SCALE 1.000000, 1.000000, 1.000000
X 0.599399, 0.799132, -0.045922
Y -0.790383, 0.599956, 0.123884
Z 0.126551, -0.037960, 0.991234

PART 66
OFFSET -0.106364, -0.000001, 59.999999
SCALE 1.000000, 1.000000, 1.000000
X 1.000000, 0.000000, 0.000000
Y 0.000000, 1.000000, 0.000000
Z 0.000000, 0.000000, 1.000000

PART 67
OFFSET -0.106364, -0.000001, 59.999999
SCALE 1.000000, 1.000000, 1.000000
X 1.000000, 0.000000, 0.000366
Y 0.000000, 0.999999, -0.001172
Z -0.000366, 0.001172, 0.999999

PART 68
OFFSET -4.737749, -0.001616, 58.621530
SCALE 1.000000, 1.000000, 1.000000
X 1.000000, 0.000000, 0.000366
Y 0.000000, 0.999999, -0.001172
Z -0.000366, 0.001172, 0.999999

PART 69
OFFSET 1.432672, 0.004846, 64.136382
