// Export filename: 'C:\Program Files (x86)\Steam\steamapps\common\Call of Duty Black Ops III\xanim_export\tbd\s2\melee_shovel\vm_melee_shovel_s2_reload.xanim_export'
// Source filename: 'C:\Users\Ash\Documents\WW2 Shovel\wpn_s2_melee_shovel_excel_rig.mb'
// Export time: Sun Nov 19 2017, 17:46:59

ANIMATION
VERSION 3

NUMPARTS 71
PART 0 "tag_torso"
PART 1 "j_shoulder_le"
PART 2 "j_shoulder_ri"
PART 3 "tag_weapon_left"
PART 4 "tag_weapon_right"
PART 5 "j_elbow_le"
PART 6 "j_elbow_ri"
PART 7 "tag_weapon"
PART 8 "j_elbow_bulge_le"
PART 9 "j_wrist_le"
PART 10 "j_wristtwist1_le"
PART 11 "j_wristtwist2_le"
PART 12 "j_wristtwist3_le"
PART 13 "j_wristtwist4_le"
PART 14 "j_wristtwist5_le"
PART 15 "j_wristtwist6_le"
PART 16 "j_wristtwist_le"
PART 17 "j_elbow_bulge_ri"
PART 18 "j_wrist_ri"
PART 19 "j_wristtwist1_ri"
PART 20 "j_wristtwist2_ri"
PART 21 "j_wristtwist3_ri"
PART 22 "j_wristtwist4_ri"
PART 23 "j_wristtwist5_ri"
PART 24 "j_wristtwist6_ri"
PART 25 "j_wristtwist_ri"
PART 26 "tag_knife"
PART 27 "j_indexbase_le"
PART 28 "j_mid_le_1"
PART 29 "j_pinkybase_le"
PART 30 "j_ringbase_le"
PART 31 "j_thumb_le_1"
PART 32 "j_indexbase_ri"
PART 33 "j_mid_ri_1"
PART 34 "j_pinkybase_ri"
PART 35 "j_ringbase_ri"
PART 36 "j_thumb_ri_1"
PART 37 "tag_fx"
PART 38 "j_index_le_1"
PART 39 "j_indexretract_le"
PART 40 "j_mid_le_2"
PART 41 "j_pinky_le_1"
PART 42 "j_ring_le_1"
PART 43 "j_thumb_le_2"
PART 44 "j_index_ri_1"
PART 45 "j_indexretract_ri"
PART 46 "j_mid_ri_2"
PART 47 "j_pinky_ri_1"
PART 48 "j_ring_ri_1"
PART 49 "j_thumb_ri_2"
PART 50 "j_index_le_2"
PART 51 "j_mid_le_3"
PART 52 "j_pinky_le_2"
PART 53 "j_ring_le_2"
PART 54 "j_thumb_le_3"
PART 55 "j_index_ri_2"
PART 56 "j_mid_ri_3"
PART 57 "j_pinky_ri_2"
PART 58 "j_ring_ri_2"
PART 59 "j_thumb_ri_3"
PART 60 "j_index_le_3"
PART 61 "j_pinky_le_3"
PART 62 "j_ring_le_3"
PART 63 "j_index_ri_3"
PART 64 "j_pinky_ri_3"
PART 65 "j_ring_ri_3"
PART 66 "tag_cambone"
PART 67 "tag_camera"
PART 68 "tag_fill_light"
PART 69 "tag_flashlight"
PART 70 "tag_gasmask"

FRAMERATE 30
NUMFRAMES 121

FRAME 0
PART 0
OFFSET -1.009664, -0.000001, 52.513799
SCALE 1.000000, 1.000000, 1.000000
X 1.000000, 0.000000, 0.000000
Y 0.000000, 1.000000, 0.000000
Z 0.000000, 0.000000, 1.000000

PART 1
OFFSET 0.363307, 8.175427, 56.359592
SCALE 1.000000, 1.000000, 1.000000
X 0.691022, 0.465358, -0.553110
Y -0.687002, 0.660756, -0.302374
Z 0.224758, 0.588935, 0.776299

PART 2
OFFSET -3.081701, -10.121057, 53.660184
SCALE 1.000000, 1.000000, 1.000000
X -0.794308, 0.482909, 0.368609
Y 0.591541, 0.753011, 0.288191
Z -0.138397, 0.446960, -0.883783

PART 3
OFFSET -20.371716, -28.925295, 52.324306
SCALE 1.000000, 1.000000, 1.000000
X 0.979402, -0.192045, -0.062375
Y 0.188964, 0.980602, -0.052079
Z 0.071166, 0.039220, 0.996693

PART 4
OFFSET -20.374763, -28.926301, 52.322299
SCALE 1.000000, 1.000000, 1.000000
X 0.979396, -0.192095, -0.062319
Y 0.189016, 0.980592, -0.052077
Z 0.071113, 0.039225, 0.996697

PART 5
OFFSET 8.205452, 12.552817, 50.767743
SCALE 1.000000, 1.000000, 1.000000
X 0.834103, -0.528144, 0.159169
Y 0.503750, 0.611769, -0.609897
Z 0.224739, 0.588899, 0.776332

PART 6
OFFSET 5.906346, -14.810148, 49.881736
SCALE 1.000000, 1.000000, 1.000000
X -0.927220, -0.372041, -0.042984
Y -0.348014, 0.813505, 0.465935
Z -0.138379, 0.446984, -0.883774

PART 7
OFFSET 17.622593, -9.981068, 51.241676
SCALE 1.000000, 1.000000, 1.000000
X 0.991440, 0.112783, 0.065780
Y -0.117693, 0.990116, 0.076274
Z -0.056527, -0.083363, 0.994915

PART 8
OFFSET 8.205452, 12.552817, 50.767743
SCALE 1.000000, 1.000000, 1.000000
X 0.834103, -0.528144, 0.159169
Y 0.503750, 0.611769, -0.609897
Z 0.224739, 0.588899, 0.776332

PART 9
OFFSET 16.692233, 7.256288, 52.474569
SCALE 1.000000, 1.000000, 1.000000
X 0.689860, -0.539018, 0.483272
Y 0.639906, 0.766195, -0.058875
Z -0.338546, 0.349865, 0.873488

PART 10
OFFSET 14.339767, 8.668573, 51.937653
SCALE 1.000000, 1.000000, 1.000000
X 0.834103, -0.528144, 0.159169
Y 0.549186, 0.822128, -0.150003
Z -0.051634, 0.212531, 0.975789

PART 11
OFFSET 13.317382, 9.315945, 51.742670
SCALE 1.000000, 1.000000, 1.000000
X 0.834103, -0.528144, 0.159169
Y 0.551603, 0.799850, -0.236587
Z -0.002359, 0.285136, 0.958484

PART 12
OFFSET 12.294995, 9.963320, 51.547684
SCALE 1.000000, 1.000000, 1.000000
X 0.834103, -0.528144, 0.159169
Y 0.549607, 0.771168, -0.321298
Z 0.046946, 0.355477, 0.933505

PART 13
OFFSET 11.272608, 10.610696, 51.352701
SCALE 1.000000, 1.000000, 1.000000
X 0.834103, -0.528144, 0.159169
Y 0.543752, 0.738721, -0.398278
Z 0.092767, 0.418753, 0.903349

PART 14
OFFSET 10.250222, 11.258067, 51.157714
SCALE 1.000000, 1.000000, 1.000000
X 0.834103, -0.528144, 0.159169
Y 0.534128, 0.701251, -0.472180
Z 0.137762, 0.478864, 0.867013

PART 15
OFFSET 9.227837, 11.905442, 50.962731
SCALE 1.000000, 1.000000, 1.000000
X 0.834103, -0.528144, 0.159169
Y 0.520752, 0.658793, -0.542964
Z 0.181904, 0.535776, 0.824533

PART 16
OFFSET 15.362152, 8.021199, 52.132636
SCALE 1.000000, 1.000000, 1.000000
X 0.834103, -0.528144, 0.159169
Y 0.542953, 0.837008, -0.067963
Z -0.097332, 0.143110, 0.984909

PART 17
OFFSET 5.906346, -14.810148, 49.881736
SCALE 1.000000, 1.000000, 1.000000
X -0.927220, -0.372041, -0.042984
Y -0.348014, 0.813505, 0.465935
Z -0.138379, 0.446984, -0.883774

PART 18
OFFSET 15.693079, -11.080385, 50.418432
SCALE 1.000000, 1.000000, 1.000000
X -0.855710, -0.066554, -0.513157
Y -0.517451, 0.106177, 0.849100
Z -0.002025, 0.992117, -0.125295

PART 19
OFFSET 12.723395, -12.075407, 50.197942
SCALE 1.000000, 1.000000, 1.000000
X -0.927220, -0.372041, -0.042984
Y -0.166710, 0.307234, 0.936918
Z -0.335366, 0.875895, -0.346896

PART 20
OFFSET 11.587222, -12.531197, 50.145243
SCALE 1.000000, 1.000000, 1.000000
X -0.927220, -0.372041, -0.042984
Y -0.207967, 0.416027, 0.885252
Z -0.311468, 0.829763, -0.463121

PART 21
OFFSET 10.451044, -12.986986, 50.092541
SCALE 1.000000, 1.000000, 1.000000
X -0.927220, -0.372041, -0.042984
Y -0.245862, 0.518101, 0.819221
Z -0.282514, 0.770167, -0.571864

PART 22
OFFSET 9.314868, -13.442777, 50.039841
SCALE 1.000000, 1.000000, 1.000000
X -0.927220, -0.372041, -0.042984
Y -0.277734, 0.606067, 0.745350
Z -0.251250, 0.703042, -0.665286

PART 23
OFFSET 8.178694, -13.898566, 49.987139
SCALE 1.000000, 1.000000, 1.000000
X -0.927220, -0.372041, -0.042984
Y -0.305557, 0.685129, 0.661236
Z -0.216558, 0.626246, -0.748945

PART 24
OFFSET 7.042520, -14.354356, 49.934440
SCALE 1.000000, 1.000000, 1.000000
X -0.927220, -0.372041, -0.042984
Y -0.329124, 0.754685, 0.567563
Z -0.178717, 0.540403, -0.822207

PART 25
OFFSET 13.859569, -11.619617, 50.250640
SCALE 1.000000, 1.000000, 1.000000
X -0.927220, -0.372041, -0.042984
Y -0.125684, 0.200992, 0.971497
Z -0.352797, 0.906194, -0.233124

PART 26
OFFSET 17.622593, -9.981068, 51.241676
SCALE 1.000000, 1.000000, 1.000000
X 0.056527, 0.083363, -0.994915
Y -0.117693, 0.990116, 0.076274
Z 0.991440, 0.112783, 0.065780

PART 27
OFFSET 18.360238, 4.598317, 54.274137
SCALE 1.000000, 1.000000, 1.000000
X 0.689860, -0.539018, 0.483272
Y 0.639906, 0.766195, -0.058875
Z -0.338546, 0.349865, 0.873488

PART 28
OFFSET 19.136179, 5.476094, 54.331914
SCALE 1.000000, 1.000000, 1.000000
X 0.699919, -0.684475, -0.203980
Y -0.371565, -0.105052, -0.922444
Z 0.609961, 0.721428, -0.327855

PART 29
OFFSET 17.998799, 7.774054, 52.446855
SCALE 1.000000, 1.000000, 1.000000
X 0.864040, -0.501316, 0.046011
Y -0.094722, -0.251658, -0.963170
Z 0.494431, 0.827859, -0.264928

PART 30
OFFSET 17.924354, 7.265801, 53.037238
SCALE 1.000000, 1.000000, 1.000000
X 0.822866, -0.495877, 0.277486
Y 0.100184, -0.354076, -0.929835
Z 0.559335, 0.792929, -0.241678

PART 31
OFFSET 16.266524, 5.785261, 52.740232
SCALE 1.000000, 1.000000, 1.000000
X 0.611682, -0.759468, 0.221480
Y 0.778538, 0.627595, 0.001904
Z -0.140446, 0.171266, 0.975163

PART 32
OFFSET 18.090630, -10.813369, 53.112310
SCALE 1.000000, 1.000000, 1.000000
X -0.855710, -0.066554, -0.513157
Y -0.517451, 0.106177, 0.849100
Z -0.002025, 0.992117, -0.125295

PART 33
OFFSET 18.462802, -11.061563, 52.034785
SCALE 1.000000, 1.000000, 1.000000
X -0.149912, -0.988699, 0.000935
Y 0.985216, -0.149304, 0.084013
Z -0.082924, 0.013516, 0.996464

PART 34
OFFSET 16.761644, -10.811064, 49.730491
SCALE 1.000000, 1.000000, 1.000000
X 0.918009, 0.322544, 0.230707
Y 0.188553, 0.156783, -0.969467
Z -0.348867, 0.933480, 0.083112

PART 35
OFFSET 16.940537, -11.093256, 50.446448
SCALE 1.000000, 1.000000, 1.000000
X 0.929200, 0.176190, 0.324876
Y 0.307087, 0.121020, -0.943955
Z -0.205632, 0.976889, 0.058346

PART 36
OFFSET 15.534456, -10.712975, 51.316707
SCALE 1.000000, 1.000000, 1.000000
X -0.548320, -0.481081, -0.684036
Y -0.809830, 0.509510, 0.290819
Z 0.208616, 0.713415, -0.668968

PART 37
OFFSET 16.758592, -11.455818, 66.731667
SCALE 1.000000, 1.000000, 1.000000
X -0.056527, -0.083363, 0.994915
Y -0.117693, 0.990116, 0.076274
Z -0.991440, -0.112783, -0.065780

PART 38
OFFSET 18.523003, 4.738246, 54.454744
SCALE 1.000000, 1.000000, 1.000000
X 0.728195, -0.681909, 0.068797
Y -0.003649, -0.104236, -0.994546
Z 0.685361, 0.723972, -0.078392

PART 39
OFFSET 18.360238, 4.598317, 54.274137
SCALE 1.000000, 1.000000, 1.000000
X 0.689860, -0.539018, 0.483272
Y 0.639906, 0.766195, -0.058875
Z -0.338546, 0.349865, 0.873488

PART 40
OFFSET 20.566266, 4.077584, 53.915151
SCALE 1.000000, 1.000000, 1.000000
X 0.253762, -0.569773, -0.781642
Y -0.750701, 0.393574, -0.530610
Z 0.609961, 0.721428, -0.327855

PART 41
OFFSET 20.152690, 6.613025, 52.689115
SCALE 1.000000, 1.000000, 1.000000
X 0.781192, -0.620778, 0.066130
Y -0.363354, -0.538254, -0.760432
Z 0.507654, 0.570015, -0.646042

PART 42
OFFSET 19.758197, 6.030041, 53.616636
SCALE 1.000000, 1.000000, 1.000000
X 0.754945, -0.639579, -0.144901
Y -0.360807, -0.220587, -0.906179
Z 0.547610, 0.736397, -0.397296

PART 43
OFFSET 17.452229, 4.185419, 53.021698
SCALE 1.000000, 1.000000, 1.000000
X 0.504329, -0.758637, 0.412458
Y 0.827434, 0.561189, 0.020463
Z -0.246991, 0.330962, 0.910747

PART 44
OFFSET 17.994028, -11.018833, 52.881638
SCALE 1.000000, 1.000000, 1.000000
X -0.499641, -0.858439, -0.115934
Y 0.771164, -0.501763, 0.391842
Z -0.394544, 0.106376, 0.912699

PART 45
OFFSET 18.090630, -10.813369, 53.112310
SCALE 1.000000, 1.000000, 1.000000
X -0.855710, -0.066554, -0.513157
Y -0.517451, 0.106177, 0.849100
Z -0.002025, 0.992117, -0.125295

PART 46
OFFSET 18.769154, -9.041399, 52.032870
SCALE 1.000000, 1.000000, 1.000000
X 0.996465, -0.011870, 0.083171
Y 0.012953, 0.999838, -0.012490
Z -0.083010, 0.013523, 0.996457

PART 47
OFFSET 18.690302, -10.251818, 50.037168
SCALE 1.000000, 1.000000, 1.000000
X 0.398860, -0.875288, -0.273463
Y 0.888511, 0.442649, -0.120871
Z 0.226845, -0.194764, 0.954258

PART 48
OFFSET 18.760627, -10.700968, 51.094241
SCALE 1.000000, 1.000000, 1.000000
X 0.113840, -0.991343, -0.065423
Y 0.993498, 0.113694, 0.005965
Z 0.001525, -0.065677, 0.997840

PART 49
OFFSET 16.638438, -9.557518, 52.821513
SCALE 1.000000, 1.000000, 1.000000
X -0.806887, -0.298179, -0.509924
Y -0.549460, 0.695773, 0.462594
Z 0.216856, 0.653444, -0.725248

PART 50
OFFSET 19.820515, 3.523192, 54.577338
SCALE 1.000000, 1.000000, 1.000000
X 0.570684, -0.600784, -0.559802
Y -0.452391, 0.338915, -0.824911
Z 0.685319, 0.724013, -0.078376

PART 51
OFFSET 20.863748, 3.409607, 52.998799
SCALE 1.000000, 1.000000, 1.000000
X -0.181928, -0.275194, -0.944018
Y -0.771265, 0.635460, -0.036610
Z 0.609961, 0.721428, -0.327855

PART 52
OFFSET 21.173047, 5.802203, 52.775468
SCALE 1.000000, 1.000000, 1.000000
X 0.428596, -0.817566, -0.384566
Y -0.747390, -0.081665, -0.659347
Z 0.507654, 0.570015, -0.646042

PART 53
OFFSET 20.995542, 4.981789, 53.379135
SCALE 1.000000, 1.000000, 1.000000
X 0.345152, -0.631287, -0.694512
Y -0.762255, 0.243179, -0.599859
Z 0.547574, 0.736438, -0.397268

PART 54
OFFSET 18.121506, 3.265892, 53.513155
SCALE 1.000000, 1.000000, 1.000000
X 0.685675, -0.645645, 0.336143
Y 0.649703, 0.751077, 0.117342
Z -0.328230, 0.137935, 0.934473

PART 55
OFFSET 18.884351, -9.489259, 53.088156
SCALE 1.000000, 1.000000, 1.000000
X 0.825558, -0.395102, 0.402924
Y 0.403471, 0.912457, 0.068066
Z -0.394544, 0.106376, 0.912699

PART 56
OFFSET 17.600883, -9.027501, 51.935361
SCALE 1.000000, 1.000000, 1.000000
X 0.626373, 0.778413, 0.041589
Y -0.775088, 0.627606, -0.073141
Z -0.083035, 0.013578, 0.996454

PART 57
OFFSET 18.169339, -9.108545, 50.394320
SCALE 1.000000, 1.000000, 1.000000
X 0.968727, 0.146348, -0.200378
Y -0.100616, 0.969860, 0.221918
Z 0.226816, -0.194817, 0.954254

PART 58
OFFSET 18.574005, -9.076269, 51.201437
SCALE 1.000000, 1.000000, 1.000000
X 0.998178, 0.060287, 0.002356
Y -0.060311, 0.996019, 0.065647
Z 0.001611, -0.065670, 0.997840

PART 59
OFFSET 17.318137, -9.242322, 53.320628
SCALE 1.000000, 1.000000, 1.000000
X -0.991296, 0.104444, -0.080146
Y 0.022112, 0.732219, 0.680710
Z 0.129780, 0.673013, -0.728155

PART 60
OFFSET 20.362128, 2.953017, 54.046045
SCALE 1.000000, 1.000000, 1.000000
X 0.505667, -0.550546, -0.664229
Y -0.524060, 0.415576, -0.743409
Z 0.685319, 0.724013, -0.078376

PART 61
OFFSET 21.498013, 5.182344, 52.483896
SCALE 1.000000, 1.000000, 1.000000
X 0.092877, -0.781688, -0.616715
Y -0.856540, 0.253076, -0.449769
Z 0.507654, 0.570015, -0.646042

PART 62
OFFSET 21.366089, 4.304063, 52.633542
SCALE 1.000000, 1.000000, 1.000000
X -0.119669, -0.400969, -0.908242
Y -0.828156, 0.544870, -0.131432
Z 0.547574, 0.736438, -0.397268

PART 63
OFFSET 18.100854, -9.114361, 52.705796
SCALE 1.000000, 1.000000, 1.000000
X 0.884103, 0.314616, 0.345513
Y -0.250396, 0.943240, -0.218177
Z -0.394544, 0.106376, 0.912699

PART 64
OFFSET 17.434755, -9.219483, 50.546329
SCALE 1.000000, 1.000000, 1.000000
X 0.705329, 0.708506, -0.023024
Y -0.671622, 0.678297, 0.298055
Z 0.226791, -0.194764, 0.954271

PART 65
OFFSET 17.502360, -9.141026, 51.198858
SCALE 1.000000, 1.000000, 1.000000
X 0.590907, 0.805059, 0.052054
Y -0.806738, 0.589543, 0.040157
Z 0.001641, -0.065723, 0.997837

PART 66
OFFSET -0.106364, -0.000001, 59.999999
SCALE 1.000000, 1.000000, 1.000000
X 1.000000, 0.000000, 0.000000
Y 0.000000, 1.000000, 0.000000
Z 0.000000, 0.000000, 1.000000

PART 67
OFFSET -0.106364, -0.000001, 59.999999
SCALE 1.000000, 1.000000, 1.000000
X 1.000000, 0.000000, 0.000000
Y 0.000000, 1.000000, 0.000000
Z 0.000000, 0.000000, 1.000000

PART 68
OFFSET -4.738254, -0.000001, 58.623226
SCALE 1.000000, 1.000000, 1.000000
X 1.000000, 0.000000, 0.000000
Y 0.000000, 1.000000, 0.000000
Z 0.000000, 0.000000, 1.000000

PART 69
OFFSET 1.434187, -0.000001, 64.135821
SCALE 1.000000, 1.000000, 1.000000
X 1.000000, 0.000000, 0.000000
Y 0.000000, 1.000000, 0.000000
Z 0.000000, 0.000000, 1.000000

PART 70
OFFSET 1.434187, -0.000001, 64.135821
SCALE 1.000000, 1.000000, 1.000000
X 1.000000, 0.000000, 0.000000
Y 0.000000, 1.000000, 0.000000
Z 0.000000, 0.000000, 1.000000

FRAME 1
PART 0
OFFSET -1.009664, -0.000001, 52.513799
SCALE 1.000000, 1.000000, 1.000000
X 1.000000, 0.000000, 0.000000
Y 0.000000, 1.000000, 0.000000
Z 0.000000, 0.000000, 1.000000

PART 1
OFFSET 0.311194, 8.159887, 56.398027
SCALE 1.000000, 1.000000, 1.000000
X 0.702169, 0.458649, -0.544610
Y -0.677763, 0.664923, -0.313872
Z 0.218167, 0.589507, 0.777743

PART 2
OFFSET -3.079251, -10.100853, 53.619190
SCALE 1.000000, 1.000000, 1.000000
X -0.790910, 0.462676, 0.400490
Y 0.597222, 0.726262, 0.340397
Z -0.133367, 0.508404, -0.850728

PART 3
OFFSET -20.372158, -28.924251, 52.323938
SCALE 1.000000, 1.000000, 1.000000
X 0.979402, -0.192067, -0.062297
Y 0.188989, 0.980597, -0.052086
Z 0.071092, 0.039240, 0.996698

PART 4
OFFSET -20.374763, -28.926301, 52.322299
SCALE 1.000000, 1.000000, 1.000000
X 0.979396, -0.192095, -0.062319
Y 0.189016, 0.980592, -0.052077
Z 0.071113, 0.039225, 0.996697

PART 5
OFFSET 8.269525, 12.470368, 50.897965
SCALE 1.000000, 1.000000, 1.000000
X 0.835119, -0.525116, 0.163799
Y 0.504966, 0.613774, -0.606869
Z 0.218141, 0.589521, 0.777740

PART 6
OFFSET 5.869646, -14.576053, 49.542329
SCALE 1.000000, 1.000000, 1.000000
X -0.922438, -0.377551, -0.081018
Y -0.362387, 0.773956, 0.519295
Z -0.133356, 0.508377, -0.850746

PART 7
OFFSET 17.555206, -9.675977, 51.190639
SCALE 1.000000, 1.000000, 1.000000
X 0.990021, 0.135709, 0.037954
Y -0.138091, 0.987984, 0.069415
Z -0.028078, -0.073964, 0.996866

PART 8
OFFSET 8.269525, 12.470368, 50.897965
SCALE 1.000000, 1.000000, 1.000000
X 0.835119, -0.525116, 0.163799
Y 0.504966, 0.613774, -0.606869
Z 0.218141, 0.589521, 0.777740

PART 9
OFFSET 16.766184, 7.201598, 52.655532
SCALE 1.000000, 1.000000, 1.000000
X 0.705277, -0.542160, 0.456780
Y 0.626224, 0.778460, -0.042934
Z -0.332308, 0.316327, 0.888543

PART 10
OFFSET 14.411311, 8.608398, 52.101923
SCALE 1.000000, 1.000000, 1.000000
X 0.835119, -0.525116, 0.163799
Y 0.546349, 0.826416, -0.136159
Z -0.063866, 0.203200, 0.977052

PART 11
OFFSET 13.387681, 9.252058, 51.901266
SCALE 1.000000, 1.000000, 1.000000
X 0.835119, -0.525116, 0.163799
Y 0.549897, 0.804435, -0.224715
Z -0.013764, 0.277736, 0.960559

PART 12
OFFSET 12.364049, 9.895720, 51.700605
SCALE 1.000000, 1.000000, 1.000000
X 0.835119, -0.525116, 0.163799
Y 0.548860, 0.775740, -0.311417
Z 0.036465, 0.349973, 0.936050

PART 13
OFFSET 11.340416, 10.539384, 51.499946
SCALE 1.000000, 1.000000, 1.000000
X 0.835119, -0.525116, 0.163799
Y 0.543739, 0.743010, -0.390237
Z 0.083215, 0.414958, 0.906027

PART 14
OFFSET 10.316785, 11.183043, 51.299285
SCALE 1.000000, 1.000000, 1.000000
X 0.835119, -0.525116, 0.163799
Y 0.534686, 0.705008, -0.465913
Z 0.129179, 0.476674, 0.869537

PART 15
OFFSET 9.293155, 11.826705, 51.098628
SCALE 1.000000, 1.000000, 1.000000
X 0.835119, -0.525116, 0.163799
Y 0.521720, 0.661782, -0.538381
Z 0.174313, 0.535069, 0.826629

PART 16
OFFSET 15.434941, 7.964736, 52.302581
SCALE 1.000000, 1.000000, 1.000000
X 0.835119, -0.525116, 0.163799
Y 0.538912, 0.840735, -0.052334
Z -0.110230, 0.131978, 0.985105

PART 17
OFFSET 5.869646, -14.576053, 49.542329
SCALE 1.000000, 1.000000, 1.000000
X -0.922438, -0.377551, -0.081018
Y -0.362387, 0.773956, 0.519295
Z -0.133356, 0.508377, -0.850746

PART 18
OFFSET 15.610058, -10.794545, 50.455500
SCALE 1.000000, 1.000000, 1.000000
X -0.875357, -0.053377, -0.480521
Y -0.483414, 0.112586, 0.868122
Z 0.007762, 0.992207, -0.124356

PART 19
OFFSET 12.651539, -11.800820, 50.138121
SCALE 1.000000, 1.000000, 1.000000
X -0.922438, -0.377551, -0.081018
Y -0.197687, 0.281499, 0.938977
Z -0.331705, 0.882164, -0.334303

PART 20
OFFSET 11.521225, -12.263359, 50.038825
SCALE 1.000000, 1.000000, 1.000000
X -0.922438, -0.377551, -0.081018
Y -0.235556, 0.383928, 0.892812
Z -0.305976, 0.842647, -0.443084

PART 21
OFFSET 10.390907, -12.725896, 49.939525
SCALE 1.000000, 1.000000, 1.000000
X -0.922438, -0.377551, -0.081018
Y -0.270122, 0.480982, 0.834081
Z -0.275940, 0.791272, -0.545661

PART 22
OFFSET 9.260590, -13.188437, 49.840227
SCALE 1.000000, 1.000000, 1.000000
X -0.922438, -0.377551, -0.081018
Y -0.299044, 0.565727, 0.768456
Z -0.244297, 0.733081, -0.634753

PART 23
OFFSET 8.130275, -13.650974, 49.740928
SCALE 1.000000, 1.000000, 1.000000
X -0.922438, -0.377551, -0.081018
Y -0.324189, 0.643211, 0.693672
Z -0.209785, 0.666134, -0.715720

PART 24
OFFSET 6.999961, -14.113513, 49.641631
SCALE 1.000000, 1.000000, 1.000000
X -0.922438, -0.377551, -0.081018
Y -0.345417, 0.712988, 0.610193
Z -0.172614, 0.590850, -0.788099

PART 25
OFFSET 13.781854, -11.338281, 50.237418
SCALE 1.000000, 1.000000, 1.000000
X -0.922438, -0.377551, -0.081018
Y -0.159762, 0.182139, 0.970207
Z -0.351546, 0.907899, -0.228331

PART 26
OFFSET 17.555206, -9.675977, 51.190639
SCALE 1.000000, 1.000000, 1.000000
X 0.028078, 0.073964, -0.996866
Y -0.138091, 0.987984, 0.069415
Z 0.990021, 0.135709, 0.037954

PART 27
OFFSET 18.502615, 4.517001, 54.347645
SCALE 1.000000, 1.000000, 1.000000
X 0.705277, -0.542160, 0.456780
Y 0.626224, 0.778460, -0.042934
Z -0.332308, 0.316327, 0.888543

PART 28
OFFSET 19.262761, 5.409426, 54.429305
SCALE 1.000000, 1.000000, 1.000000
X 0.690729, -0.668132, -0.276574
Y -0.417079, -0.055663, -0.907164
Z 0.590710, 0.741958, -0.317112

PART 29
OFFSET 18.063504, 7.742152, 52.627127
SCALE 1.000000, 1.000000, 1.000000
X 0.872833, -0.487646, 0.019064
Y -0.103397, -0.222963, -0.969328
Z 0.476939, 0.844091, -0.245030

PART 30
OFFSET 18.004740, 7.215603, 53.203258
SCALE 1.000000, 1.000000, 1.000000
X 0.834658, -0.488738, 0.253933
Y 0.096201, -0.324597, -0.940948
Z 0.542303, 0.809798, -0.223910

PART 31
OFFSET 16.369260, 5.715199, 52.886915
SCALE 1.000000, 1.000000, 1.000000
X 0.629577, -0.754518, 0.185295
Y 0.767404, 0.641156, 0.003366
Z -0.121343, 0.140078, 0.982677

PART 32
OFFSET 18.111260, -10.566127, 53.057103
SCALE 1.000000, 1.000000, 1.000000
X -0.875357, -0.053377, -0.480521
Y -0.483414, 0.112586, 0.868122
Z 0.007762, 0.992207, -0.124356

PART 33
OFFSET 18.438321, -10.819057, 51.966032
SCALE 1.000000, 1.000000, 1.000000
X -0.162878, -0.986628, 0.005935
Y 0.985617, -0.162431, 0.046633
Z -0.045045, 0.013445, 0.998894

PART 34
OFFSET 16.655712, -10.539929, 49.727898
SCALE 1.000000, 1.000000, 1.000000
X 0.930686, 0.308807, 0.196118
Y 0.154089, 0.155305, -0.975775
Z -0.331785, 0.938359, 0.096957

PART 35
OFFSET 16.857362, -10.825654, 50.436367
SCALE 1.000000, 1.000000, 1.000000
X 0.943282, 0.162180, 0.289684
Y 0.272966, 0.117782, -0.954786
Z -0.188967, 0.979707, 0.066832

PART 36
OFFSET 15.491326, -10.426817, 51.358867
SCALE 1.000000, 1.000000, 1.000000
X -0.580740, -0.472117, -0.663209
Y -0.790728, 0.520887, 0.321600
Z 0.193624, 0.711184, -0.675816

PART 37
OFFSET 17.138151, -11.003968, 66.712357
SCALE 1.000000, 1.000000, 1.000000
X -0.028078, -0.073964, 0.996866
Y -0.138091, 0.987984, 0.069415
Z -0.990021, -0.135709, -0.037954

PART 38
OFFSET 18.663994, 4.657434, 54.536609
SCALE 1.000000, 1.000000, 1.000000
X 0.737362, -0.675392, -0.011992
Y -0.054464, -0.041747, -0.997643
Z 0.673299, 0.736277, -0.067567

PART 39
OFFSET 18.502615, 4.517001, 54.347645
SCALE 1.000000, 1.000000, 1.000000
X 0.705277, -0.542160, 0.456780
Y 0.626224, 0.778460, -0.042934
Z -0.332308, 0.316327, 0.888543

PART 40
OFFSET 20.674072, 4.044307, 53.864217
SCALE 1.000000, 1.000000, 1.000000
X 0.155288, -0.490198, -0.857667
Y -0.791800, 0.457389, -0.404782
Z 0.590710, 0.741958, -0.317112

PART 41
OFFSET 20.240155, 6.610671, 52.804803
SCALE 1.000000, 1.000000, 1.000000
X 0.774129, -0.632869, -0.014191
Y -0.409133, -0.483095, -0.774099
Z 0.483048, 0.605059, -0.632905

PART 42
OFFSET 19.867028, 5.996891, 53.726222
SCALE 1.000000, 1.000000, 1.000000
X 0.748252, -0.625695, -0.220508
Y -0.408114, -0.172085, -0.896566
Z 0.523031, 0.760850, -0.384118

PART 43
OFFSET 17.588571, 4.129298, 53.094547
SCALE 1.000000, 1.000000, 1.000000
X 0.526244, -0.761423, 0.378555
Y 0.818092, 0.574778, 0.018844
Z -0.231933, 0.299776, 0.925387

PART 44
OFFSET 18.002623, -10.770181, 52.829879
SCALE 1.000000, 1.000000, 1.000000
X -0.514424, -0.852021, -0.097101
Y 0.779079, -0.511669, 0.362257
Z -0.358334, 0.110704, 0.927007

PART 45
OFFSET 18.111260, -10.566127, 53.057103
SCALE 1.000000, 1.000000, 1.000000
X -0.875357, -0.053377, -0.480521
Y -0.483414, 0.112586, 0.868122
Z 0.007762, 0.992207, -0.124356

PART 46
OFFSET 18.771166, -8.803125, 51.953901
SCALE 1.000000, 1.000000, 1.000000
X 0.996485, -0.070149, 0.045795
Y 0.070687, 0.997446, -0.010234
Z -0.044960, 0.013435, 0.998898

PART 47
OFFSET 18.602551, -10.009293, 49.961942
SCALE 1.000000, 1.000000, 1.000000
X 0.377449, -0.879779, -0.289001
Y 0.888867, 0.431731, -0.153376
Z 0.259708, -0.198992, 0.944962

PART 48
OFFSET 18.706157, -10.460829, 51.015256
SCALE 1.000000, 1.000000, 1.000000
X 0.098860, -0.992625, -0.070160
Y 0.994370, 0.101244, -0.031274
Z 0.038147, -0.066674, 0.997045

PART 49
OFFSET 16.667801, -9.289170, 52.821228
SCALE 1.000000, 1.000000, 1.000000
X -0.830077, -0.288769, -0.477058
Y -0.522218, 0.702601, 0.483363
Z 0.195601, 0.650357, -0.734014

PART 50
OFFSET 19.977841, 3.453992, 54.515249
SCALE 1.000000, 1.000000, 1.000000
X 0.501104, -0.521610, -0.690520
Y -0.543657, 0.431068, -0.720151
Z 0.673299, 0.736277, -0.067567

PART 51
OFFSET 20.856108, 3.469620, 52.858738
SCALE 1.000000, 1.000000, 1.000000
X -0.349082, -0.119330, -0.929464
Y -0.727464, 0.659741, 0.188515
Z 0.590710, 0.741958, -0.317112

PART 52
OFFSET 21.251285, 5.784058, 52.786245
SCALE 1.000000, 1.000000, 1.000000
X 0.335333, -0.795557, -0.504620
Y -0.808837, 0.031522, -0.587188
Z 0.483048, 0.605059, -0.632905

PART 53
OFFSET 21.093402, 4.971395, 53.364803
SCALE 1.000000, 1.000000, 1.000000
X 0.247599, -0.566877, -0.785713
Y -0.815557, 0.315845, -0.484880
Z 0.523031, 0.760850, -0.384118

PART 54
OFFSET 18.287672, 3.204041, 53.545465
SCALE 1.000000, 1.000000, 1.000000
X 0.686221, -0.659937, 0.305916
Y 0.655536, 0.743342, 0.133097
Z -0.315236, 0.109204, 0.942709

PART 55
OFFSET 18.919284, -9.252043, 53.002839
SCALE 1.000000, 1.000000, 1.000000
X 0.815600, -0.446100, 0.368499
Y 0.454316, 0.888117, 0.069604
Z -0.358321, 0.110645, 0.927019

PART 56
OFFSET 17.602870, -8.720900, 51.900213
SCALE 1.000000, 1.000000, 1.000000
X 0.661700, 0.749508, 0.019757
Y -0.748416, 0.661859, -0.042615
Z -0.045016, 0.013412, 0.998896

PART 57
OFFSET 18.109552, -8.860155, 50.339390
SCALE 1.000000, 1.000000, 1.000000
X 0.964988, 0.090712, -0.246109
Y -0.036746, 0.975794, 0.215584
Z 0.259708, -0.198992, 0.944962

PART 58
OFFSET 18.544085, -8.834027, 51.130216
SCALE 1.000000, 1.000000, 1.000000
X 0.999274, 0.002803, -0.037999
Y -0.000263, 0.997774, 0.066691
Z 0.038102, -0.066633, 0.997050

PART 59
OFFSET 17.374183, -8.984168, 53.289715
SCALE 1.000000, 1.000000, 1.000000
X -0.992943, 0.102427, -0.059770
Y 0.034861, 0.733840, 0.678427
Z 0.113351, 0.671556, -0.732232

PART 60
OFFSET 20.453418, 2.958960, 53.859898
SCALE 1.000000, 1.000000, 1.000000
X 0.372664, -0.416869, -0.829061
Y -0.638585, 0.533026, -0.555061
Z 0.673299, 0.736277, -0.067567

PART 61
OFFSET 21.505541, 5.180885, 52.403650
SCALE 1.000000, 1.000000, 1.000000
X -0.089893, -0.684740, -0.723222
Y -0.870967, 0.406245, -0.276371
Z 0.483048, 0.605059, -0.632905

PART 62
OFFSET 21.359222, 4.362817, 52.521299
SCALE 1.000000, 1.000000, 1.000000
X -0.298155, -0.258871, -0.918744
Y -0.798463, 0.595058, 0.091454
Z 0.523031, 0.760850, -0.384118

PART 63
OFFSET 18.145234, -8.828747, 52.653149
SCALE 1.000000, 1.000000, 1.000000
X 0.907307, 0.275174, 0.317919
Y -0.219907, 0.955006, -0.199011
Z -0.358377, 0.110651, 0.926996

PART 64
OFFSET 17.377809, -8.928904, 50.526077
SCALE 1.000000, 1.000000, 1.000000
X 0.731703, 0.679150, -0.058019
Y -0.630231, 0.706504, 0.321964
Z 0.259653, -0.199017, 0.944972

PART 65
OFFSET 17.471260, -8.837070, 51.170963
SCALE 1.000000, 1.000000, 1.000000
X 0.625836, 0.779446, 0.028148
Y -0.779025, 0.622921, 0.071345
Z 0.038075, -0.066578, 0.997054

PART 66
OFFSET -0.106364, -0.000001, 59.999999
SCALE 1.000000, 1.000000, 1.000000
X 1.000000, 0.000000, 0.000000
Y 0.000000, 1.000000, 0.000000
Z 0.000000, 0.000000, 1.000000

PART 67
OFFSET -0.106364, -0.000001, 59.999999
SCALE 1.000000, 1.000000, 1.000000
X 0.999996, -0.000996, 0.002706
Y 0.000998, 0.999999, -0.000609
Z -0.002706, 0.000612, 0.999996

PART 68
OFFSET -4.734510, 0.003770, 58.610696
SCALE 1.000000, 1.000000, 1.000000
X 0.999996, -0.000996, 0.002706
Y 0.000998, 0.999999, -0.000609
Z -0.002706, 0.000612, 0.999996

PART 69
OFFSET 1.422991, 0.000994, 64.139974
SCALE 1.000000, 1.000000, 1.000000
X 0.999996, -0.000996, 0.002706
Y 0.000998, 0.999999, -0.000609
Z -0.002706, 0.000612, 0.999996

PART 70
OFFSET 1.422991, 0.000994, 64.139974
SCALE 1.000000, 1.000000, 1.000000
X 0.999996, -0.000996, 0.002706
Y 0.000998, 0.999999, -0.000609
Z -0.002706, 0.000612, 0.999996

FRAME 2
PART 0
OFFSET -1.009664, -0.000001, 52.513799
SCALE 1.000000, 1.000000, 1.000000
X 1.000000, 0.000000, 0.000000
Y 0.000000, 1.000000, 0.000000
Z 0.000000, 0.000000, 1.000000

PART 1
OFFSET 0.213021, 8.131136, 56.457534
SCALE 1.000000, 1.000000, 1.000000
X 0.714757, 0.448672, -0.536484
Y -0.666704, 0.668830, -0.328895
Z 0.211251, 0.592756, 0.777183

PART 2
OFFSET -3.078389, -10.062952, 53.561705
SCALE 1.000000, 1.000000, 1.000000
X -0.786166, 0.427439, 0.446363
Y 0.604546, 0.681854, 0.411824
Z -0.128325, 0.593609, -0.794457

PART 3
OFFSET -20.373279, -28.920711, 52.324356
SCALE 1.000000, 1.000000, 1.000000
X 0.979393, -0.192094, -0.062365
Y 0.189009, 0.980591, -0.052129
Z 0.071168, 0.039267, 0.996691

PART 4
OFFSET -20.374763, -28.926301, 52.322299
SCALE 1.000000, 1.000000, 1.000000
X 0.979396, -0.192095, -0.062319
Y 0.189016, 0.980592, -0.052077
Z 0.071113, 0.039225, 0.996697

PART 5
OFFSET 8.305113, 12.344711, 51.043854
SCALE 1.000000, 1.000000, 1.000000
X 0.839328, -0.517477, 0.166571
Y 0.500911, 0.617125, -0.606832
Z 0.211227, 0.592769, 0.777180

PART 6
OFFSET 5.813566, -14.168685, 49.058213
SCALE 1.000000, 1.000000, 1.000000
X -0.913017, -0.383475, -0.139095
Y -0.387219, 0.707490, 0.591201
Z -0.128302, 0.593637, -0.794439

PART 7
OFFSET 17.401506, -9.115777, 51.110325
SCALE 1.000000, 1.000000, 1.000000
X 0.980581, 0.195990, -0.007041
Y -0.195180, 0.978774, 0.062504
Z 0.019142, -0.059916, 0.998020

PART 8
OFFSET 8.305113, 12.344711, 51.043854
SCALE 1.000000, 1.000000, 1.000000
X 0.839328, -0.517477, 0.166571
Y 0.500911, 0.617125, -0.606832
Z 0.211227, 0.592769, 0.777180

PART 9
OFFSET 16.842021, 7.149899, 52.833019
SCALE 1.000000, 1.000000, 1.000000
X 0.735118, -0.524146, 0.429969
Y 0.591157, 0.806067, -0.028080
Z -0.331866, 0.274822, 0.902407

PART 10
OFFSET 14.477858, 8.538920, 52.268202
SCALE 1.000000, 1.000000, 1.000000
X 0.839328, -0.517477, 0.166571
Y 0.538001, 0.834651, -0.117951
Z -0.077992, 0.188615, 0.978949

PART 11
OFFSET 13.449068, 9.173217, 52.064146
SCALE 1.000000, 1.000000, 1.000000
X 0.839328, -0.517477, 0.166571
Y 0.542964, 0.813094, -0.209926
Z -0.026806, 0.266639, 0.963424

PART 12
OFFSET 12.420276, 9.807516, 51.860087
SCALE 1.000000, 1.000000, 1.000000
X 0.839328, -0.517477, 0.166571
Y 0.543067, 0.784253, -0.300044
Z 0.024632, 0.342294, 0.939270

PART 13
OFFSET 11.391483, 10.441817, 51.656030
SCALE 1.000000, 1.000000, 1.000000
X 0.839328, -0.517477, 0.166571
Y 0.538757, 0.750887, -0.381982
Z 0.072591, 0.410349, 0.909035

PART 14
OFFSET 10.362692, 11.076113, 51.451971
SCALE 1.000000, 1.000000, 1.000000
X 0.839328, -0.517477, 0.166571
Y 0.530261, 0.711795, -0.460621
Z 0.119796, 0.474938, 0.871827

PART 15
OFFSET 9.333902, 11.710412, 51.247915
SCALE 1.000000, 1.000000, 1.000000
X 0.839328, -0.517477, 0.166571
Y 0.517603, 0.667047, -0.535851
Z 0.166180, 0.535972, 0.827718

PART 16
OFFSET 15.506648, 7.904622, 52.472258
SCALE 1.000000, 1.000000, 1.000000
X 0.839328, -0.517477, 0.166571
Y 0.529007, 0.848051, -0.031000
Z -0.125219, 0.114137, 0.985542

PART 17
OFFSET 5.813566, -14.168685, 49.058213
SCALE 1.000000, 1.000000, 1.000000
X -0.913017, -0.383475, -0.139095
Y -0.387219, 0.707490, 0.591201
Z -0.128302, 0.593637, -0.794439

PART 18
OFFSET 15.462401, -10.327667, 50.544557
SCALE 1.000000, 1.000000, 1.000000
X -0.903897, -0.049552, -0.424869
Y -0.427732, 0.113646, 0.896733
Z 0.003850, 0.992285, -0.123920

PART 19
OFFSET 12.526202, -11.349906, 50.080935
SCALE 1.000000, 1.000000, 1.000000
X -0.913017, -0.383475, -0.139095
Y -0.243821, 0.239646, 0.939745
Z -0.327035, 0.891917, -0.312300

PART 20
OFFSET 11.407431, -11.819703, 49.910484
SCALE 1.000000, 1.000000, 1.000000
X -0.913017, -0.383475, -0.139095
Y -0.277154, 0.332959, 0.901290
Z -0.299309, 0.861444, -0.410279

PART 21
OFFSET 10.288656, -12.289498, 49.740029
SCALE 1.000000, 1.000000, 1.000000
X -0.913017, -0.383475, -0.139095
Y -0.307364, 0.422531, 0.852640
Z -0.268194, 0.821227, -0.503645

PART 22
OFFSET 9.169881, -12.759296, 49.569576
SCALE 1.000000, 1.000000, 1.000000
X -0.913017, -0.383475, -0.139095
Y -0.332500, 0.502069, 0.798355
Z -0.236314, 0.775160, -0.585903

PART 23
OFFSET 8.051109, -13.229090, 49.399122
SCALE 1.000000, 1.000000, 1.000000
X -0.913017, -0.383475, -0.139095
Y -0.354264, 0.576353, 0.736420
Z -0.202230, 0.721640, -0.662072

PART 24
OFFSET 6.932337, -13.698887, 49.228670
SCALE 1.000000, 1.000000, 1.000000
X -0.913017, -0.383475, -0.139095
Y -0.372587, 0.645132, 0.667071
Z -0.166070, 0.660872, -0.731894

PART 25
OFFSET 13.644974, -10.880110, 50.251387
SCALE 1.000000, 1.000000, 1.000000
X -0.913017, -0.383475, -0.139095
Y -0.210161, 0.149946, 0.966100
Z -0.349618, 0.911298, -0.217494

PART 26
OFFSET 17.401506, -9.115777, 51.110325
SCALE 1.000000, 1.000000, 1.000000
X -0.019142, 0.059916, -0.998020
Y -0.195180, 0.978774, 0.062504
Z 0.980581, 0.195990, -0.007041

PART 27
OFFSET 18.719229, 4.494618, 54.417653
SCALE 1.000000, 1.000000, 1.000000
X 0.735118, -0.524146, 0.429969
Y 0.591157, 0.806067, -0.028080
Z -0.331866, 0.274822, 0.902407

PART 28
OFFSET 19.439255, 5.420190, 54.522055
SCALE 1.000000, 1.000000, 1.000000
X 0.682447, -0.629217, -0.371957
Y -0.484009, -0.007687, -0.875029
Z 0.547724, 0.777192, -0.309792

PART 29
OFFSET 18.114138, 7.747335, 52.802724
SCALE 1.000000, 1.000000, 1.000000
X 0.893375, -0.449243, -0.007834
Y -0.108344, -0.198469, -0.974101
Z 0.436053, 0.871086, -0.225980

PART 30
OFFSET 18.085497, 7.204046, 53.365858
SCALE 1.000000, 1.000000, 1.000000
X 0.858699, -0.456318, 0.233260
Y 0.101220, -0.295178, -0.950066
Z 0.502385, 0.839431, -0.207280

PART 31
OFFSET 16.512467, 5.642588, 53.030109
SCALE 1.000000, 1.000000, 1.000000
X 0.664216, -0.732808, 0.147677
Y 0.740360, 0.672188, 0.005590
Z -0.103364, 0.105621, 0.989020

PART 32
OFFSET 18.122285, -10.111317, 52.984791
SCALE 1.000000, 1.000000, 1.000000
X -0.903897, -0.049552, -0.424869
Y -0.427732, 0.113646, 0.896733
Z 0.003850, 0.992285, -0.123920

PART 33
OFFSET 18.378982, -10.365261, 51.875195
SCALE 1.000000, 1.000000, 1.000000
X -0.164700, -0.986222, 0.015459
Y 0.986187, -0.164933, -0.015216
Z 0.017556, 0.012739, 0.999765

PART 34
OFFSET 16.461493, -10.076415, 49.753156
SCALE 1.000000, 1.000000, 1.000000
X 0.942329, 0.305030, 0.137738
Y 0.093369, 0.155613, -0.983396
Z -0.321399, 0.939543, 0.118159

PART 35
OFFSET 16.705937, -10.363574, 50.447431
SCALE 1.000000, 1.000000, 1.000000
X 0.960179, 0.158269, 0.230232
Y 0.213178, 0.117613, -0.969908
Z -0.180585, 0.980366, 0.079190

PART 36
OFFSET 15.402270, -9.961085, 51.453260
SCALE 1.000000, 1.000000, 1.000000
X -0.622926, -0.469256, -0.625909
Y -0.767021, 0.523639, 0.370784
Z 0.153758, 0.711057, -0.686117

PART 37
OFFSET 17.730421, -10.223476, 66.651433
SCALE 1.000000, 1.000000, 1.000000
X 0.019142, -0.059916, 0.998020
Y -0.195180, 0.978774, 0.062504
Z -0.980581, -0.195990, 0.007041

PART 38
OFFSET 18.875718, 4.639557, 54.614779
SCALE 1.000000, 1.000000, 1.000000
X 0.755862, -0.643155, -0.122576
Y -0.132034, 0.033636, -0.990674
Z 0.641280, 0.764997, -0.059495

PART 39
OFFSET 18.719229, 4.494618, 54.417653
SCALE 1.000000, 1.000000, 1.000000
X 0.735118, -0.524146, 0.429969
Y 0.591157, 0.806067, -0.028080
Z -0.331866, 0.274822, 0.902407

PART 40
OFFSET 20.833645, 4.134582, 53.762080
SCALE 1.000000, 1.000000, 1.000000
X -0.001465, -0.369381, -0.929277
Y -0.836658, 0.509441, -0.201180
Z 0.547724, 0.777192, -0.309792

PART 41
OFFSET 20.340951, 6.707200, 52.915658
SCALE 1.000000, 1.000000, 1.000000
X 0.766623, -0.629930, -0.124406
Y -0.471408, -0.420616, -0.775149
Z 0.435963, 0.652893, -0.619408

PART 42
OFFSET 20.007093, 6.058908, 53.839221
SCALE 1.000000, 1.000000, 1.000000
X 0.743145, -0.588089, -0.319196
Y -0.474778, -0.127287, -0.870852
Z 0.471509, 0.798717, -0.373804

PART 43
OFFSET 17.800385, 4.103332, 53.161165
SCALE 1.000000, 1.000000, 1.000000
X 0.565608, -0.749980, 0.342954
Y 0.794338, 0.607215, 0.017831
Z -0.221620, 0.262336, 0.939183

PART 44
OFFSET 17.998442, -10.315066, 52.764487
SCALE 1.000000, 1.000000, 1.000000
X -0.521043, -0.851060, -0.064884
Y 0.799313, -0.513196, 0.312617
Z -0.299354, 0.111024, 0.947661

PART 45
OFFSET 18.122285, -10.111317, 52.984791
SCALE 1.000000, 1.000000, 1.000000
X -0.903897, -0.049552, -0.424869
Y -0.427732, 0.113646, 0.896733
Z 0.003850, 0.992285, -0.123920

PART 46
OFFSET 18.715550, -8.350158, 51.843600
SCALE 1.000000, 1.000000, 1.000000
X 0.987633, -0.156030, -0.015355
Y 0.155798, 0.987670, -0.015321
Z 0.017556, 0.012739, 0.999765

PART 47
OFFSET 18.421217, -9.553516, 49.865344
SCALE 1.000000, 1.000000, 1.000000
X 0.357239, -0.880093, -0.312756
Y 0.878431, 0.430373, -0.207695
Z 0.317393, -0.200538, 0.926848

PART 48
OFFSET 18.588728, -10.006424, 50.909807
SCALE 1.000000, 1.000000, 1.000000
X 0.092499, -0.992752, -0.076726
Y 0.990671, 0.099502, -0.093118
Z 0.100078, -0.067397, 0.992694

PART 49
OFFSET 16.671603, -8.828485, 52.838860
SCALE 1.000000, 1.000000, 1.000000
X -0.859568, -0.291332, -0.419842
Y -0.489986, 0.703157, 0.515251
Z 0.145106, 0.648610, -0.747161

PART 50
OFFSET 20.222529, 3.493553, 54.396378
SCALE 1.000000, 1.000000, 1.000000
X 0.373090, -0.378627, -0.847022
Y -0.670495, 0.520981, -0.528218
Z 0.641280, 0.764997, -0.059495

PART 51
OFFSET 20.831913, 3.701533, 52.672651
SCALE 1.000000, 1.000000, 1.000000
X -0.585258, 0.091307, -0.805690
Y -0.597890, 0.622604, 0.504869
Z 0.547724, 0.777192, -0.309792

PART 52
OFFSET 21.342276, 5.884427, 52.753143
SCALE 1.000000, 1.000000, 1.000000
X 0.184440, -0.738468, -0.648573
Y -0.880862, 0.168510, -0.442364
Z 0.435963, 0.652893, -0.619408

PART 53
OFFSET 21.225096, 5.095049, 53.316055
SCALE 1.000000, 1.000000, 1.000000
X 0.091444, -0.465853, -0.880125
Y -0.877083, 0.380849, -0.292712
Z 0.471555, 0.798709, -0.373765

PART 54
OFFSET 18.548919, 3.192823, 53.568334
SCALE 1.000000, 1.000000, 1.000000
X 0.710520, -0.648979, 0.272006
Y 0.636578, 0.757539, 0.144576
Z -0.299882, 0.070429, 0.951373

PART 55
OFFSET 18.926893, -8.798639, 52.880039
SCALE 1.000000, 1.000000, 1.000000
X 0.794763, -0.520559, 0.312042
Y 0.527958, 0.846576, 0.067594
Z -0.299354, 0.111024, 0.947661

PART 56
OFFSET 17.557631, -8.167244, 51.861605
SCALE 1.000000, 1.000000, 1.000000
X 0.706080, 0.707808, -0.021418
Y -0.707914, 0.706290, 0.003431
Z 0.017556, 0.012739, 0.999765

PART 57
OFFSET 17.954614, -8.403967, 50.273819
SCALE 1.000000, 1.000000, 1.000000
X 0.946509, 0.007228, -0.322597
Y 0.057977, 0.979670, 0.192057
Z 0.317427, -0.200487, 0.926847

PART 58
OFFSET 18.437081, -8.379414, 51.035532
SCALE 1.000000, 1.000000, 1.000000
X 0.990981, -0.082554, -0.105549
Y 0.089060, 0.994308, 0.058481
Z 0.100121, -0.067354, 0.992693

PART 59
OFFSET 17.414752, -8.525872, 53.252076
SCALE 1.000000, 1.000000, 1.000000
X -0.996895, 0.070935, -0.034196
Y 0.029366, 0.737798, 0.674383
Z 0.073068, 0.671284, -0.737590

PART 60
OFFSET 20.576611, 3.134222, 53.592498
SCALE 1.000000, 1.000000, 1.000000
X 0.121779, -0.178025, -0.976461
Y -0.757582, 0.618940, -0.207324
Z 0.641280, 0.764997, -0.059495

PART 61
OFFSET 21.482127, 5.324537, 52.261404
SCALE 1.000000, 1.000000, 1.000000
X -0.367823, -0.498885, -0.784742
Y -0.821366, 0.569951, 0.022654
Z 0.435963, 0.652893, -0.619408

PART 62
OFFSET 21.323274, 4.594926, 52.371193
SCALE 1.000000, 1.000000, 1.000000
X -0.554584, -0.060865, -0.829899
Y -0.685608, 0.598608, 0.414259
Z 0.471570, 0.798726, -0.373708

PART 63
OFFSET 18.172615, -8.304677, 52.583926
SCALE 1.000000, 1.000000, 1.000000
X 0.937260, 0.220222, 0.270269
Y -0.178690, 0.969111, -0.169983
Z -0.299354, 0.111024, 0.947661

PART 64
OFFSET 17.236891, -8.409409, 50.518505
SCALE 1.000000, 1.000000, 1.000000
X 0.760304, 0.637923, -0.122439
Y -0.566685, 0.743535, 0.354998
Z 0.317499, -0.200522, 0.926815

PART 65
OFFSET 17.373152, -8.290816, 51.148801
SCALE 1.000000, 1.000000, 1.000000
X 0.669442, 0.742667, -0.017129
Y -0.736087, 0.666265, 0.119446
Z 0.100121, -0.067354, 0.992693

PART 66
OFFSET -0.106364, -0.000001, 59.999999
SCALE 1.000000, 1.000000, 1.000000
X 1.000000, 0.000000, 0.000000
Y 0.000000, 1.000000, 0.000000
Z 0.000000, 0.000000, 1.000000

PART 67
OFFSET -0.106364, -0.000001, 59.999999
SCALE 1.000000, 1.000000, 1.000000
X 0.999983, -0.001991, 0.005413
Y 0.001997, 0.999997, -0.001215
Z -0.005411, 0.001226, 0.999985

PART 68
OFFSET -4.730728, 0.007531, 58.598174
SCALE 1.000000, 1.000000, 1.000000
X 0.999983, -0.001991, 0.005413
Y 0.001997, 0.999997, -0.001215
Z -0.005411, 0.001226, 0.999985

PART 69
OFFSET 1.411784, 0.002003, 64.144097
SCALE 1.000000, 1.000000, 1.000000
