// Export filename: 'C:\Program Files (x86)\Steam\steamapps\common\Call of Duty Black Ops III\xanim_export\tbd\s2\melee_shovel\vm_melee_shovel_s2_putaway.xanim_export'
// Source filename: 'C:\Users\Ash\Documents\WW2 Shovel\wpn_s2_melee_shovel_excel_rig.mb'
// Export time: Sun Nov 19 2017, 17:11:26

ANIMATION
VERSION 3

NUMPARTS 71
PART 0 "tag_torso"
PART 1 "j_shoulder_le"
PART 2 "j_shoulder_ri"
PART 3 "tag_weapon_left"
PART 4 "tag_weapon_right"
PART 5 "j_elbow_le"
PART 6 "j_elbow_ri"
PART 7 "tag_weapon"
PART 8 "j_elbow_bulge_le"
PART 9 "j_wrist_le"
PART 10 "j_wristtwist1_le"
PART 11 "j_wristtwist2_le"
PART 12 "j_wristtwist3_le"
PART 13 "j_wristtwist4_le"
PART 14 "j_wristtwist5_le"
PART 15 "j_wristtwist6_le"
PART 16 "j_wristtwist_le"
PART 17 "j_elbow_bulge_ri"
PART 18 "j_wrist_ri"
PART 19 "j_wristtwist1_ri"
PART 20 "j_wristtwist2_ri"
PART 21 "j_wristtwist3_ri"
PART 22 "j_wristtwist4_ri"
PART 23 "j_wristtwist5_ri"
PART 24 "j_wristtwist6_ri"
PART 25 "j_wristtwist_ri"
PART 26 "tag_knife"
PART 27 "j_indexbase_le"
PART 28 "j_mid_le_1"
PART 29 "j_pinkybase_le"
PART 30 "j_ringbase_le"
PART 31 "j_thumb_le_1"
PART 32 "j_indexbase_ri"
PART 33 "j_mid_ri_1"
PART 34 "j_pinkybase_ri"
PART 35 "j_ringbase_ri"
PART 36 "j_thumb_ri_1"
PART 37 "tag_fx"
PART 38 "j_index_le_1"
PART 39 "j_indexretract_le"
PART 40 "j_mid_le_2"
PART 41 "j_pinky_le_1"
PART 42 "j_ring_le_1"
PART 43 "j_thumb_le_2"
PART 44 "j_index_ri_1"
PART 45 "j_indexretract_ri"
PART 46 "j_mid_ri_2"
PART 47 "j_pinky_ri_1"
PART 48 "j_ring_ri_1"
PART 49 "j_thumb_ri_2"
PART 50 "j_index_le_2"
PART 51 "j_mid_le_3"
PART 52 "j_pinky_le_2"
PART 53 "j_ring_le_2"
PART 54 "j_thumb_le_3"
PART 55 "j_index_ri_2"
PART 56 "j_mid_ri_3"
PART 57 "j_pinky_ri_2"
PART 58 "j_ring_ri_2"
PART 59 "j_thumb_ri_3"
PART 60 "j_index_le_3"
PART 61 "j_pinky_le_3"
PART 62 "j_ring_le_3"
PART 63 "j_index_ri_3"
PART 64 "j_pinky_ri_3"
PART 65 "j_ring_ri_3"
PART 66 "tag_cambone"
PART 67 "tag_camera"
PART 68 "tag_fill_light"
PART 69 "tag_flashlight"
PART 70 "tag_gasmask"

FRAMERATE 30
NUMFRAMES 10

FRAME 0
PART 0
OFFSET -1.009714, -0.000001, 52.513799
SCALE 1.000000, 1.000000, 1.000000
X 1.000000, 0.000000, 0.000000
Y 0.000000, 1.000000, 0.000000
Z 0.000000, 0.000000, 1.000000

PART 1
OFFSET 0.363257, 8.175427, 56.359592
SCALE 1.000000, 1.000000, 1.000000
X 0.691022, 0.465358, -0.553110
Y -0.687002, 0.660756, -0.302374
Z 0.224758, 0.588935, 0.776299

PART 2
OFFSET -3.081750, -10.121057, 53.660184
SCALE 1.000000, 1.000000, 1.000000
X -0.794308, 0.482909, 0.368609
Y 0.591541, 0.753011, 0.288191
Z -0.138397, 0.446960, -0.883783

PART 3
OFFSET -20.371892, -28.925182, 52.324300
SCALE 1.000000, 1.000000, 1.000000
X 0.979402, -0.192045, -0.062375
Y 0.188964, 0.980602, -0.052079
Z 0.071166, 0.039220, 0.996693

PART 4
OFFSET -20.374813, -28.926301, 52.322299
SCALE 1.000000, 1.000000, 1.000000
X 0.979396, -0.192095, -0.062319
Y 0.189016, 0.980592, -0.052077
Z 0.071113, 0.039225, 0.996697

PART 5
OFFSET 8.205267, 12.552871, 50.767894
SCALE 1.000000, 1.000000, 1.000000
X 0.834103, -0.528144, 0.159169
Y 0.503750, 0.611769, -0.609897
Z 0.224739, 0.588899, 0.776332

PART 6
OFFSET 5.906213, -14.810237, 49.881651
SCALE 1.000000, 1.000000, 1.000000
X -0.927220, -0.372041, -0.042984
Y -0.348014, 0.813505, 0.465935
Z -0.138379, 0.446984, -0.883774

PART 7
OFFSET 17.622587, -9.981077, 51.241664
SCALE 1.000000, 1.000000, 1.000000
X 0.991440, 0.112783, 0.065780
Y -0.117693, 0.990116, 0.076274
Z -0.056527, -0.083363, 0.994915

PART 8
OFFSET 8.205267, 12.552871, 50.767894
SCALE 1.000000, 1.000000, 1.000000
X 0.834103, -0.528144, 0.159169
Y 0.503750, 0.611769, -0.609897
Z 0.224739, 0.588899, 0.776332

PART 9
OFFSET 16.692120, 7.256387, 52.474705
SCALE 1.000000, 1.000000, 1.000000
X 0.689860, -0.539018, 0.483272
Y 0.639906, 0.766195, -0.058875
Z -0.338546, 0.349865, 0.873488

PART 10
OFFSET 14.339581, 8.668627, 51.937804
SCALE 1.000000, 1.000000, 1.000000
X 0.834103, -0.528144, 0.159169
Y 0.549186, 0.822128, -0.150003
Z -0.051634, 0.212531, 0.975789

PART 11
OFFSET 13.317197, 9.316000, 51.742821
SCALE 1.000000, 1.000000, 1.000000
X 0.834103, -0.528144, 0.159169
Y 0.551603, 0.799850, -0.236587
Z -0.002359, 0.285136, 0.958484

PART 12
OFFSET 12.294810, 9.963374, 51.547835
SCALE 1.000000, 1.000000, 1.000000
X 0.834103, -0.528144, 0.159169
Y 0.549607, 0.771168, -0.321298
Z 0.046946, 0.355477, 0.933505

PART 13
OFFSET 11.272422, 10.610750, 51.352852
SCALE 1.000000, 1.000000, 1.000000
X 0.834103, -0.528144, 0.159169
Y 0.543752, 0.738721, -0.398278
Z 0.092767, 0.418753, 0.903349

PART 14
OFFSET 10.250036, 11.258122, 51.157865
SCALE 1.000000, 1.000000, 1.000000
X 0.834103, -0.528144, 0.159169
Y 0.534128, 0.701251, -0.472180
Z 0.137762, 0.478864, 0.867013

PART 15
OFFSET 9.227651, 11.905497, 50.962882
SCALE 1.000000, 1.000000, 1.000000
X 0.834103, -0.528144, 0.159169
Y 0.520752, 0.658793, -0.542964
Z 0.181904, 0.535776, 0.824533

PART 16
OFFSET 15.361967, 8.021253, 52.132787
SCALE 1.000000, 1.000000, 1.000000
X 0.834103, -0.528144, 0.159169
Y 0.542953, 0.837008, -0.067963
Z -0.097332, 0.143110, 0.984909

PART 17
OFFSET 5.906213, -14.810237, 49.881651
SCALE 1.000000, 1.000000, 1.000000
X -0.927220, -0.372041, -0.042984
Y -0.348014, 0.813505, 0.465935
Z -0.138379, 0.446984, -0.883774

PART 18
OFFSET 15.692943, -11.080226, 50.418400
SCALE 1.000000, 1.000000, 1.000000
X -0.855710, -0.066554, -0.513157
Y -0.517451, 0.106177, 0.849100
Z -0.002025, 0.992117, -0.125295

PART 19
OFFSET 12.723262, -12.075495, 50.197856
SCALE 1.000000, 1.000000, 1.000000
X -0.927220, -0.372041, -0.042984
Y -0.166710, 0.307234, 0.936918
Z -0.335366, 0.875895, -0.346896

PART 20
OFFSET 11.587089, -12.531286, 50.145158
SCALE 1.000000, 1.000000, 1.000000
X -0.927220, -0.372041, -0.042984
Y -0.207967, 0.416027, 0.885252
Z -0.311468, 0.829763, -0.463121

PART 21
OFFSET 10.450912, -12.987075, 50.092455
SCALE 1.000000, 1.000000, 1.000000
X -0.927220, -0.372041, -0.042984
Y -0.245862, 0.518101, 0.819221
Z -0.282514, 0.770167, -0.571864

PART 22
OFFSET 9.314735, -13.442866, 50.039756
SCALE 1.000000, 1.000000, 1.000000
X -0.927220, -0.372041, -0.042984
Y -0.277734, 0.606067, 0.745350
Z -0.251250, 0.703042, -0.665286

PART 23
OFFSET 8.178561, -13.898654, 49.987054
SCALE 1.000000, 1.000000, 1.000000
X -0.927220, -0.372041, -0.042984
Y -0.305557, 0.685129, 0.661236
Z -0.216558, 0.626246, -0.748945

PART 24
OFFSET 7.042387, -14.354445, 49.934355
SCALE 1.000000, 1.000000, 1.000000
X -0.927220, -0.372041, -0.042984
Y -0.329124, 0.754685, 0.567563
Z -0.178717, 0.540403, -0.822207

PART 25
OFFSET 13.859436, -11.619706, 50.250555
SCALE 1.000000, 1.000000, 1.000000
X -0.927220, -0.372041, -0.042984
Y -0.125684, 0.200992, 0.971497
Z -0.352797, 0.906194, -0.233124

PART 26
OFFSET 17.622587, -9.981077, 51.241664
SCALE 1.000000, 1.000000, 1.000000
X 0.056527, 0.083363, -0.994915
Y -0.117693, 0.990116, 0.076274
Z 0.991440, 0.112783, 0.065780

PART 27
OFFSET 18.360125, 4.598416, 54.274274
SCALE 1.000000, 1.000000, 1.000000
X 0.689860, -0.539018, 0.483272
Y 0.639906, 0.766195, -0.058875
Z -0.338546, 0.349865, 0.873488

PART 28
OFFSET 19.132404, 5.479197, 54.331649
SCALE 1.000000, 1.000000, 1.000000
X 0.699919, -0.684475, -0.203980
Y -0.371565, -0.105052, -0.922444
Z 0.609961, 0.721428, -0.327855

PART 29
OFFSET 17.998692, 7.774147, 52.446965
SCALE 1.000000, 1.000000, 1.000000
X 0.864040, -0.501316, 0.046011
Y -0.094722, -0.251658, -0.963170
Z 0.494431, 0.827859, -0.264928

PART 30
OFFSET 17.924230, 7.265860, 53.037393
SCALE 1.000000, 1.000000, 1.000000
X 0.822866, -0.495877, 0.277486
Y 0.100184, -0.354076, -0.929835
Z 0.559335, 0.792929, -0.241678

PART 31
OFFSET 16.266853, 5.785771, 52.739951
SCALE 1.000000, 1.000000, 1.000000
X 0.611682, -0.759468, 0.221480
Y 0.778538, 0.627595, 0.001904
Z -0.140446, 0.171266, 0.975163

PART 32
OFFSET 18.090495, -10.813210, 53.112277
SCALE 1.000000, 1.000000, 1.000000
X -0.855710, -0.066554, -0.513157
Y -0.517451, 0.106177, 0.849100
Z -0.002025, 0.992117, -0.125295

PART 33
OFFSET 18.462593, -11.061456, 52.034737
SCALE 1.000000, 1.000000, 1.000000
X -0.149912, -0.988699, 0.000935
Y 0.985216, -0.149304, 0.084013
Z -0.082924, 0.013516, 0.996464

PART 34
OFFSET 16.761487, -10.810904, 49.730498
SCALE 1.000000, 1.000000, 1.000000
X 0.918009, 0.322544, 0.230707
Y 0.188553, 0.156783, -0.969467
Z -0.348867, 0.933480, 0.083112

PART 35
OFFSET 16.940344, -11.093105, 50.446410
SCALE 1.000000, 1.000000, 1.000000
X 0.929200, 0.176190, 0.324876
Y 0.307087, 0.121020, -0.943955
Z -0.205632, 0.976889, 0.058346

PART 36
OFFSET 15.534338, -10.712819, 51.316560
SCALE 1.000000, 1.000000, 1.000000
X -0.548320, -0.481081, -0.684036
Y -0.809830, 0.509510, 0.290819
Z 0.208616, 0.713415, -0.668968

PART 37
OFFSET 16.758585, -11.455827, 66.731656
SCALE 1.000000, 1.000000, 1.000000
X -0.056527, -0.083363, 0.994915
Y -0.117693, 0.990116, 0.076274
Z -0.991440, -0.112783, -0.065780

PART 38
OFFSET 18.519064, 4.741523, 54.453082
SCALE 1.000000, 1.000000, 1.000000
X 0.728195, -0.681909, 0.068797
Y -0.003649, -0.104236, -0.994546
Z 0.685361, 0.723972, -0.078392

PART 39
OFFSET 18.360125, 4.598416, 54.274274
SCALE 1.000000, 1.000000, 1.000000
X 0.689860, -0.539018, 0.483272
Y 0.639906, 0.766195, -0.058875
Z -0.338546, 0.349865, 0.873488

PART 40
OFFSET 20.562411, 4.080694, 53.914936
SCALE 1.000000, 1.000000, 1.000000
X 0.253762, -0.569773, -0.781642
Y -0.750701, 0.393574, -0.530610
Z 0.609961, 0.721428, -0.327855

PART 41
OFFSET 20.153823, 6.612068, 52.689244
SCALE 1.000000, 1.000000, 1.000000
X 0.781192, -0.620778, 0.066130
Y -0.363354, -0.538254, -0.760432
Z 0.507654, 0.570015, -0.646042

PART 42
OFFSET 19.756645, 6.031333, 53.616918
SCALE 1.000000, 1.000000, 1.000000
X 0.754945, -0.639579, -0.144901
Y -0.360807, -0.220587, -0.906179
Z 0.547610, 0.736397, -0.397296

PART 43
OFFSET 17.452636, 4.185906, 53.021373
SCALE 1.000000, 1.000000, 1.000000
X 0.504329, -0.758637, 0.412458
Y 0.827434, 0.561189, 0.020463
Z -0.246991, 0.330962, 0.910747

PART 44
OFFSET 17.994011, -11.018673, 52.881481
SCALE 1.000000, 1.000000, 1.000000
X -0.499641, -0.858439, -0.115934
Y 0.771164, -0.501763, 0.391842
Z -0.394544, 0.106376, 0.912699

PART 45
OFFSET 18.090495, -10.813210, 53.112277
SCALE 1.000000, 1.000000, 1.000000
X -0.855710, -0.066554, -0.513157
Y -0.517451, 0.106177, 0.849100
Z -0.002025, 0.992117, -0.125295

PART 46
OFFSET 18.768955, -9.041294, 52.032817
SCALE 1.000000, 1.000000, 1.000000
X 0.996465, -0.011870, 0.083171
Y 0.012953, 0.999838, -0.012490
Z -0.083010, 0.013523, 0.996457

PART 47
OFFSET 18.690549, -10.243542, 50.038081
SCALE 1.000000, 1.000000, 1.000000
X 0.398860, -0.875288, -0.273463
Y 0.888511, 0.442649, -0.120871
Z 0.226845, -0.194764, 0.954258

PART 48
OFFSET 18.763176, -10.693390, 51.094351
SCALE 1.000000, 1.000000, 1.000000
X 0.113840, -0.991343, -0.065423
Y 0.993498, 0.113694, 0.005965
Z 0.001525, -0.065677, 0.997840

PART 49
OFFSET 16.638232, -9.557357, 52.821363
SCALE 1.000000, 1.000000, 1.000000
X -0.806887, -0.298179, -0.509924
Y -0.549460, 0.695773, 0.462594
Z 0.216856, 0.653444, -0.725248

PART 50
OFFSET 19.816611, 3.526469, 54.575671
SCALE 1.000000, 1.000000, 1.000000
X 0.570684, -0.600784, -0.559802
Y -0.452391, 0.338915, -0.824911
Z 0.685319, 0.724013, -0.078376

PART 51
OFFSET 20.859900, 3.412681, 52.998572
SCALE 1.000000, 1.000000, 1.000000
X -0.181928, -0.275194, -0.944018
Y -0.771265, 0.635460, -0.036610
Z 0.609961, 0.721428, -0.327855

PART 52
OFFSET 21.174204, 5.801229, 52.775609
SCALE 1.000000, 1.000000, 1.000000
X 0.428596, -0.817566, -0.384566
Y -0.747390, -0.081665, -0.659347
Z 0.507654, 0.570015, -0.646042

PART 53
OFFSET 20.993948, 4.983079, 53.379416
SCALE 1.000000, 1.000000, 1.000000
X 0.345152, -0.631287, -0.694512
Y -0.762255, 0.243179, -0.599859
Z 0.547574, 0.736438, -0.397268

PART 54
OFFSET 18.121909, 3.266349, 53.512832
SCALE 1.000000, 1.000000, 1.000000
X 0.685675, -0.645645, 0.336143
Y 0.649703, 0.751077, 0.117342
Z -0.328230, 0.137935, 0.934473

PART 55
OFFSET 18.884358, -9.489096, 53.088021
SCALE 1.000000, 1.000000, 1.000000
X 0.825558, -0.395102, 0.402924
Y 0.403471, 0.912457, 0.068066
Z -0.394544, 0.106376, 0.912699

PART 56
OFFSET 17.600674, -9.027351, 51.935354
SCALE 1.000000, 1.000000, 1.000000
X 0.626373, 0.778413, 0.041589
Y -0.775088, 0.627606, -0.073141
Z -0.083035, 0.013578, 0.996454

PART 57
OFFSET 18.169577, -9.100250, 50.395237
SCALE 1.000000, 1.000000, 1.000000
X 0.968727, 0.146348, -0.200378
Y -0.100616, 0.969860, 0.221918
Z 0.226816, -0.194817, 0.954254

PART 58
OFFSET 18.576574, -9.068642, 51.201560
SCALE 1.000000, 1.000000, 1.000000
X 0.998178, 0.060287, 0.002356
Y -0.060311, 0.996019, 0.065647
Z 0.001611, -0.065670, 0.997840

PART 59
OFFSET 17.317966, -9.242147, 53.320480
SCALE 1.000000, 1.000000, 1.000000
X -0.991296, 0.104444, -0.080146
Y 0.022112, 0.732219, 0.680710
Z 0.129780, 0.673013, -0.728155

PART 60
OFFSET 20.358173, 2.956294, 54.044387
SCALE 1.000000, 1.000000, 1.000000
X 0.505667, -0.550546, -0.664229
Y -0.524060, 0.415576, -0.743409
Z 0.685319, 0.724013, -0.078376

PART 61
OFFSET 21.499177, 5.181360, 52.484030
SCALE 1.000000, 1.000000, 1.000000
X 0.092877, -0.781688, -0.616715
Y -0.856540, 0.253076, -0.449769
Z 0.507654, 0.570015, -0.646042

PART 62
OFFSET 21.364454, 4.305351, 52.633827
SCALE 1.000000, 1.000000, 1.000000
X -0.119669, -0.400969, -0.908242
Y -0.828156, 0.544870, -0.131432
Z 0.547574, 0.736438, -0.397268

PART 63
OFFSET 18.100837, -9.114202, 52.705703
SCALE 1.000000, 1.000000, 1.000000
X 0.884103, 0.314616, 0.345513
Y -0.250396, 0.943240, -0.218177
Z -0.394544, 0.106376, 0.912699

PART 64
OFFSET 17.435024, -9.211189, 50.547228
SCALE 1.000000, 1.000000, 1.000000
X 0.705329, 0.708506, -0.023024
Y -0.671622, 0.678297, 0.298055
Z 0.226791, -0.194764, 0.954271

PART 65
OFFSET 17.504920, -9.133360, 51.199020
SCALE 1.000000, 1.000000, 1.000000
X 0.590907, 0.805059, 0.052054
Y -0.806738, 0.589543, 0.040157
Z 0.001641, -0.065723, 0.997837

PART 66
OFFSET -0.106364, -0.000001, 59.999999
SCALE 1.000000, 1.000000, 1.000000
X 1.000000, 0.000000, 0.000000
Y 0.000000, 1.000000, 0.000000
Z 0.000000, 0.000000, 1.000000

PART 67
OFFSET -0.106364, -0.000001, 59.999999
SCALE 1.000000, 1.000000, 1.000000
X 1.000000, 0.000000, 0.000000
Y 0.000000, 1.000000, 0.000000
Z 0.000000, 0.000000, 1.000000

PART 68
OFFSET -4.738254, -0.000001, 58.623226
SCALE 1.000000, 1.000000, 1.000000
X 1.000000, 0.000000, 0.000000
Y 0.000000, 1.000000, 0.000000
Z 0.000000, 0.000000, 1.000000

PART 69
OFFSET 1.434187, -0.000001, 64.135821
SCALE 1.000000, 1.000000, 1.000000
X 1.000000, 0.000000, 0.000000
Y 0.000000, 1.000000, 0.000000
Z 0.000000, 0.000000, 1.000000

PART 70
OFFSET 1.434187, -0.000001, 64.135821
SCALE 1.000000, 1.000000, 1.000000
X 1.000000, 0.000000, 0.000000
Y 0.000000, 1.000000, 0.000000
Z 0.000000, 0.000000, 1.000000

FRAME 1
PART 0
OFFSET -1.009714, -0.000001, 52.513799
SCALE 1.000000, 1.000000, 1.000000
X 1.000000, 0.000000, 0.000000
Y 0.000000, 1.000000, 0.000000
Z 0.000000, 0.000000, 1.000000

PART 1
OFFSET -0.021180, 7.823380, 56.279232
SCALE 1.000000, 1.000000, 1.000000
X 0.662292, 0.444559, -0.603105
Y -0.712648, 0.622272, -0.323898
Z 0.231304, 0.644317, 0.728940

PART 2
OFFSET -3.105124, -10.138625, 53.634542
SCALE 1.000000, 1.000000, 1.000000
X -0.774485, 0.497797, 0.390348
Y 0.615933, 0.734083, 0.285917
Z -0.144219, 0.461867, -0.875146

PART 3
OFFSET -20.380323, -28.932600, 52.324493
SCALE 1.000000, 1.000000, 1.000000
X 0.979404, -0.192062, -0.062292
Y 0.188983, 0.980598, -0.052093
Z 0.071089, 0.039248, 0.996698

PART 4
OFFSET -20.374813, -28.926301, 52.322299
SCALE 1.000000, 1.000000, 1.000000
X 0.979396, -0.192095, -0.062319
Y 0.189016, 0.980592, -0.052077
Z 0.071113, 0.039225, 0.996697

PART 5
OFFSET 7.546271, 12.022420, 50.166098
SCALE 1.000000, 1.000000, 1.000000
X 0.861525, -0.483722, 0.154230
Y 0.451978, 0.592329, -0.666980
Z 0.231278, 0.644329, 0.728938

PART 6
OFFSET 5.668188, -14.961032, 49.644118
SCALE 1.000000, 1.000000, 1.000000
X -0.915809, -0.397287, -0.058792
Y -0.374835, 0.792977, 0.480297
Z -0.144195, 0.461898, -0.875133

PART 7
OFFSET 17.234929, -9.760771, 51.111424
SCALE 1.000000, 1.000000, 1.000000
X 0.985800, 0.162499, 0.042340
Y -0.165418, 0.983111, 0.078297
Z -0.028902, -0.084188, 0.996031

PART 8
OFFSET 7.546271, 12.022420, 50.166098
SCALE 1.000000, 1.000000, 1.000000
X 0.861525, -0.483722, 0.154230
Y 0.451978, 0.592329, -0.666980
Z 0.231278, 0.644329, 0.728938

PART 9
OFFSET 16.314233, 7.183173, 51.818399
SCALE 1.000000, 1.000000, 1.000000
X 0.701117, -0.513016, 0.495227
Y 0.635147, 0.764979, -0.106751
Z -0.324074, 0.389387, 0.862180

PART 10
OFFSET 13.882233, 8.464833, 51.299689
SCALE 1.000000, 1.000000, 1.000000
X 0.861525, -0.483722, 0.154230
Y 0.507044, 0.835333, -0.212426
Z -0.026078, 0.261212, 0.964929

PART 11
OFFSET 12.826240, 9.057763, 51.110760
SCALE 1.000000, 1.000000, 1.000000
X 0.861525, -0.483722, 0.154230
Y 0.507308, 0.808012, -0.299592
Z 0.020300, 0.336348, 0.941519

PART 12
OFFSET 11.770245, 9.650694, 50.921827
SCALE 1.000000, 1.000000, 1.000000
X 0.861525, -0.483722, 0.154230
Y 0.503338, 0.773939, -0.384277
Z 0.066519, 0.408694, 0.910244

PART 13
OFFSET 10.714250, 10.243627, 50.732896
SCALE 1.000000, 1.000000, 1.000000
X 0.861525, -0.483722, 0.154230
Y 0.495812, 0.736184, -0.460656
Z 0.109288, 0.473336, 0.874076

PART 14
OFFSET 9.658256, 10.836556, 50.543963
SCALE 1.000000, 1.000000, 1.000000
X 0.861525, -0.483722, 0.154230
Y 0.484710, 0.693221, -0.533386
Z 0.151095, 0.534282, 0.831693

PART 15
OFFSET 8.602264, 11.429488, 50.355033
SCALE 1.000000, 1.000000, 1.000000
X 0.861525, -0.483722, 0.154230
Y 0.470050, 0.645105, -0.602406
Z 0.191903, 0.591484, 0.783148

PART 16
OFFSET 14.938226, 7.871902, 51.488619
SCALE 1.000000, 1.000000, 1.000000
X 0.861525, -0.483722, 0.154230
Y 0.502970, 0.854574, -0.129324
Z -0.069244, 0.188989, 0.979535

PART 17
OFFSET 5.668188, -14.961032, 49.644118
SCALE 1.000000, 1.000000, 1.000000
X -0.915809, -0.397287, -0.058792
Y -0.374835, 0.792977, 0.480297
Z -0.144195, 0.461898, -0.875133

PART 18
OFFSET 15.343803, -10.956980, 50.334932
SCALE 1.000000, 1.000000, 1.000000
X -0.863092, -0.110263, -0.492863
Y -0.502077, 0.081669, 0.860958
Z -0.054680, 0.990541, -0.125848

PART 19
OFFSET 12.401355, -12.040683, 50.076530
SCALE 1.000000, 1.000000, 1.000000
X -0.915809, -0.397287, -0.058792
Y -0.185613, 0.288881, 0.939200
Z -0.356148, 0.871040, -0.338301

PART 20
OFFSET 11.279162, -12.527408, 50.004465
SCALE 1.000000, 1.000000, 1.000000
X -0.915809, -0.397287, -0.058792
Y -0.228904, 0.396067, 0.889232
Z -0.329995, 0.827825, -0.453662

PART 21
OFFSET 10.156965, -13.014131, 49.932394
SCALE 1.000000, 1.000000, 1.000000
X -0.915809, -0.397287, -0.058792
Y -0.268573, 0.496995, 0.825145
Z -0.298601, 0.771465, -0.561853

PART 22
OFFSET 9.034769, -13.500858, 49.860327
SCALE 1.000000, 1.000000, 1.000000
X -0.915809, -0.397287, -0.058792
Y -0.301856, 0.584354, 0.753268
Z -0.264909, 0.707596, -0.655081

PART 23
OFFSET 7.912575, -13.987580, 49.788257
SCALE 1.000000, 1.000000, 1.000000
X -0.915809, -0.397287, -0.058792
Y -0.330837, 0.663296, 0.671257
Z -0.227686, 0.634194, -0.738889

PART 24
OFFSET 6.790381, -14.474306, 49.716190
SCALE 1.000000, 1.000000, 1.000000
X -0.915809, -0.397287, -0.058792
Y -0.355306, 0.733242, 0.579753
Z -0.187220, 0.551832, -0.812668

PART 25
OFFSET 13.523549, -11.553958, 50.148597
SCALE 1.000000, 1.000000, 1.000000
X -0.915809, -0.397287, -0.058792
Y -0.142467, 0.184503, 0.972451
Z -0.375495, 0.898956, -0.225570

PART 26
OFFSET 17.234929, -9.760771, 51.111424
SCALE 1.000000, 1.000000, 1.000000
X 0.028902, 0.084188, -0.996031
Y -0.165418, 0.983111, 0.078297
Z 0.985800, 0.162499, 0.042340

PART 27
OFFSET 18.027343, 4.619352, 53.709846
SCALE 1.000000, 1.000000, 1.000000
X 0.701117, -0.513016, 0.495227
Y 0.635147, 0.764979, -0.106751
Z -0.324074, 0.389387, 0.862180

PART 28
OFFSET 18.796458, 5.504791, 53.711338
SCALE 1.000000, 1.000000, 1.000000
X 0.754182, -0.655717, -0.035270
Y -0.269753, -0.260396, -0.927053
Z 0.598701, 0.708681, -0.373267

PART 29
OFFSET 17.617651, 7.703983, 51.742068
SCALE 1.000000, 1.000000, 1.000000
X 0.867056, -0.495327, 0.053522
Y -0.111224, -0.297164, -0.948326
Z 0.485637, 0.816299, -0.312750

PART 30
OFFSET 17.556404, 7.223835, 52.357059
SCALE 1.000000, 1.000000, 1.000000
X 0.830118, -0.479116, 0.285222
Y 0.084758, -0.397157, -0.913828
Z 0.551108, 0.782760, -0.289079

PART 31
OFFSET 15.902734, 5.765043, 52.324541
SCALE 1.000000, 1.000000, 1.000000
X 0.631527, -0.723704, 0.278255
Y 0.775279, 0.584418, -0.239579
Z 0.010767, 0.367026, 0.930148

PART 32
OFFSET 17.787442, -10.565316, 52.971549
SCALE 1.000000, 1.000000, 1.000000
X -0.863092, -0.110263, -0.492863
Y -0.502077, 0.081669, 0.860958
Z -0.054680, 0.990541, -0.125848

PART 33
OFFSET 18.146156, -10.796598, 51.885724
SCALE 1.000000, 1.000000, 1.000000
X -0.100129, -0.994961, 0.005095
Y 0.993157, -0.099635, 0.060928
Z -0.060114, 0.011161, 0.998129

PART 34
OFFSET 16.381092, -10.635729, 49.621936
SCALE 1.000000, 1.000000, 1.000000
X 0.905848, 0.368536, 0.208858
Y 0.157677, 0.164272, -0.973731
Z -0.393164, 0.914984, 0.090696

PART 35
OFFSET 16.590592, -10.907316, 50.333633
SCALE 1.000000, 1.000000, 1.000000
X 0.926562, 0.223094, 0.302840
Y 0.278436, 0.134516, -0.950988
Z -0.252897, 0.965471, 0.062520

PART 36
OFFSET 15.188080, -10.596348, 51.236337
SCALE 1.000000, 1.000000, 1.000000
X -0.539404, -0.509183, -0.670653
Y -0.827308, 0.468830, 0.309450
Z 0.156855, 0.721756, -0.674140

PART 37
OFFSET 16.809891, -11.247341, 66.618542
SCALE 1.000000, 1.000000, 1.000000
X -0.028902, -0.084188, 0.996031
Y -0.165418, 0.983111, 0.078297
Z -0.985800, -0.162499, -0.042340

PART 38
OFFSET 18.188878, 4.771350, 53.878748
SCALE 1.000000, 1.000000, 1.000000
X 0.738010, -0.625942, 0.252067
Y 0.105479, -0.261947, -0.959301
Z 0.666495, 0.734562, -0.127296

PART 39
OFFSET 18.027343, 4.619352, 53.709846
SCALE 1.000000, 1.000000, 1.000000
X 0.701117, -0.513016, 0.495227
Y 0.635147, 0.764979, -0.106751
Z -0.324074, 0.389387, 0.862180

PART 40
OFFSET 20.337329, 4.165049, 53.639325
SCALE 1.000000, 1.000000, 1.000000
X 0.363111, -0.655519, -0.662152
Y -0.713938, 0.260893, -0.649790
Z 0.598701, 0.708681, -0.373267

PART 41
OFFSET 19.782236, 6.562757, 51.998757
SCALE 1.000000, 1.000000, 1.000000
X 0.765360, -0.643020, 0.027383
Y -0.423175, -0.534832, -0.731353
Z 0.484920, 0.548160, -0.681449

PART 42
OFFSET 19.404873, 6.024967, 52.959995
SCALE 1.000000, 1.000000, 1.000000
X 0.772402, -0.631793, -0.065063
Y -0.326495, -0.307101, -0.893918
Z 0.544790, 0.711707, -0.443483

PART 43
OFFSET 17.103405, 4.207757, 52.746548
SCALE 1.000000, 1.000000, 1.000000
X 0.554436, -0.680723, 0.478766
Y 0.825837, 0.521168, -0.215352
Z -0.102922, 0.514782, 0.851121

PART 44
OFFSET 17.695986, -10.775786, 52.743228
SCALE 1.000000, 1.000000, 1.000000
X -0.458572, -0.882598, -0.103601
Y 0.804315, -0.461791, 0.373933
Z -0.377874, 0.088147, 0.921651

PART 45
OFFSET 17.787442, -10.565316, 52.971549
SCALE 1.000000, 1.000000, 1.000000
X -0.863092, -0.110263, -0.492863
Y -0.502077, 0.081669, 0.860958
Z -0.054680, 0.990541, -0.125848

PART 46
OFFSET 18.350799, -8.763638, 51.875304
SCALE 1.000000, 1.000000, 1.000000
X 0.997484, 0.038197, 0.059715
Y -0.037459, 0.999208, -0.013433
Z -0.060181, 0.011163, 0.998125

PART 47
OFFSET 18.285978, -9.971904, 49.883727
SCALE 1.000000, 1.000000, 1.000000
X 0.435702, -0.854705, -0.282211
Y 0.862134, 0.486376, -0.142001
Z 0.258629, -0.181434, 0.948785

PART 48
OFFSET 18.405788, -10.415637, 50.938308
SCALE 1.000000, 1.000000, 1.000000
X 0.161790, -0.984519, -0.067432
Y 0.986422, 0.163298, -0.017453
Z 0.028194, -0.063693, 0.997571

PART 49
OFFSET 16.267648, -9.384315, 52.714044
SCALE 1.000000, 1.000000, 1.000000
X -0.802662, -0.339141, -0.490630
Y -0.572644, 0.668212, 0.474943
Z 0.166773, 0.662175, -0.730555

PART 50
OFFSET 19.503915, 3.656021, 54.327895
SCALE 1.000000, 1.000000, 1.000000
X 0.611946, -0.636558, -0.469378
Y -0.425845, 0.234910, -0.873770
Z 0.666467, 0.734582, -0.127323

PART 51
OFFSET 20.763017, 3.396510, 52.863050
SCALE 1.000000, 1.000000, 1.000000
X -0.069689, -0.418162, -0.905695
Y -0.797935, 0.568253, -0.200966
Z 0.598701, 0.708681, -0.373267

PART 52
OFFSET 20.781936, 5.722866, 52.034512
SCALE 1.000000, 1.000000, 1.000000
X 0.381160, -0.833762, -0.399447
Y -0.787127, -0.066041, -0.613245
Z 0.484920, 0.548160, -0.681449

PART 53
OFFSET 20.670787, 4.989473, 52.853345
SCALE 1.000000, 1.000000, 1.000000
X 0.379088, -0.680703, -0.626845
Y -0.748022, 0.173365, -0.640631
Z 0.544753, 0.711750, -0.443460

PART 54
OFFSET 17.831451, 3.378680, 53.310131
SCALE 1.000000, 1.000000, 1.000000
X 0.723071, -0.592356, 0.355362
Y 0.666555, 0.733339, -0.133860
Z -0.181308, 0.333658, 0.925094

PART 55
OFFSET 18.513154, -9.203158, 52.927791
SCALE 1.000000, 1.000000, 1.000000
X 0.853542, -0.352505, 0.383674
Y 0.358707, 0.931649, 0.057965
Z -0.377882, 0.088151, 0.921648

PART 56
OFFSET 17.181322, -8.808395, 51.805342
SCALE 1.000000, 1.000000, 1.000000
X 0.587387, 0.808877, 0.026349
Y -0.807064, 0.587871, -0.055278
Z -0.060203, 0.011205, 0.998123

PART 57
OFFSET 17.716883, -8.855497, 50.252309
SCALE 1.000000, 1.000000, 1.000000
X 0.955210, 0.194330, -0.223182
Y -0.143871, 0.964001, 0.223613
Z 0.258602, -0.181488, 0.948782

PART 58
OFFSET 18.140599, -8.802074, 51.048810
SCALE 1.000000, 1.000000, 1.000000
X 0.993687, 0.110185, -0.021126
Y -0.108572, 0.991869, 0.066395
Z 0.028270, -0.063683, 0.997570

PART 59
OFFSET 16.942244, -9.034556, 53.196848
SCALE 1.000000, 1.000000, 1.000000
X -0.996891, 0.054510, -0.056887
Y 0.001338, 0.733641, 0.679536
Z 0.078776, 0.677348, -0.731433

PART 60
OFFSET 20.084637, 3.051893, 53.882426
SCALE 1.000000, 1.000000, 1.000000
X 0.505538, -0.570840, -0.646972
Y -0.547933, 0.366822, -0.751806
Z 0.666484, 0.734563, -0.127340

PART 61
OFFSET 21.070943, 5.090716, 51.731650
SCALE 1.000000, 1.000000, 1.000000
X 0.033487, -0.790258, -0.611858
Y -0.873917, 0.273883, -0.401568
Z 0.484920, 0.548160, -0.681449

PART 62
OFFSET 21.077725, 4.258693, 52.180400
SCALE 1.000000, 1.000000, 1.000000
X -0.083404, -0.480198, -0.873186
Y -0.834436, 0.512660, -0.202228
Z 0.544757, 0.711751, -0.443452

PART 63
OFFSET 17.703080, -8.868692, 52.563744
SCALE 1.000000, 1.000000, 1.000000
X 0.875075, 0.359143, 0.324437
Y -0.302404, 0.929110, -0.212852
Z -0.377882, 0.088151, 0.921648

PART 64
OFFSET 16.992578, -9.002819, 50.421592
SCALE 1.000000, 1.000000, 1.000000
X 0.668199, 0.742905, -0.040033
Y -0.697605, 0.644338, 0.313330
Z 0.258569, -0.181440, 0.948800

PART 65
OFFSET 17.073766, -8.920364, 51.071480
SCALE 1.000000, 1.000000, 1.000000
X 0.550904, 0.833720, 0.037628
Y -0.834089, 0.548498, 0.058704
Z 0.028304, -0.063725, 0.997566

PART 66
OFFSET -0.106364, -0.000001, 59.999999
SCALE 1.000000, 1.000000, 1.000000
X 1.000000, 0.000000, 0.000000
Y 0.000000, 1.000000, 0.000000
Z 0.000000, 0.000000, 1.000000

PART 67
OFFSET -0.106364, -0.000001, 59.999999
SCALE 1.000000, 1.000000, 1.000000
X 1.000000, 0.000000, -0.000244
Y 0.000000, 1.000000, 0.000000
Z 0.000244, 0.000000, 1.000000

PART 68
OFFSET -4.738590, -0.000001, 58.624356
SCALE 1.000000, 1.000000, 1.000000
X 1.000000, 0.000000, -0.000244
Y 0.000000, 1.000000, 0.000000
Z 0.000244, 0.000000, 1.000000

PART 69
OFFSET 1.435197, -0.000001, 64.135445
SCALE 1.000000, 1.000000, 1.000000
X 1.000000, 0.000000, -0.000244
Y 0.000000, 1.000000, 0.000000
Z 0.000244, 0.000000, 1.000000

PART 70
OFFSET 1.435197, -0.000001, 64.135445
SCALE 1.000000, 1.000000, 1.000000
X 1.000000, 0.000000, -0.000244
Y 0.000000, 1.000000, 0.000000
Z 0.000244, 0.000000, 1.000000

FRAME 2
PART 0
OFFSET -1.009714, -0.000001, 52.513799
SCALE 1.000000, 1.000000, 1.000000
X 1.000000, 0.000000, 0.000000
Y 0.000000, 1.000000, 0.000000
Z 0.000000, 0.000000, 1.000000

PART 1
OFFSET -0.904380, 6.996116, 56.124750
SCALE 1.000000, 1.000000, 1.000000
X 0.606958, 0.391128, -0.691824
Y -0.758781, 0.544068, -0.358109
Z 0.236333, 0.742300, 0.627007

PART 2
OFFSET -3.166452, -10.175346, 53.569738
SCALE 1.000000, 1.000000, 1.000000
X -0.722478, 0.528915, 0.445280
Y 0.671153, 0.691207, 0.267928
Z -0.166069, 0.492423, -0.854365

PART 3
OFFSET -20.375875, -28.925570, 52.327230
SCALE 1.000000, 1.000000, 1.000000
X 0.979382, -0.192147, -0.062375
Y 0.189060, 0.980580, -0.052155
Z 0.071185, 0.039287, 0.996689

PART 4
OFFSET -20.374813, -28.926301, 52.322299
SCALE 1.000000, 1.000000, 1.000000
X 0.979396, -0.192095, -0.062319
Y 0.189016, 0.980592, -0.052077
Z 0.071113, 0.039225, 0.996697

PART 5
OFFSET 6.133179, 10.719588, 49.063630
SCALE 1.000000, 1.000000, 1.000000
X 0.913024, -0.390434, 0.118104
Y 0.332453, 0.544499, -0.770062
Z 0.236351, 0.742349, 0.626941

PART 6
OFFSET 5.042669, -15.270284, 49.038049
SCALE 1.000000, 1.000000, 1.000000
X -0.884589, -0.457265, -0.091714
Y -0.435820, 0.740491, 0.511599
Z -0.166023, 0.492526, -0.854315

PART 7
OFFSET 16.217301, -9.210133, 50.641771
SCALE 1.000000, 1.000000, 1.000000
X 0.962661, 0.267502, -0.041545
Y -0.263647, 0.961267, 0.080344
Z 0.061428, -0.066391, 0.995901

PART 8
OFFSET 6.133179, 10.719588, 49.063630
SCALE 1.000000, 1.000000, 1.000000
X 0.913024, -0.390434, 0.118104
Y 0.332453, 0.544499, -0.770062
Z 0.236351, 0.742349, 0.626941

PART 9
OFFSET 15.434087, 6.841663, 50.336945
SCALE 1.000000, 1.000000, 1.000000
X 0.698775, -0.488311, 0.522749
Y 0.660152, 0.721665, -0.208323
Z -0.275523, 0.490665, 0.826641

PART 10
OFFSET 12.847829, 7.847997, 49.931558
SCALE 1.000000, 1.000000, 1.000000
X 0.913024, -0.390434, 0.118104
Y 0.405839, 0.840382, -0.359240
Z 0.041007, 0.375925, 0.925742

PART 11
OFFSET 11.728722, 8.326594, 49.786905
SCALE 1.000000, 1.000000, 1.000000
X 0.913024, -0.390434, 0.118104
Y 0.400499, 0.803123, -0.441127
Z 0.077379, 0.450060, 0.889639

PART 12
OFFSET 10.609612, 8.805193, 49.642250
SCALE 1.000000, 1.000000, 1.000000
X 0.913024, -0.390434, 0.118104
Y 0.391904, 0.759331, -0.519450
Z 0.113131, 0.520556, 0.846300

PART 13
OFFSET 9.490502, 9.283793, 49.497596
SCALE 1.000000, 1.000000, 1.000000
X 0.913024, -0.390434, 0.118104
Y 0.380970, 0.712738, -0.588953
Z 0.145770, 0.582722, 0.799491

PART 14
OFFSET 8.371394, 9.762389, 49.352941
SCALE 1.000000, 1.000000, 1.000000
X 0.913024, -0.390434, 0.118104
Y 0.367382, 0.661282, -0.654016
Z 0.177250, 0.640521, 0.747205

PART 15
OFFSET 7.252286, 10.240989, 49.208288
SCALE 1.000000, 1.000000, 1.000000
X 0.913024, -0.390434, 0.118104
Y 0.351156, 0.605012, -0.714598
Z 0.207549, 0.693918, 0.689494

PART 16
OFFSET 13.966936, 7.369398, 50.076211
SCALE 1.000000, 1.000000, 1.000000
X 0.913024, -0.390434, 0.118104
Y 0.407851, 0.869044, -0.280037
Z 0.006699, 0.303849, 0.952697

PART 17
OFFSET 5.042669, -15.270284, 49.038049
SCALE 1.000000, 1.000000, 1.000000
X -0.884589, -0.457265, -0.091714
Y -0.435820, 0.740491, 0.511599
Z -0.166023, 0.492526, -0.854315

PART 18
OFFSET 14.409937, -10.616955, 50.038787
SCALE 1.000000, 1.000000, 1.000000
X -0.883332, -0.211709, -0.418216
Y -0.436324, 0.045297, 0.898649
Z -0.171308, 0.976282, -0.132386

PART 19
OFFSET 11.546339, -11.908980, 49.712481
SCALE 1.000000, 1.000000, 1.000000
X -0.884589, -0.457265, -0.091714
Y -0.222734, 0.241443, 0.944508
Z -0.409746, 0.855929, -0.315426

PART 20
OFFSET 10.462396, -12.469197, 49.600078
SCALE 1.000000, 1.000000, 1.000000
X -0.884589, -0.457265, -0.091714
Y -0.271529, 0.345079, 0.898439
Z -0.379176, 0.819652, -0.429413

PART 21
OFFSET 9.378448, -13.029414, 49.487671
SCALE 1.000000, 1.000000, 1.000000
X -0.884589, -0.457265, -0.091714
Y -0.316195, 0.443476, 0.838659
Z -0.342816, 0.770868, -0.536879

PART 22
OFFSET 8.294502, -13.589632, 49.375267
SCALE 1.000000, 1.000000, 1.000000
X -0.884589, -0.457265, -0.091714
Y -0.353648, 0.529483, 0.771090
Z -0.304031, 0.714533, -0.630086

PART 23
OFFSET 7.210557, -14.149848, 49.262861
SCALE 1.000000, 1.000000, 1.000000
X -0.884589, -0.457265, -0.091714
Y -0.386257, 0.608120, 0.693539
Z -0.261358, 0.648922, -0.714558

PART 24
OFFSET 6.126613, -14.710066, 49.150457
SCALE 1.000000, 1.000000, 1.000000
X -0.884589, -0.457265, -0.091714
Y -0.413803, 0.678852, 0.606569
Z -0.215102, 0.574516, -0.789723

PART 25
OFFSET 12.630284, -11.348763, 49.824884
SCALE 1.000000, 1.000000, 1.000000
X -0.884589, -0.457265, -0.091714
Y -0.174033, 0.141202, 0.974564
Z -0.432683, 0.878050, -0.204485

PART 26
OFFSET 16.217301, -9.210133, 50.641771
SCALE 1.000000, 1.000000, 1.000000
X -0.061428, 0.066391, -0.995901
Y -0.263647, 0.961267, 0.080344
Z 0.962661, 0.267502, -0.041545

PART 27
OFFSET 17.115976, 4.417543, 52.429882
SCALE 1.000000, 1.000000, 1.000000
X 0.698775, -0.488311, 0.522749
Y 0.660152, 0.721665, -0.208323
Z -0.275523, 0.490665, 0.826641

PART 28
OFFSET 17.918757, 5.264434, 52.311882
SCALE 1.000000, 1.000000, 1.000000
X 0.767683, -0.622430, 0.152455
Y -0.195595, -0.454136, -0.869197
Z 0.610250, 0.637448, -0.470377

PART 29
OFFSET 16.753086, 7.295141, 50.162134
SCALE 1.000000, 1.000000, 1.000000
X 0.848356, -0.523898, 0.076311
Y -0.158786, -0.389287, -0.907327
Z 0.505054, 0.757619, -0.413442

PART 30
OFFSET 16.696477, 6.884762, 50.826132
SCALE 1.000000, 1.000000, 1.000000
X 0.820927, -0.482044, 0.306126
Y 0.034314, -0.493480, -0.869080
Z 0.570002, 0.723956, -0.388570

PART 31
OFFSET 14.986852, 5.503198, 51.004068
SCALE 1.000000, 1.000000, 1.000000
X 0.612789, -0.717228, 0.331774
Y 0.787896, 0.522155, -0.326457
Z 0.060907, 0.461452, 0.885072

PART 32
OFFSET 17.003165, -9.913122, 52.458769
SCALE 1.000000, 1.000000, 1.000000
X -0.883332, -0.211709, -0.418216
Y -0.436324, 0.045297, 0.898649
Z -0.171308, 0.976282, -0.132386

PART 33
OFFSET 17.295318, -10.127063, 51.349685
SCALE 1.000000, 1.000000, 1.000000
X 0.008564, -0.999652, 0.024962
Y 0.999756, 0.008052, -0.020556
Z 0.020348, 0.025132, 0.999477

PART 34
OFFSET 15.345110, -10.201633, 49.238474
SCALE 1.000000, 1.000000, 1.000000
X 0.874745, 0.467194, 0.128654
Y 0.059368, 0.160172, -0.985302
Z -0.480934, 0.869526, 0.112373

PART 35
OFFSET 15.639829, -10.434709, 49.933446
SCALE 1.000000, 1.000000, 1.000000
X 0.918602, 0.326741, 0.222286
Y 0.184096, 0.143910, -0.972316
Z -0.349685, 0.934093, 0.072045

PART 36
OFFSET 14.289973, -10.256595, 50.945753
SCALE 1.000000, 1.000000, 1.000000
X -0.534008, -0.577407, -0.617606
Y -0.845174, 0.384202, 0.371578
Z 0.022734, 0.720410, -0.693176

PART 37
OFFSET 17.217344, -10.415912, 66.146842
SCALE 1.000000, 1.000000, 1.000000
X 0.061428, -0.066391, 0.995901
Y -0.263647, 0.961267, 0.080344
Z -0.962661, -0.267502, 0.041545

PART 38
OFFSET 17.289664, 4.579240, 52.576246
SCALE 1.000000, 1.000000, 1.000000
X 0.714144, -0.543157, 0.441564
Y 0.182519, -0.464500, -0.866560
Z 0.675785, 0.699443, -0.232583

PART 39
OFFSET 17.115976, 4.417543, 52.429882
SCALE 1.000000, 1.000000, 1.000000
X 0.698775, -0.488311, 0.522749
Y 0.660152, 0.721665, -0.208323
Z -0.275523, 0.490665, 0.826641

PART 40
OFFSET 19.487210, 3.992710, 52.623417
SCALE 1.000000, 1.000000, 1.000000
X 0.423837, -0.764339, -0.485951
Y -0.669296, 0.097188, -0.736612
Z 0.610250, 0.637448, -0.470377

PART 41
OFFSET 18.879409, 6.094805, 50.464883
SCALE 1.000000, 1.000000, 1.000000
X 0.714103, -0.699763, 0.019716
Y -0.516742, -0.545914, -0.659512
Z 0.472265, 0.460771, -0.751436

PART 42
OFFSET 18.518077, 5.676864, 51.489763
SCALE 1.000000, 1.000000, 1.000000
X 0.760806, -0.647891, 0.037556
Y -0.322958, -0.428168, -0.844020
Z 0.562914, 0.630007, -0.534995

PART 43
OFFSET 16.140653, 3.948202, 51.547726
SCALE 1.000000, 1.000000, 1.000000
X 0.545212, -0.650231, 0.529097
Y 0.836816, 0.459671, -0.297392
Z -0.049837, 0.604898, 0.794742

PART 44
OFFSET 16.916703, -10.136785, 52.241302
SCALE 1.000000, 1.000000, 1.000000
X -0.367533, -0.928388, -0.054906
Y 0.877168, -0.365663, 0.311235
Z -0.309024, 0.066228, 0.948746

PART 45
OFFSET 17.003165, -9.913122, 52.458769
SCALE 1.000000, 1.000000, 1.000000
X -0.883332, -0.211709, -0.418216
Y -0.436324, 0.045297, 0.898649
Z -0.171308, 0.976282, -0.132386

PART 46
OFFSET 17.277872, -8.084514, 51.298666
SCALE 1.000000, 1.000000, 1.000000
X 0.989071, 0.145515, -0.023748
Y -0.146036, 0.989037, -0.021900
Z 0.020300, 0.025128, 0.999478

PART 47
OFFSET 17.182168, -9.333318, 49.333522
SCALE 1.000000, 1.000000, 1.000000
X 0.501012, -0.808988, -0.307450
Y 0.790200, 0.572495, -0.218707
Z 0.352945, -0.133372, 0.926089

PART 48
OFFSET 17.434461, -9.740067, 50.379633
SCALE 1.000000, 1.000000, 1.000000
X 0.261056, -0.962843, -0.069158
Y 0.958345, 0.267102, -0.101152
Z 0.115866, -0.039871, 0.992464

PART 49
OFFSET 15.348924, -8.906385, 52.314572
SCALE 1.000000, 1.000000, 1.000000
X -0.798575, -0.432742, -0.418345
Y -0.600911, 0.612942, 0.513038
Z 0.034408, 0.661087, -0.749520

PART 50
OFFSET 18.562175, 3.611421, 53.363048
SCALE 1.000000, 1.000000, 1.000000
X 0.614802, -0.708949, -0.345558
Y -0.406625, 0.090491, -0.909102
Z 0.675777, 0.699430, -0.232642

PART 51
OFFSET 19.984092, 3.096597, 52.053720
SCALE 1.000000, 1.000000, 1.000000
X 0.005461, -0.597125, -0.802130
Y -0.792190, 0.486931, -0.367876
Z 0.610250, 0.637448, -0.470377

PART 52
OFFSET 19.812159, 5.180796, 50.490623
SCALE 1.000000, 1.000000, 1.000000
X 0.285322, -0.886507, -0.364275
Y -0.834001, -0.042367, -0.550135
Z 0.472265, 0.460771, -0.751436

PART 53
OFFSET 19.764988, 4.614983, 51.551303
SCALE 1.000000, 1.000000, 1.000000
X 0.367306, -0.770523, -0.520943
Y -0.740429, 0.096733, -0.665137
Z 0.562895, 0.630030, -0.534987

PART 54
OFFSET 16.856635, 3.151943, 52.170934
SCALE 1.000000, 1.000000, 1.000000
X 0.712324, -0.582613, 0.391353
Y 0.689252, 0.685871, -0.233480
Z -0.132389, 0.436054, 0.890129

PART 55
OFFSET 17.571654, -8.482560, 52.339092
SCALE 1.000000, 1.000000, 1.000000
X 0.914941, -0.251560, 0.315594
Y 0.259568, 0.965573, 0.017143
Z -0.309041, 0.066234, 0.948739

PART 56
OFFSET 16.118260, -8.255093, 51.326557
SCALE 1.000000, 1.000000, 1.000000
X 0.496857, 0.867245, -0.031910
Y -0.867595, 0.497245, 0.005090
Z 0.020281, 0.025156, 0.999478

PART 57
OFFSET 16.527763, -8.276625, 49.735071
SCALE 1.000000, 1.000000, 1.000000
X 0.907341, 0.290443, -0.303933
Y -0.228422, 0.947544, 0.223571
Z 0.352924, -0.133430, 0.926089

PART 58
OFFSET 17.006580, -8.162032, 50.492966
SCALE 1.000000, 1.000000, 1.000000
X 0.970976, 0.215001, -0.104787
Y -0.209203, 0.975800, 0.063624
Z 0.115931, -0.039855, 0.992457

PART 59
OFFSET 16.018825, -8.476901, 52.735625
SCALE 1.000000, 1.000000, 1.000000
X -0.998258, -0.053249, 0.025423
Y -0.022628, 0.743362, 0.668506
Z -0.054496, 0.666766, -0.743272

PART 60
OFFSET 19.145607, 2.938590, 53.035090
SCALE 1.000000, 1.000000, 1.000000
X 0.465817, -0.649900, -0.600537
Y -0.571222, 0.297467, -0.764996
Z 0.675811, 0.699388, -0.232672

PART 61
OFFSET 20.028502, 4.508654, 50.214426
SCALE 1.000000, 1.000000, 1.000000
X -0.073105, -0.829082, -0.554328
Y -0.878420, 0.316724, -0.357862
Z 0.472265, 0.460771, -0.751436

PART 62
OFFSET 20.159276, 3.787779, 50.992050
SCALE 1.000000, 1.000000, 1.000000
X -0.089238, -0.597144, -0.797154
Y -0.821691, 0.496461, -0.279912
Z 0.562904, 0.630035, -0.534971

PART 63
OFFSET 16.703324, -8.243895, 52.039658
SCALE 1.000000, 1.000000, 1.000000
X 0.854653, 0.456957, 0.246492
Y -0.417207, 0.887019, -0.197825
Z -0.309041, 0.066234, 0.948739

PART 64
OFFSET 15.839756, -8.496826, 49.965584
SCALE 1.000000, 1.000000, 1.000000
X 0.578641, 0.808928, -0.103973
Y -0.735288, 0.572576, 0.362641
Z 0.352882, -0.133389, 0.926111

PART 65
OFFSET 15.964129, -8.392854, 50.605456
SCALE 1.000000, 1.000000, 1.000000
X 0.458963, 0.888274, -0.017933
Y -0.880854, 0.457578, 0.121319
Z 0.115970, -0.039884, 0.992452

PART 66
OFFSET -0.106364, -0.000001, 59.999999
SCALE 1.000000, 1.000000, 1.000000
X 1.000000, 0.000000, 0.000000
Y 0.000000, 1.000000, 0.000000
Z 0.000000, 0.000000, 1.000000

PART 67
OFFSET -0.106364, -0.000001, 59.999999
SCALE 1.000000, 1.000000, 1.000000
X 1.000000, 0.000000, -0.000488
Y 0.000000, 1.000000, 0.000000
Z 0.000488, 0.000000, 1.000000

PART 68
OFFSET -4.738926, -0.000001, 58.625487
SCALE 1.000000, 1.000000, 1.000000
X 1.000000, 0.000000, -0.000488
Y 0.000000, 1.000000, 0.000000
Z 0.000488, 0.000000, 1.000000

PART 69
OFFSET 1.436206, -0.000001, 64.135069
SCALE 1.000000, 1.000000, 1.000000
