// Export filename: 'C:\Program Files (x86)\Steam\steamapps\common\Call of Duty Black Ops III\xanim_export\tbd\s2\melee_shovel\vm_melee_shovel_s2_pullout.xanim_export'
// Source filename: 'C:\Users\Ash\Documents\WW2 Shovel\wpn_s2_melee_shovel_excel_rig.mb'
// Export time: Sun Nov 19 2017, 17:10:52

ANIMATION
VERSION 3

NUMPARTS 71
PART 0 "tag_torso"
PART 1 "j_shoulder_le"
PART 2 "j_shoulder_ri"
PART 3 "tag_weapon_left"
PART 4 "tag_weapon_right"
PART 5 "j_elbow_le"
PART 6 "j_elbow_ri"
PART 7 "tag_weapon"
PART 8 "j_elbow_bulge_le"
PART 9 "j_wrist_le"
PART 10 "j_wristtwist1_le"
PART 11 "j_wristtwist2_le"
PART 12 "j_wristtwist3_le"
PART 13 "j_wristtwist4_le"
PART 14 "j_wristtwist5_le"
PART 15 "j_wristtwist6_le"
PART 16 "j_wristtwist_le"
PART 17 "j_elbow_bulge_ri"
PART 18 "j_wrist_ri"
PART 19 "j_wristtwist1_ri"
PART 20 "j_wristtwist2_ri"
PART 21 "j_wristtwist3_ri"
PART 22 "j_wristtwist4_ri"
PART 23 "j_wristtwist5_ri"
PART 24 "j_wristtwist6_ri"
PART 25 "j_wristtwist_ri"
PART 26 "tag_knife"
PART 27 "j_indexbase_le"
PART 28 "j_mid_le_1"
PART 29 "j_pinkybase_le"
PART 30 "j_ringbase_le"
PART 31 "j_thumb_le_1"
PART 32 "j_indexbase_ri"
PART 33 "j_mid_ri_1"
PART 34 "j_pinkybase_ri"
PART 35 "j_ringbase_ri"
PART 36 "j_thumb_ri_1"
PART 37 "tag_fx"
PART 38 "j_index_le_1"
PART 39 "j_indexretract_le"
PART 40 "j_mid_le_2"
PART 41 "j_pinky_le_1"
PART 42 "j_ring_le_1"
PART 43 "j_thumb_le_2"
PART 44 "j_index_ri_1"
PART 45 "j_indexretract_ri"
PART 46 "j_mid_ri_2"
PART 47 "j_pinky_ri_1"
PART 48 "j_ring_ri_1"
PART 49 "j_thumb_ri_2"
PART 50 "j_index_le_2"
PART 51 "j_mid_le_3"
PART 52 "j_pinky_le_2"
PART 53 "j_ring_le_2"
PART 54 "j_thumb_le_3"
PART 55 "j_index_ri_2"
PART 56 "j_mid_ri_3"
PART 57 "j_pinky_ri_2"
PART 58 "j_ring_ri_2"
PART 59 "j_thumb_ri_3"
PART 60 "j_index_le_3"
PART 61 "j_pinky_le_3"
PART 62 "j_ring_le_3"
PART 63 "j_index_ri_3"
PART 64 "j_pinky_ri_3"
PART 65 "j_ring_ri_3"
PART 66 "tag_cambone"
PART 67 "tag_camera"
PART 68 "tag_fill_light"
PART 69 "tag_flashlight"
PART 70 "tag_gasmask"

FRAMERATE 30
NUMFRAMES 20

FRAME 0
PART 0
OFFSET -1.009714, -0.000001, 52.513799
SCALE 1.000000, 1.000000, 1.000000
X 1.000000, 0.000000, 0.000000
Y 0.000000, 1.000000, 0.000000
Z 0.000000, 0.000000, 1.000000

PART 1
OFFSET -0.255302, 7.638461, 55.847558
SCALE 1.000000, 1.000000, 1.000000
X 0.167388, 0.010911, -0.985831
Y -0.766738, 0.630024, -0.123215
Z 0.619753, 0.776499, 0.113824

PART 2
OFFSET -3.785719, -10.060240, 53.056497
SCALE 1.000000, 1.000000, 1.000000
X -0.197578, 0.431346, 0.880286
Y 0.769982, 0.624056, -0.132972
Z -0.606704, 0.651532, -0.455429

PART 3
OFFSET -20.371302, -28.928652, 52.328817
SCALE 1.000000, 1.000000, 1.000000
X 0.979408, -0.192000, -0.062417
Y 0.188912, 0.980608, -0.052157
Z 0.071220, 0.039292, 0.996686

PART 4
OFFSET -20.374813, -28.926301, 52.322299
SCALE 1.000000, 1.000000, 1.000000
X 0.979396, -0.192095, -0.062319
Y 0.189016, 0.980592, -0.052077
Z 0.071113, 0.039225, 0.996697

PART 5
OFFSET 2.127032, 7.246311, 45.548933
SCALE 1.000000, 1.000000, 1.000000
X 0.784565, -0.608839, -0.117356
Y -0.021831, 0.162029, -0.986545
Z 0.619662, 0.776570, 0.113831

PART 6
OFFSET -1.083056, -14.134133, 43.628949
SCALE 1.000000, 1.000000, 1.000000
X -0.794164, -0.470936, 0.384086
Y 0.035787, 0.594690, 0.803158
Z -0.606648, 0.651585, -0.455428

PART 7
OFFSET 8.098681, -9.299548, 37.292316
SCALE 1.000000, 1.000000, 1.000000
X 0.668186, -0.245096, -0.702464
Y -0.736498, -0.084213, -0.671177
Z 0.105346, 0.965834, -0.236783

PART 8
OFFSET 2.127032, 7.246311, 45.548933
SCALE 1.000000, 1.000000, 1.000000
X 0.784565, -0.608839, -0.117356
Y -0.021831, 0.162029, -0.986545
Z 0.619662, 0.776570, 0.113831

PART 9
OFFSET 10.219164, 1.104971, 44.419796
SCALE 1.000000, 1.000000, 1.000000
X 0.478785, -0.874238, -0.080458
Y 0.697803, 0.434562, -0.569409
Z 0.532763, 0.216480, 0.818108

PART 10
OFFSET 7.896605, 2.768338, 44.685426
SCALE 1.000000, 1.000000, 1.000000
X 0.784565, -0.608839, -0.117356
Y 0.406674, 0.648151, -0.643830
Z 0.468054, 0.457400, 0.756116

PART 11
OFFSET 6.935012, 3.514666, 44.829345
SCALE 1.000000, 1.000000, 1.000000
X 0.784565, -0.608839, -0.117356
Y 0.342153, 0.582956, -0.736949
Z 0.517097, 0.538030, 0.665683

PART 12
OFFSET 5.973414, 4.260995, 44.973263
SCALE 1.000000, 1.000000, 1.000000
X 0.784565, -0.608839, -0.117356
Y 0.271769, 0.507784, -0.817495
Z 0.557315, 0.609484, 0.563853

PART 13
OFFSET 5.011819, 5.007327, 45.117182
SCALE 1.000000, 1.000000, 1.000000
X 0.784565, -0.608839, -0.117356
Y 0.201650, 0.429524, -0.880253
Z 0.586340, 0.666951, 0.459762

PART 14
OFFSET 4.050222, 5.753653, 45.261100
SCALE 1.000000, 1.000000, 1.000000
X 0.784565, -0.608839, -0.117356
Y 0.128802, 0.345173, -0.929659
Z 0.606521, 0.714262, 0.349230

PART 15
OFFSET 3.088629, 6.499983, 45.405019
SCALE 1.000000, 1.000000, 1.000000
X 0.784565, -0.608839, -0.117356
Y 0.053856, 0.255469, -0.965316
Z 0.617703, 0.751033, 0.233222

PART 16
OFFSET 8.858198, 2.022008, 44.541507
SCALE 1.000000, 1.000000, 1.000000
X 0.784565, -0.608839, -0.117356
Y 0.460726, 0.699101, -0.546799
Z 0.414957, 0.374930, 0.828998

PART 17
OFFSET -1.083056, -14.134133, 43.628949
SCALE 1.000000, 1.000000, 1.000000
X -0.794164, -0.470936, 0.384086
Y 0.035787, 0.594690, 0.803158
Z -0.606648, 0.651585, -0.455428

PART 18
OFFSET 7.318135, -9.304982, 39.531069
SCALE 1.000000, 1.000000, 1.000000
X -0.639360, -0.222776, 0.735928
Y -0.376396, 0.925270, -0.046914
Z -0.670481, -0.306995, -0.675433

PART 19
OFFSET 4.755823, -10.672327, 40.805060
SCALE 1.000000, 1.000000, 1.000000
X -0.794164, -0.470936, 0.384086
Y -0.446399, 0.880932, 0.157121
Z -0.412348, -0.046676, -0.909830

PART 20
OFFSET 3.782680, -11.249296, 41.275709
SCALE 1.000000, 1.000000, 1.000000
X -0.794164, -0.470936, 0.384086
Y -0.377843, 0.877662, 0.294864
Z -0.475960, 0.089047, -0.874947

PART 21
OFFSET 2.809530, -11.826262, 41.746358
SCALE 1.000000, 1.000000, 1.000000
X -0.794164, -0.470936, 0.384086
Y -0.300318, 0.853597, 0.425653
Z -0.528310, 0.222690, -0.819327

PART 22
OFFSET 1.836383, -12.403231, 42.217008
SCALE 1.000000, 1.000000, 1.000000
X -0.794164, -0.470936, 0.384086
Y -0.221263, 0.812725, 0.538999
Z -0.565991, 0.343070, -0.749638

PART 23
OFFSET 0.863236, -12.980196, 42.687655
SCALE 1.000000, 1.000000, 1.000000
X -0.794164, -0.470936, 0.384086
Y -0.137947, 0.755232, 0.640777
Z -0.591839, 0.455899, -0.664743

PART 24
OFFSET -0.109909, -13.557165, 43.158305
SCALE 1.000000, 1.000000, 1.000000
X -0.794164, -0.470936, 0.384086
Y -0.051577, 0.681982, 0.729548
Z -0.605510, 0.559571, -0.565896

PART 25
OFFSET 5.728968, -10.095360, 40.334410
SCALE 1.000000, 1.000000, 1.000000
X -0.794164, -0.470936, 0.384086
Y -0.500954, 0.865115, 0.024926
Z -0.344017, -0.172614, -0.922961

PART 26
OFFSET 8.098681, -9.299548, 37.292316
SCALE 1.000000, 1.000000, 1.000000
X -0.105346, -0.965834, 0.236783
Y -0.736498, -0.084213, -0.671177
Z 0.668186, -0.245096, -0.702464

PART 27
OFFSET 11.163396, -2.364303, 44.817365
SCALE 1.000000, 1.000000, 1.000000
X 0.478785, -0.874238, -0.080458
Y 0.697803, 0.434562, -0.569409
Z 0.532763, 0.216480, 0.818108

PART 28
OFFSET 12.070287, -1.916184, 44.220236
SCALE 1.000000, 1.000000, 1.000000
X -0.033183, -0.828269, -0.559347
Y -0.875119, 0.294412, -0.384042
Z 0.482769, 0.476751, -0.734604

PART 29
OFFSET 11.220008, 1.047338, 43.434464
SCALE 1.000000, 1.000000, 1.000000
X 0.313437, -0.797232, -0.515925
Y -0.804552, 0.065658, -0.590242
Z 0.504434, 0.600092, -0.620835

PART 30
OFFSET 11.327419, 0.476881, 43.959293
SCALE 1.000000, 1.000000, 1.000000
X 0.443221, -0.835951, -0.323637
Y -0.713841, -0.110768, -0.691492
Z 0.542205, 0.537510, -0.645831

PART 31
OFFSET 9.578240, -0.103700, 45.173630
SCALE 1.000000, 1.000000, 1.000000
X 0.196325, -0.964802, -0.174965
Y 0.614788, 0.260126, -0.744560
Z 0.763866, 0.038610, 0.644219

PART 32
OFFSET 9.172332, -7.517464, 36.992711
SCALE 1.000000, 1.000000, 1.000000
X -0.639360, -0.222776, 0.735928
Y -0.376396, 0.925270, -0.046914
Z -0.670481, -0.306995, -0.675433

PART 33
OFFSET 9.513815, -8.588545, 37.306371
SCALE 1.000000, 1.000000, 1.000000
X 0.543729, 0.233400, 0.806153
Y 0.838981, -0.175944, -0.514931
Z 0.021653, 0.956330, -0.291484

PART 34
OFFSET 7.870251, -10.309448, 38.919512
SCALE 1.000000, 1.000000, 1.000000
X 0.489920, -0.109305, -0.864888
Y -0.053472, -0.994008, 0.095334
Z -0.870126, -0.000459, -0.492829

PART 35
OFFSET 8.256386, -9.634896, 38.777499
SCALE 1.000000, 1.000000, 1.000000
X 0.603928, 0.003956, -0.797029
Y 0.060864, -0.997297, 0.041168
Z -0.794711, -0.073373, -0.602537

PART 36
OFFSET 7.039925, -8.486873, 39.061880
SCALE 1.000000, 1.000000, 1.000000
X -0.152089, -0.392098, 0.907264
Y -0.912554, 0.408282, 0.023475
Z -0.379624, -0.824357, -0.419906

PART 37
OFFSET 9.867983, 5.766935, 33.724136
SCALE 1.000000, 1.000000, 1.000000
X 0.105346, 0.965834, -0.236783
Y -0.736498, -0.084213, -0.671177
Z -0.668186, 0.245096, 0.702464

PART 38
OFFSET 11.443656, -2.351746, 44.815274
SCALE 1.000000, 1.000000, 1.000000
X 0.163708, -0.907917, -0.385859
Y -0.702615, 0.167251, -0.691635
Z 0.692482, 0.384337, -0.610536

PART 39
OFFSET 11.163396, -2.364303, 44.817365
SCALE 1.000000, 1.000000, 1.000000
X 0.478785, -0.874238, -0.080458
Y 0.697803, 0.434562, -0.569409
Z 0.532763, 0.216480, 0.818108

PART 40
OFFSET 12.002479, -3.608462, 43.077374
SCALE 1.000000, 1.000000, 1.000000
X -0.624979, -0.399980, -0.670386
Y -0.613445, 0.782742, 0.104878
Z 0.482790, 0.476792, -0.734563

PART 41
OFFSET 12.122296, -0.903792, 42.225743
SCALE 1.000000, 1.000000, 1.000000
X 0.221836, -0.874589, -0.431140
Y -0.964531, -0.131945, -0.228627
Z 0.143068, 0.466566, -0.872839

PART 42
OFFSET 12.228433, -1.493776, 43.217739
SCALE 1.000000, 1.000000, 1.000000
X 0.045661, -0.820633, -0.569629
Y -0.912469, 0.197827, -0.358141
Z 0.406590, 0.536122, -0.739769

PART 43
OFFSET 9.795112, -2.063193, 44.776072
SCALE 1.000000, 1.000000, 1.000000
X 0.294664, -0.955379, 0.020599
Y 0.629108, 0.177718, -0.756729
Z 0.719302, 0.235940, 0.653404

PART 44
OFFSET 9.215500, -7.666921, 37.276714
SCALE 1.000000, 1.000000, 1.000000
X 0.186722, 0.199327, 0.961979
Y 0.941897, 0.241988, -0.232965
Z -0.279224, 0.949584, -0.142561

PART 45
OFFSET 9.172332, -7.517464, 36.992711
SCALE 1.000000, 1.000000, 1.000000
X -0.639360, -0.222776, 0.735928
Y -0.376396, 0.925270, -0.046914
Z -0.670481, -0.306995, -0.675433

PART 46
OFFSET 8.402857, -9.065483, 35.659202
SCALE 1.000000, 1.000000, 1.000000
X 0.756092, -0.206421, -0.621060
Y -0.654109, -0.207023, -0.727519
Z 0.021601, 0.956311, -0.291551

PART 47
OFFSET 8.956536, -10.684320, 37.241003
SCALE 1.000000, 1.000000, 1.000000
X 0.851134, -0.203755, 0.483793
Y 0.355803, -0.453700, -0.817044
Z 0.385973, 0.867548, -0.313663

PART 48
OFFSET 9.406304, -9.627513, 37.171226
SCALE 1.000000, 1.000000, 1.000000
X 0.735408, 0.095845, 0.670812
Y 0.663667, -0.301765, -0.684459
Z 0.136826, 0.948552, -0.285530

PART 49
OFFSET 7.234105, -7.613511, 37.057444
SCALE 1.000000, 1.000000, 1.000000
X -0.449312, -0.189437, 0.873059
Y -0.826575, 0.458935, -0.325810
Z -0.338957, -0.868040, -0.362789

PART 50
OFFSET 11.735353, -3.969450, 44.127737
SCALE 1.000000, 1.000000, 1.000000
X -0.304885, -0.611088, -0.730491
Y -0.653846, 0.691995, -0.305989
Z 0.692482, 0.384337, -0.610536

PART 51
OFFSET 11.269792, -4.077388, 42.291465
SCALE 1.000000, 1.000000, 1.000000
X -0.854936, 0.074881, -0.513301
Y -0.189733, 0.875821, 0.443778
Z 0.482790, 0.476792, -0.734563

PART 52
OFFSET 12.412078, -2.046108, 41.662586
SCALE 1.000000, 1.000000, 1.000000
X -0.375031, -0.790587, -0.484071
Y -0.915906, 0.396597, 0.061869
Z 0.143068, 0.466566, -0.872839

PART 53
OFFSET 12.303244, -2.838764, 42.284135
SCALE 1.000000, 1.000000, 1.000000
X -0.646377, -0.403383, -0.647672
Y -0.645651, 0.741493, 0.182543
Z 0.406610, 0.536162, -0.739729

PART 54
OFFSET 10.174110, -3.242470, 44.751043
SCALE 1.000000, 1.000000, 1.000000
X 0.365075, -0.911273, -0.190529
Y 0.688038, 0.401964, -0.604176
Z 0.627155, 0.089478, 0.773738

PART 55
OFFSET 8.882828, -8.022103, 35.562629
SCALE 1.000000, 1.000000, 1.000000
X 0.912675, 0.216261, -0.346778
Y -0.298453, -0.226979, -0.927042
Z -0.279194, 0.949585, -0.142614

PART 56
OFFSET 7.516433, -8.823447, 36.387331
SCALE 1.000000, 1.000000, 1.000000
X -0.046558, -0.290418, -0.955767
Y -0.998683, 0.034193, 0.038258
Z 0.021569, 0.956289, -0.291628

PART 57
OFFSET 7.844803, -10.418234, 36.609052
SCALE 1.000000, 1.000000, 1.000000
X 0.604315, -0.494722, -0.624543
Y -0.696984, 0.051537, -0.715233
Z 0.386028, 0.867522, -0.313669

PART 58
OFFSET 8.201026, -9.784577, 36.071822
SCALE 1.000000, 1.000000, 1.000000
X 0.702216, -0.296142, -0.647451
Y -0.698692, -0.111874, -0.706621
Z 0.136827, 0.948570, -0.285471

PART 59
OFFSET 7.576594, -7.400863, 36.252507
SCALE 1.000000, 1.000000, 1.000000
X -0.813392, 0.189897, 0.549847
Y -0.405674, 0.492272, -0.770128
Z -0.416919, -0.849475, -0.323374

PART 60
OFFSET 11.445975, -4.549401, 43.434467
SCALE 1.000000, 1.000000, 1.000000
X -0.388879, -0.513946, -0.764613
Y -0.607609, 0.766929, -0.206475
Z 0.692521, 0.384292, -0.610520

PART 61
OFFSET 12.127716, -2.645516, 41.295575
SCALE 1.000000, 1.000000, 1.000000
X -0.710822, -0.565173, -0.418701
Y -0.688650, 0.680358, 0.250746
Z 0.143151, 0.466575, -0.872820

PART 62
OFFSET 11.609317, -3.271848, 41.588829
SCALE 1.000000, 1.000000, 1.000000
X -0.892336, 0.059431, -0.447442
Y -0.195915, 0.842052, 0.502559
Z 0.406637, 0.536112, -0.739750

PART 63
OFFSET 8.016718, -8.227314, 35.891790
SCALE 1.000000, 1.000000, 1.000000
X 0.480639, 0.009623, -0.876866
Y -0.831286, -0.313362, -0.459094
Z -0.279194, 0.949585, -0.142614

PART 64
OFFSET 7.386542, -10.043077, 37.082603
SCALE 1.000000, 1.000000, 1.000000
X 0.052450, -0.360116, -0.931432
Y -0.920995, 0.343107, -0.184516
Z 0.386028, 0.867522, -0.313669

PART 65
OFFSET 7.447144, -9.466660, 36.766959
SCALE 1.000000, 1.000000, 1.000000
X -0.089318, -0.275141, -0.957246
Y -0.986563, 0.156451, 0.047085
Z 0.136807, 0.948589, -0.285417

PART 66
OFFSET -0.106364, -0.000001, 59.999999
SCALE 1.000000, 1.000000, 1.000000
X 1.000000, 0.000000, 0.000000
Y 0.000000, 1.000000, 0.000000
Z 0.000000, 0.000000, 1.000000

PART 67
OFFSET -0.106364, -0.000001, 59.999999
SCALE 1.000000, 1.000000, 1.000000
X 1.000000, 0.000000, 0.000000
Y 0.000000, 1.000000, 0.000000
Z 0.000000, 0.000000, 1.000000

PART 68
OFFSET -4.738254, -0.000001, 58.623226
SCALE 1.000000, 1.000000, 1.000000
X 1.000000, 0.000000, 0.000000
Y 0.000000, 1.000000, 0.000000
Z 0.000000, 0.000000, 1.000000

PART 69
OFFSET 1.434187, -0.000001, 64.135821
SCALE 1.000000, 1.000000, 1.000000
X 1.000000, 0.000000, 0.000000
Y 0.000000, 1.000000, 0.000000
Z 0.000000, 0.000000, 1.000000

PART 70
OFFSET 1.434187, -0.000001, 64.135821
SCALE 1.000000, 1.000000, 1.000000
X 1.000000, 0.000000, 0.000000
Y 0.000000, 1.000000, 0.000000
Z 0.000000, 0.000000, 1.000000

FRAME 1
PART 0
OFFSET -1.009714, -0.000001, 52.513799
SCALE 1.000000, 1.000000, 1.000000
X 1.000000, 0.000000, 0.000000
Y 0.000000, 1.000000, 0.000000
Z 0.000000, 0.000000, 1.000000

PART 1
OFFSET -0.186531, 7.703663, 55.863996
SCALE 1.000000, 1.000000, 1.000000
X 0.225548, 0.066138, -0.971985
Y -0.701640, 0.703195, -0.114966
Z 0.675891, 0.707914, 0.205010

PART 2
OFFSET -3.591825, -10.202043, 53.183630
SCALE 1.000000, 1.000000, 1.000000
X -0.314881, 0.551543, 0.772431
Y 0.647319, 0.719981, -0.250212
Z -0.694138, 0.421222, -0.583733

PART 3
OFFSET -20.374120, -28.926487, 52.321162
SCALE 1.000000, 1.000000, 1.000000
X 0.979409, -0.192045, -0.062255
Y 0.188966, 0.980599, -0.052123
Z 0.071057, 0.039286, 0.996698

PART 4
OFFSET -20.374813, -28.926301, 52.322299
SCALE 1.000000, 1.000000, 1.000000
X 0.979396, -0.192095, -0.062319
Y 0.189016, 0.980592, -0.052077
Z 0.071113, 0.039225, 0.996697

PART 5
OFFSET 2.757019, 7.836184, 45.700365
SCALE 1.000000, 1.000000, 1.000000
X 0.735599, -0.665347, -0.127307
Y 0.046308, 0.236879, -0.970435
Z 0.675832, 0.707956, 0.205059

PART 6
OFFSET 0.251677, -15.448544, 44.827944
SCALE 1.000000, 1.000000, 1.000000
X -0.705964, -0.556898, 0.437583
Y -0.140709, 0.715807, 0.683975
Z -0.694129, 0.421290, -0.583695

PART 7
OFFSET 8.589839, -9.581702, 37.977614
SCALE 1.000000, 1.000000, 1.000000
X 0.683812, -0.200785, -0.701489
Y -0.720621, -0.034994, -0.692446
Z 0.114484, 0.979010, -0.168619

PART 8
OFFSET 2.757019, 7.836184, 45.700365
SCALE 1.000000, 1.000000, 1.000000
X 0.735599, -0.665347, -0.127307
Y 0.046308, 0.236879, -0.970435
Z 0.675832, 0.707956, 0.205059

PART 9
OFFSET 10.352548, 1.113591, 44.469878
SCALE 1.000000, 1.000000, 1.000000
X 0.473421, -0.866260, -0.159580
Y 0.667431, 0.471012, -0.576787
Z 0.574812, 0.166555, 0.801156

PART 10
OFFSET 8.166476, 2.942702, 44.763632
SCALE 1.000000, 1.000000, 1.000000
X 0.735599, -0.665347, -0.127307
Y 0.457232, 0.626321, -0.631396
Z 0.499832, 0.406245, 0.764939

PART 11
OFFSET 7.264902, 3.758281, 44.919756
SCALE 1.000000, 1.000000, 1.000000
X 0.735599, -0.665347, -0.127307
Y 0.395650, 0.574522, -0.716509
Z 0.549868, 0.476694, 0.685863

PART 12
OFFSET 6.363324, 4.573862, 45.075878
SCALE 1.000000, 1.000000, 1.000000
X 0.735599, -0.665347, -0.127307
Y 0.328624, 0.514827, -0.791808
Z 0.592368, 0.540617, 0.597355

PART 13
OFFSET 5.461748, 5.389445, 45.232001
SCALE 1.000000, 1.000000, 1.000000
X 0.735599, -0.665347, -0.127307
Y 0.261776, 0.452526, -0.852463
Z 0.624794, 0.593745, 0.507050

PART 14
OFFSET 4.560170, 6.205023, 45.388124
SCALE 1.000000, 1.000000, 1.000000
X 0.735599, -0.665347, -0.127307
Y 0.192058, 0.385056, -0.902688
Z 0.649621, 0.639566, 0.411032

PART 15
OFFSET 3.658596, 7.020604, 45.544247
SCALE 1.000000, 1.000000, 1.000000
X 0.735599, -0.665347, -0.127307
Y 0.119871, 0.312811, -0.942221
Z 0.666727, 0.677837, 0.309859

PART 16
OFFSET 9.068050, 2.127121, 44.607509
SCALE 1.000000, 1.000000, 1.000000
X 0.735599, -0.665347, -0.127307
Y 0.509143, 0.666985, -0.543972
Z 0.446842, 0.335328, 0.829390

PART 17
OFFSET 0.251677, -15.448544, 44.827944
SCALE 1.000000, 1.000000, 1.000000
X -0.705964, -0.556898, 0.437583
Y -0.140709, 0.715807, 0.683975
Z -0.694129, 0.421290, -0.583695

PART 18
OFFSET 7.755892, -9.732108, 40.191738
SCALE 1.000000, 1.000000, 1.000000
X -0.657451, -0.268474, 0.704045
Y -0.371868, 0.928261, 0.006716
Z -0.655341, -0.257397, -0.710123

PART 19
OFFSET 5.442216, -11.354702, 41.610845
SCALE 1.000000, 1.000000, 1.000000
X -0.705964, -0.556898, 0.437583
Y -0.510417, 0.828380, 0.230784
Z -0.491008, -0.060424, -0.869057

PART 20
OFFSET 4.577129, -12.037009, 42.147030
SCALE 1.000000, 1.000000, 1.000000
X -0.705964, -0.556898, 0.437583
Y -0.455930, 0.830140, 0.320928
Z -0.541979, 0.027056, -0.839956

PART 21
OFFSET 3.712036, -12.719315, 42.683213
SCALE 1.000000, 1.000000, 1.000000
X -0.705964, -0.556898, 0.437583
Y -0.396370, 0.822685, 0.407530
Z -0.586946, 0.114257, -0.801524

PART 22
OFFSET 2.846946, -13.401624, 43.219398
SCALE 1.000000, 1.000000, 1.000000
X -0.705964, -0.556898, 0.437583
Y -0.336616, 0.807426, 0.484514
Z -0.623141, 0.194752, -0.757474

PART 23
OFFSET 1.981856, -14.083929, 43.755580
SCALE 1.000000, 1.000000, 1.000000
X -0.705964, -0.556898, 0.437583
Y -0.273838, 0.784416, 0.556511
Z -0.653167, 0.273050, -0.706269

PART 24
OFFSET 1.116767, -14.766236, 44.291764
SCALE 1.000000, 1.000000, 1.000000
X -0.705964, -0.556898, 0.437583
Y -0.208255, 0.753750, 0.623290
Z -0.676937, 0.348892, -0.648098

PART 25
OFFSET 6.307304, -10.672396, 41.074661
SCALE 1.000000, 1.000000, 1.000000
X -0.705964, -0.556898, 0.437583
Y -0.556239, 0.818419, 0.144180
Z -0.438420, -0.141615, -0.887543

PART 26
OFFSET 8.589839, -9.581702, 37.977614
SCALE 1.000000, 1.000000, 1.000000
X -0.114484, -0.979010, 0.168619
Y -0.720621, -0.034994, -0.692446
Z 0.683812, -0.200785, -0.701489

PART 27
OFFSET 11.314161, -2.371182, 44.600856
SCALE 1.000000, 1.000000, 1.000000
X 0.473421, -0.866260, -0.159580
Y 0.667431, 0.471012, -0.576787
Z 0.574812, 0.166555, 0.801156

PART 28
OFFSET 12.020189, -1.946223, 43.818284
SCALE 1.000000, 1.000000, 1.000000
X -0.488641, -0.575525, -0.655744
Y -0.818531, 0.562591, 0.116178
Z 0.302053, 0.593516, -0.745991

PART 29
OFFSET 11.287866, 1.128984, 43.432771
SCALE 1.000000, 1.000000, 1.000000
X 0.209346, -0.757663, -0.618159
Y -0.853044, 0.167522, -0.494219
Z 0.478007, 0.630780, -0.611250

PART 30
OFFSET 11.408956, 0.493903, 43.881811
SCALE 1.000000, 1.000000, 1.000000
X 0.354272, -0.822798, -0.444403
Y -0.780642, 0.001436, -0.624977
Z 0.514868, 0.568332, -0.641802

PART 31
OFFSET 9.622839, -0.096944, 45.080410
SCALE 1.000000, 1.000000, 1.000000
X -0.057941, -0.905888, -0.419536
Y 0.731565, 0.247425, -0.635290
Z 0.679305, -0.343727, 0.648380

PART 32
OFFSET 9.676231, -7.787479, 37.823777
SCALE 1.000000, 1.000000, 1.000000
X -0.657451, -0.268474, 0.704045
Y -0.371868, 0.928261, 0.006716
Z -0.655341, -0.257397, -0.710123

PART 33
OFFSET 10.006334, -8.878958, 38.072487
SCALE 1.000000, 1.000000, 1.000000
X 0.525261, 0.175826, 0.832578
Y 0.850340, -0.145230, -0.505797
Z 0.031983, 0.973650, -0.225795

PART 34
OFFSET 8.318786, -10.695994, 39.527018
SCALE 1.000000, 1.000000, 1.000000
X 0.509931, -0.053399, -0.858556
Y -0.059269, -0.997881, 0.026862
Z -0.858171, 0.037188, -0.512015

PART 35
OFFSET 8.710593, -10.015422, 39.439871
SCALE 1.000000, 1.000000, 1.000000
X 0.622699, 0.054446, -0.780565
Y 0.056299, -0.998108, -0.024708
Z -0.780433, -0.028560, -0.624586

PART 36
OFFSET 7.491828, -8.882866, 39.772339
SCALE 1.000000, 1.000000, 1.000000
X -0.174992, -0.451454, 0.874967
Y -0.911392, 0.410479, 0.029516
Z -0.372481, -0.792272, -0.483283

PART 37
OFFSET 10.498666, 5.681211, 35.475395
SCALE 1.000000, 1.000000, 1.000000
X 0.114484, 0.979010, -0.168619
Y -0.720621, -0.034994, -0.692446
Z -0.683812, 0.200785, 0.701489

PART 38
OFFSET 11.427918, -2.418741, 44.419126
SCALE 1.000000, 1.000000, 1.000000
X -0.168243, -0.811376, -0.559788
Y -0.803609, 0.441777, -0.398804
Z 0.570882, 0.382755, -0.726356

PART 39
OFFSET 11.314161, -2.371182, 44.600856
SCALE 1.000000, 1.000000, 1.000000
X 0.473421, -0.866260, -0.159580
Y 0.667431, 0.471012, -0.576787
Z 0.574812, 0.166555, 0.801156

PART 40
OFFSET 11.021802, -3.122094, 42.478477
SCALE 1.000000, 1.000000, 1.000000
X -0.778119, 0.605567, 0.166793
Y 0.550729, 0.530065, 0.644770
Z 0.302041, 0.593566, -0.745957

PART 41
OFFSET 11.939791, -0.737989, 41.959189
SCALE 1.000000, 1.000000, 1.000000
X -0.722074, -0.466198, -0.511144
Y -0.669917, 0.655613, 0.348402
Z 0.172688, 0.593996, -0.785715

PART 42
OFFSET 12.103208, -1.439646, 42.869576
SCALE 1.000000, 1.000000, 1.000000
X -0.591713, -0.511257, -0.623292
Y -0.792727, 0.509513, 0.334635
Z 0.146491, 0.692108, -0.706772

PART 43
OFFSET 9.366835, -1.857666, 44.234517
SCALE 1.000000, 1.000000, 1.000000
X 0.050770, -0.887544, -0.457917
Y 0.888309, 0.249679, -0.385445
Z 0.456431, -0.387203, 0.801090

PART 44
OFFSET 9.712100, -7.955925, 38.097991
SCALE 1.000000, 1.000000, 1.000000
X 0.164531, 0.133192, 0.977338
Y 0.948021, 0.252250, -0.193973
Z -0.272369, 0.958452, -0.084766

PART 45
OFFSET 9.676231, -7.787479, 37.823777
SCALE 1.000000, 1.000000, 1.000000
X -0.657451, -0.268474, 0.704045
Y -0.371868, 0.928261, 0.006716
Z -0.655341, -0.257397, -0.710123

PART 46
OFFSET 8.933111, -9.238258, 36.371324
SCALE 1.000000, 1.000000, 1.000000
X 0.769892, -0.168063, -0.615647
Y -0.637375, -0.154228, -0.754962
Z 0.031931, 0.973637, -0.225858

PART 47
OFFSET 9.443287, -10.962696, 37.853009
SCALE 1.000000, 1.000000, 1.000000
X 0.838669, -0.240227, 0.488801
Y 0.373491, -0.399539, -0.837182
Z 0.396408, 0.884681, -0.245358

PART 48
OFFSET 9.898359, -9.905936, 37.865163
SCALE 1.000000, 1.000000, 1.000000
X 0.719606, 0.046697, 0.692811
Y 0.678653, -0.258464, -0.687479
Z 0.146963, 0.964892, -0.217683

PART 49
OFFSET 7.736676, -7.877653, 37.836410
SCALE 1.000000, 1.000000, 1.000000
X -0.470596, -0.245416, 0.847532
Y -0.816961, 0.484070, -0.313451
Z -0.333339, -0.839909, -0.428297

PART 50
OFFSET 11.128146, -3.864428, 43.421687
SCALE 1.000000, 1.000000, 1.000000
X -0.820988, 0.275267, -0.500206
Y 0.008486, 0.881888, 0.471382
Z 0.570882, 0.382755, -0.726356

PART 51
OFFSET 10.109574, -2.412179, 42.674019
SCALE 1.000000, 1.000000, 1.000000
X 0.464260, 0.591846, 0.658925
Y 0.832632, -0.545288, -0.096871
Z 0.301971, 0.593615, -0.745945

PART 52
OFFSET 10.996686, -1.346905, 41.291523
SCALE 1.000000, 1.000000, 1.000000
X -0.518796, 0.732932, 0.440069
Y 0.837275, 0.331631, 0.434732
Z 0.172688, 0.593996, -0.785715

PART 53
OFFSET 11.133392, -2.277571, 41.848037
SCALE 1.000000, 1.000000, 1.000000
X -0.650338, 0.605754, 0.458391
Y 0.745386, 0.392491, 0.538842
Z 0.146491, 0.692108, -0.706772

PART 54
OFFSET 9.457440, -2.918581, 43.643958
SCALE 1.000000, 1.000000, 1.000000
X 0.281313, -0.729345, -0.623633
Y 0.909197, 0.410456, -0.069905
Z 0.306959, -0.547340, 0.778585

PART 55
OFFSET 9.418968, -8.193265, 36.356539
SCALE 1.000000, 1.000000, 1.000000
X 0.921420, 0.234391, -0.309912
Y -0.277157, -0.162552, -0.946975
Z -0.272340, 0.958456, -0.084815

PART 56
OFFSET 8.030508, -9.041193, 37.093108
SCALE 1.000000, 1.000000, 1.000000
X -0.024871, -0.225206, -0.973994
Y -0.999182, 0.036689, 0.017031
Z 0.031900, 0.973620, -0.225934

PART 57
OFFSET 8.347837, -10.648969, 37.214513
SCALE 1.000000, 1.000000, 1.000000
X 0.617216, -0.454695, -0.642103
Y -0.679605, 0.103128, -0.726293
Z 0.396461, 0.884656, -0.245360

PART 58
OFFSET 8.718979, -9.982451, 36.729705
SCALE 1.000000, 1.000000, 1.000000
X 0.716331, -0.255548, -0.649280
Y -0.682108, -0.060472, -0.728747
Z 0.146967, 0.964903, -0.217629

PART 59
OFFSET 8.098944, -7.613111, 37.055884
SCALE 1.000000, 1.000000, 1.000000
X -0.825539, 0.156670, 0.542162
Y -0.385511, 0.545050, -0.744515
Z -0.412148, -0.823636, -0.389562

PART 60
OFFSET 10.348972, -3.603175, 42.946986
SCALE 1.000000, 1.000000, 1.000000
X -0.374354, 0.908720, 0.184627
Y 0.730721, 0.166515, 0.662058
Z 0.570882, 0.382755, -0.726356

PART 61
OFFSET 10.603356, -0.791202, 41.625190
SCALE 1.000000, 1.000000, 1.000000
X 0.615316, 0.557838, 0.556959
Y 0.769133, -0.579643, -0.269163
Z 0.172688, 0.593996, -0.785715

PART 62
OFFSET 10.435193, -1.627277, 42.340157
SCALE 1.000000, 1.000000, 1.000000
X 0.562595, 0.529319, 0.635066
Y 0.813640, -0.490665, -0.311829
Z 0.146548, 0.692148, -0.706721

PART 63
OFFSET 8.544558, -8.415687, 36.650716
SCALE 1.000000, 1.000000, 1.000000
X 0.501360, 0.066116, -0.862709
Y -0.821261, -0.277473, -0.498537
Z -0.272340, 0.958456, -0.084815

PART 64
OFFSET 7.879794, -10.304162, 37.701380
SCALE 1.000000, 1.000000, 1.000000
X 0.073282, -0.296906, -0.952091
Y -0.915123, 0.359483, -0.182540
Z 0.396458, 0.884657, -0.245362

PART 65
OFFSET 7.949943, -9.708117, 37.426805
SCALE 1.000000, 1.000000, 1.000000
X -0.067545, -0.209662, -0.975438
Y -0.986835, 0.158036, 0.034365
Z 0.146949, 0.964918, -0.217576

PART 66
OFFSET -0.106364, -0.000001, 59.999999
SCALE 1.000000, 1.000000, 1.000000
X 1.000000, 0.000000, 0.000000
Y 0.000000, 1.000000, 0.000000
Z 0.000000, 0.000000, 1.000000

PART 67
OFFSET -0.106364, -0.000001, 59.999999
SCALE 1.000000, 1.000000, 1.000000
X 1.000000, 0.000163, -0.000732
Y -0.000163, 1.000000, 0.000000
Z 0.000732, 0.000000, 1.000000

PART 68
OFFSET -4.739261, -0.000755, 58.626619
SCALE 1.000000, 1.000000, 1.000000
X 1.000000, 0.000163, -0.000732
Y -0.000163, 1.000000, 0.000000
Z 0.000732, 0.000000, 1.000000

PART 69
OFFSET 1.437216, 0.000250, 64.134692
SCALE 1.000000, 1.000000, 1.000000
X 1.000000, 0.000163, -0.000732
Y -0.000163, 1.000000, 0.000000
Z 0.000732, 0.000000, 1.000000

PART 70
OFFSET 1.437216, 0.000250, 64.134692
SCALE 1.000000, 1.000000, 1.000000
X 1.000000, 0.000163, -0.000732
Y -0.000163, 1.000000, 0.000000
Z 0.000732, 0.000000, 1.000000

FRAME 2
PART 0
OFFSET -1.009714, -0.000001, 52.513799
SCALE 1.000000, 1.000000, 1.000000
X 1.000000, 0.000000, 0.000000
Y 0.000000, 1.000000, 0.000000
Z 0.000000, 0.000000, 1.000000

PART 1
OFFSET 0.006419, 7.813924, 55.940487
SCALE 1.000000, 1.000000, 1.000000
X 0.388782, 0.159580, -0.907404
Y -0.542886, 0.835424, -0.085680
Z 0.744395, 0.525928, 0.411432

PART 2
OFFSET -3.226709, -10.348495, 53.455767
SCALE 1.000000, 1.000000, 1.000000
X -0.500180, 0.675621, 0.541624
Y 0.523278, 0.734194, -0.432595
Z -0.689927, 0.067045, -0.720767

PART 3
OFFSET -20.375369, -28.927514, 52.319760
SCALE 1.000000, 1.000000, 1.000000
X 0.979411, -0.192039, -0.062247
Y 0.188965, 0.980604, -0.052046
Z 0.071035, 0.039212, 0.996703

PART 4
OFFSET -20.374813, -28.926301, 52.322299
SCALE 1.000000, 1.000000, 1.000000
X 0.979396, -0.192095, -0.062319
Y 0.189016, 0.980592, -0.052077
Z 0.071113, 0.039225, 0.996697

PART 5
OFFSET 4.552481, 8.838857, 46.404306
SCALE 1.000000, 1.000000, 1.000000
X 0.631155, -0.755324, -0.176438
Y 0.218009, 0.391043, -0.894180
Z 0.744390, 0.525901, 0.411476

PART 6
OFFSET 2.452181, -16.846124, 47.416062
SCALE 1.000000, 1.000000, 1.000000
X -0.606817, -0.596570, 0.525239
Y -0.394748, 0.799749, 0.452301
Z -0.689889, 0.067127, -0.720796

PART 7
OFFSET 9.884768, -10.202258, 39.784316
SCALE 1.000000, 1.000000, 1.000000
X 0.713295, -0.092992, -0.694667
Y -0.688713, 0.090755, -0.719331
Z 0.129937, 0.991522, 0.000690

PART 8
OFFSET 4.552481, 8.838857, 46.404306
SCALE 1.000000, 1.000000, 1.000000
X 0.631155, -0.755324, -0.176438
Y 0.218009, 0.391043, -0.894180
Z 0.744390, 0.525901, 0.411476

PART 9
OFFSET 11.087249, 1.190704, 44.671141
SCALE 1.000000, 1.000000, 1.000000
X 0.457335, -0.839527, -0.293323
Y 0.610940, 0.536285, -0.582367
Z 0.646217, 0.087134, 0.758163

PART 10
OFFSET 9.193845, 3.283821, 45.106161
SCALE 1.000000, 1.000000, 1.000000
X 0.631155, -0.755324, -0.176438
Y 0.525858, 0.583889, -0.618504
Z 0.570190, 0.297590, 0.765717

PART 11
OFFSET 8.420286, 4.209659, 45.322520
SCALE 1.000000, 1.000000, 1.000000
X 0.631155, -0.755324, -0.176438
Y 0.478502, 0.558179, -0.677844
Z 0.610475, 0.343398, 0.713721

PART 12
OFFSET 7.646724, 5.135499, 45.538877
SCALE 1.000000, 1.000000, 1.000000
X 0.631155, -0.755324, -0.176438
Y 0.428059, 0.528875, -0.732841
Z 0.646846, 0.387011, 0.657125

PART 13
OFFSET 6.873163, 6.061341, 45.755237
SCALE 1.000000, 1.000000, 1.000000
X 0.631155, -0.755324, -0.176438
Y 0.378340, 0.498360, -0.780061
Z 0.677128, 0.425586, 0.600312

PART 14
OFFSET 6.099601, 6.987178, 45.971594
SCALE 1.000000, 1.000000, 1.000000
X 0.631155, -0.755324, -0.176438
Y 0.326697, 0.465174, -0.822729
Z 0.703501, 0.461627, 0.540358

PART 15
OFFSET 5.326042, 7.913017, 46.187952
SCALE 1.000000, 1.000000, 1.000000
X 0.631155, -0.755324, -0.176438
Y 0.273096, 0.429298, -0.860884
Z 0.725991, 0.495167, 0.477229

PART 16
OFFSET 9.967404, 2.357982, 44.889802
SCALE 1.000000, 1.000000, 1.000000
X 0.631155, -0.755324, -0.176438
Y 0.567078, 0.604534, -0.559430
Z 0.529213, 0.253032, 0.809882

PART 17
OFFSET 2.452181, -16.846124, 47.416062
SCALE 1.000000, 1.000000, 1.000000
X -0.606817, -0.596570, 0.525239
Y -0.394748, 0.799749, 0.452301
Z -0.689889, 0.067127, -0.720796

PART 18
OFFSET 8.951247, -10.703527, 41.904017
SCALE 1.000000, 1.000000, 1.000000
X -0.690931, -0.370556, 0.620728
Y -0.364260, 0.920124, 0.143829
Z -0.624443, -0.126730, -0.770721

PART 19
OFFSET 6.913891, -12.460500, 43.554662
SCALE 1.000000, 1.000000, 1.000000
X -0.606817, -0.596570, 0.525239
Y -0.512730, 0.798737, 0.314846
Z -0.607356, -0.078252, -0.790567

PART 20
OFFSET 6.170275, -13.191436, 44.198230
SCALE 1.000000, 1.000000, 1.000000
X -0.606817, -0.596570, 0.525239
Y -0.493277, 0.800811, 0.339676
Z -0.623258, -0.052967, -0.780220

PART 21
OFFSET 5.426654, -13.922374, 44.841796
SCALE 1.000000, 1.000000, 1.000000
X -0.606817, -0.596570, 0.525239
Y -0.473327, 0.802085, 0.364172
Z -0.638541, -0.027624, -0.769092

PART 22
OFFSET 4.683035, -14.653312, 45.485365
SCALE 1.000000, 1.000000, 1.000000
X -0.606817, -0.596570, 0.525239
Y -0.454222, 0.802551, 0.386773
Z -0.652269, -0.003875, -0.757978

PART 23
OFFSET 3.939416, -15.384248, 46.128930
SCALE 1.000000, 1.000000, 1.000000
X -0.606817, -0.596570, 0.525239
Y -0.434797, 0.802317, 0.408949
Z -0.665375, 0.019785, -0.746247

PART 24
OFFSET 3.195800, -16.115184, 46.772498
SCALE 1.000000, 1.000000, 1.000000
X -0.606817, -0.596570, 0.525239
Y -0.414945, 0.801382, 0.430822
Z -0.677933, 0.043485, -0.733837

PART 25
OFFSET 7.657508, -11.729564, 42.911094
SCALE 1.000000, 1.000000, 1.000000
X -0.606817, -0.596570, 0.525239
Y -0.530452, 0.796076, 0.291349
Z -0.591941, -0.101818, -0.799524

PART 26
OFFSET 9.884768, -10.202258, 39.784316
SCALE 1.000000, 1.000000, 1.000000
X -0.129937, -0.991522, -0.000690
Y -0.688713, 0.090755, -0.719331
Z 0.713295, -0.092992, -0.694667

PART 27
OFFSET 12.059570, -2.278070, 44.342973
SCALE 1.000000, 1.000000, 1.000000
X 0.457335, -0.839527, -0.293323
Y 0.610940, 0.536285, -0.582367
Z 0.646217, 0.087134, 0.758163

PART 28
OFFSET 12.661533, -1.770835, 43.525415
SCALE 1.000000, 1.000000, 1.000000
X -0.393080, -0.603514, -0.693729
Y -0.885006, 0.453036, 0.107340
Z 0.249503, 0.656147, -0.712193

PART 29
OFFSET 11.925939, 1.323082, 43.559305
SCALE 1.000000, 1.000000, 1.000000
X 0.172311, -0.688550, -0.704421
Y -0.892167, 0.194040, -0.407905
Z 0.417549, 0.698747, -0.580866

PART 30
OFFSET 12.091810, 0.652104, 43.933107
SCALE 1.000000, 1.000000, 1.000000
X 0.328801, -0.766805, -0.551272
Y -0.829439, 0.044645, -0.556811
Z 0.451577, 0.640326, -0.621338

PART 31
OFFSET 10.392426, -0.080622, 45.190936
SCALE 1.000000, 1.000000, 1.000000
X -0.076908, -0.858979, -0.506201
Y 0.699268, 0.315433, -0.641503
Z 0.710711, -0.403307, 0.576397

PART 32
OFFSET 10.992936, -8.425405, 39.975755
SCALE 1.000000, 1.000000, 1.000000
X -0.690931, -0.370556, 0.620728
Y -0.364260, 0.920124, 0.143829
Z -0.624443, -0.126730, -0.770721

PART 33
OFFSET 11.302535, -9.547898, 40.054813
SCALE 1.000000, 1.000000, 1.000000
X 0.488277, 0.028125, 0.872235
Y 0.871249, -0.073082, -0.485369
Z 0.050094, 0.996929, -0.060188

PART 34
OFFSET 9.535954, -11.553359, 41.114285
SCALE 1.000000, 1.000000, 1.000000
X 0.547986, 0.080859, -0.832571
Y -0.068505, -0.987636, -0.141007
Z -0.833678, 0.134305, -0.535671

PART 35
OFFSET 9.936818, -10.873883, 41.157922
SCALE 1.000000, 1.000000, 1.000000
X 0.657961, 0.172621, -0.733001
Y 0.049274, -0.981155, -0.186832
Z -0.751439, 0.086810, -0.654067

PART 36
OFFSET 8.713407, -9.792817, 41.619631
SCALE 1.000000, 1.000000, 1.000000
X -0.218236, -0.586644, 0.779886
Y -0.908440, 0.414074, 0.057265
Z -0.356524, -0.695983, -0.623297

PART 37
OFFSET 12.028623, 5.232938, 39.925173
SCALE 1.000000, 1.000000, 1.000000
X 0.129937, 0.991522, 0.000690
Y -0.688713, 0.090755, -0.719331
Z -0.713295, 0.092992, 0.694667

PART 38
OFFSET 12.140478, -2.308002, 44.134919
SCALE 1.000000, 1.000000, 1.000000
X -0.219957, -0.711601, -0.667266
Y -0.814238, 0.510638, -0.276161
Z 0.537248, 0.482569, -0.691731

PART 39
OFFSET 12.059570, -2.278070, 44.342973
SCALE 1.000000, 1.000000, 1.000000
X 0.457335, -0.839527, -0.293323
Y 0.610940, 0.536285, -0.582367
Z 0.646217, 0.087134, 0.758163

PART 40
OFFSET 11.858392, -3.003893, 42.108000
SCALE 1.000000, 1.000000, 1.000000
X -0.928034, 0.372078, 0.017630
Y 0.276592, 0.656627, 0.701668
Z 0.249499, 0.656048, -0.712286

PART 41
OFFSET 12.490089, -0.375109, 41.862272
SCALE 1.000000, 1.000000, 1.000000
X -0.516189, -0.688238, -0.509782
Y -0.850169, 0.483835, 0.207647
Z 0.103740, 0.540585, -0.834869

PART 42
OFFSET 12.729336, -1.156214, 42.680605
SCALE 1.000000, 1.000000, 1.000000
X -0.442532, -0.611098, -0.656296
Y -0.894695, 0.350423, 0.276992
Z 0.060712, 0.709762, -0.701820

PART 43
OFFSET 10.099697, -1.759858, 44.177979
SCALE 1.000000, 1.000000, 1.000000
X -0.001054, -0.881317, -0.472525
Y 0.874448, 0.228418, -0.427979
Z 0.485118, -0.413650, 0.770425

PART 44
OFFSET 11.014929, -8.637253, 40.219652
SCALE 1.000000, 1.000000, 1.000000
X 0.121004, -0.032178, 0.992130
Y 0.957870, 0.266043, -0.108197
Z -0.260468, 0.963424, 0.063014

PART 45
OFFSET 10.992936, -8.425405, 39.975755
SCALE 1.000000, 1.000000, 1.000000
X -0.690931, -0.370556, 0.620728
Y -0.364260, 0.920124, 0.143829
Z -0.624443, -0.126730, -0.770721

PART 46
OFFSET 10.304878, -9.605408, 38.272614
SCALE 1.000000, 1.000000, 1.000000
X 0.795702, -0.076256, -0.600869
Y -0.603618, -0.017869, -0.797074
Z 0.050044, 0.996928, -0.060248

PART 47
OFFSET 10.733198, -11.558061, 39.469742
SCALE 1.000000, 1.000000, 1.000000
X 0.813606, -0.330417, 0.478402
Y 0.407921, -0.261921, -0.874641
Z 0.414301, 0.906764, -0.078317

PART 48
OFFSET 11.195790, -10.524927, 39.676134
SCALE 1.000000, 1.000000, 1.000000
X 0.687721, -0.079216, 0.721640
Y 0.707087, -0.152180, -0.690558
Z 0.164523, 0.985173, -0.048645

PART 49
OFFSET 9.054137, -8.486371, 39.888930
SCALE 1.000000, 1.000000, 1.000000
X -0.510610, -0.374345, 0.774044
Y -0.797921, 0.541681, -0.264393
Z -0.320311, -0.752627, -0.575285

PART 50
OFFSET 11.748562, -3.575907, 42.945979
SCALE 1.000000, 1.000000, 1.000000
X -0.839995, 0.232256, -0.490373
Y -0.075981, 0.844502, 0.530135
Z 0.537248, 0.482569, -0.691731

PART 51
OFFSET 10.770416, -2.567707, 42.128671
SCALE 1.000000, 1.000000, 1.000000
X -0.164730, 0.753574, 0.636388
Y 0.954272, -0.041415, 0.296057
Z 0.249457, 0.656057, -0.712292

PART 52
OFFSET 11.815900, -1.274037, 41.196388
SCALE 1.000000, 1.000000, 1.000000
X -0.908261, 0.393584, 0.141962
Y 0.405332, 0.743540, 0.531840
Z 0.103769, 0.540591, -0.834861

PART 53
OFFSET 12.004020, -2.157781, 41.604973
SCALE 1.000000, 1.000000, 1.000000
X -0.910658, 0.327292, 0.252156
Y 0.408668, 0.623779, 0.666251
Z 0.060769, 0.709774, -0.701803

PART 54
OFFSET 10.127122, -2.817961, 43.565023
SCALE 1.000000, 1.000000, 1.000000
X 0.205084, -0.741686, -0.638626
Y 0.922408, 0.364644, -0.127274
Z 0.327268, -0.562971, 0.758919

PART 55
OFFSET 10.799355, -8.579933, 38.451842
SCALE 1.000000, 1.000000, 1.000000
X 0.936423, 0.267942, -0.226537
Y -0.235126, -0.000033, -0.971965
Z -0.260438, 0.963435, 0.062970

PART 56
OFFSET 9.372016, -9.515979, 38.977079
SCALE 1.000000, 1.000000, 1.000000
X 0.017620, -0.061271, -0.997966
Y -0.998593, 0.048850, -0.020630
Z 0.050014, 0.996925, -0.060324

PART 57
OFFSET 9.670485, -11.126523, 38.844820
SCALE 1.000000, 1.000000, 1.000000
X 0.642075, -0.352221, -0.680940
Y -0.645021, 0.231862, -0.728140
Z 0.414351, 0.906741, -0.078317

PART 58
OFFSET 10.068666, -10.395081, 38.493430
SCALE 1.000000, 1.000000, 1.000000
X 0.743011, -0.156187, -0.650800
Y -0.648742, 0.070966, -0.757693
Z 0.164527, 0.985175, -0.048596

PART 59
OFFSET 9.453645, -8.102523, 39.179355
SCALE 1.000000, 1.000000, 1.000000
X -0.848037, 0.077992, 0.524167
Y -0.346845, 0.666140, -0.660270
Z -0.400664, -0.741738, -0.537860

PART 60
OFFSET 10.951349, -3.355477, 42.480611
SCALE 1.000000, 1.000000, 1.000000
X -0.646229, 0.762552, 0.030035
Y 0.542005, 0.430908, 0.721491
Z 0.537232, 0.482527, -0.691772

PART 61
OFFSET 11.127275, -0.975615, 41.304036
SCALE 1.000000, 1.000000, 1.000000
X -0.038204, 0.840911, 0.539823
Y 0.993871, -0.024104, 0.107887
Z 0.103735, 0.540636, -0.834836

PART 62
OFFSET 11.026358, -1.806438, 41.875683
SCALE 1.000000, 1.000000, 1.000000
X -0.137762, 0.702308, 0.698416
Y 0.988599, 0.054231, 0.140467
Z 0.060775, 0.709804, -0.701772

PART 63
OFFSET 9.910704, -8.834207, 38.666898
SCALE 1.000000, 1.000000, 1.000000
X 0.540578, 0.199548, -0.817286
Y -0.799967, -0.178812, -0.572781
Z -0.260438, 0.963435, 0.062970

PART 64
OFFSET 9.183593, -10.859415, 39.361139
SCALE 1.000000, 1.000000, 1.000000
X 0.114092, -0.137126, -0.983961
Y -0.902940, 0.398764, -0.160270
Z 0.414345, 0.906744, -0.078320

PART 65
OFFSET 9.270984, -10.227426, 39.192158
SCALE 1.000000, 1.000000, 1.000000
X -0.024832, -0.045062, -0.998675
Y -0.986063, 0.165499, 0.017051
Z 0.164511, 0.985180, -0.048544

PART 66
OFFSET -0.106364, -0.000001, 59.999999
SCALE 1.000000, 1.000000, 1.000000
X 1.000000, 0.000000, 0.000000
Y 0.000000, 1.000000, 0.000000
Z 0.000000, 0.000000, 1.000000

PART 67
OFFSET -0.106364, -0.000001, 59.999999
SCALE 1.000000, 1.000000, 1.000000
X 0.999999, 0.000326, -0.001465
Y -0.000326, 1.000000, 0.000000
Z 0.001465, 0.000000, 0.999999

PART 68
OFFSET -4.740266, -0.001509, 58.630012
SCALE 1.000000, 1.000000, 1.000000
X 0.999999, 0.000326, -0.001465
Y -0.000326, 1.000000, 0.000000
Z 0.001465, 0.000000, 0.999999

PART 69
OFFSET 1.440244, 0.000501, 64.133560
