// Export filename: 'C:\Program Files (x86)\Steam\steamapps\common\Call of Duty Black Ops III\xanim_export\tbd\s2\melee_shovel\vm_melee_shovel_s2_melee_fatal.xanim_export'
// Source filename: 'C:\Users\Ash\Documents\WW2 Shovel\wpn_s2_melee_shovel_excel_rig.mb'
// Export time: Sun Nov 19 2017, 17:28:46

ANIMATION
VERSION 3

NUMPARTS 71
PART 0 "tag_torso"
PART 1 "j_shoulder_le"
PART 2 "j_shoulder_ri"
PART 3 "tag_weapon_left"
PART 4 "tag_weapon_right"
PART 5 "j_elbow_le"
PART 6 "j_elbow_ri"
PART 7 "tag_weapon"
PART 8 "j_elbow_bulge_le"
PART 9 "j_wrist_le"
PART 10 "j_wristtwist1_le"
PART 11 "j_wristtwist2_le"
PART 12 "j_wristtwist3_le"
PART 13 "j_wristtwist4_le"
PART 14 "j_wristtwist5_le"
PART 15 "j_wristtwist6_le"
PART 16 "j_wristtwist_le"
PART 17 "j_elbow_bulge_ri"
PART 18 "j_wrist_ri"
PART 19 "j_wristtwist1_ri"
PART 20 "j_wristtwist2_ri"
PART 21 "j_wristtwist3_ri"
PART 22 "j_wristtwist4_ri"
PART 23 "j_wristtwist5_ri"
PART 24 "j_wristtwist6_ri"
PART 25 "j_wristtwist_ri"
PART 26 "tag_knife"
PART 27 "j_indexbase_le"
PART 28 "j_mid_le_1"
PART 29 "j_pinkybase_le"
PART 30 "j_ringbase_le"
PART 31 "j_thumb_le_1"
PART 32 "j_indexbase_ri"
PART 33 "j_mid_ri_1"
PART 34 "j_pinkybase_ri"
PART 35 "j_ringbase_ri"
PART 36 "j_thumb_ri_1"
PART 37 "tag_fx"
PART 38 "j_index_le_1"
PART 39 "j_indexretract_le"
PART 40 "j_mid_le_2"
PART 41 "j_pinky_le_1"
PART 42 "j_ring_le_1"
PART 43 "j_thumb_le_2"
PART 44 "j_index_ri_1"
PART 45 "j_indexretract_ri"
PART 46 "j_mid_ri_2"
PART 47 "j_pinky_ri_1"
PART 48 "j_ring_ri_1"
PART 49 "j_thumb_ri_2"
PART 50 "j_index_le_2"
PART 51 "j_mid_le_3"
PART 52 "j_pinky_le_2"
PART 53 "j_ring_le_2"
PART 54 "j_thumb_le_3"
PART 55 "j_index_ri_2"
PART 56 "j_mid_ri_3"
PART 57 "j_pinky_ri_2"
PART 58 "j_ring_ri_2"
PART 59 "j_thumb_ri_3"
PART 60 "j_index_le_3"
PART 61 "j_pinky_le_3"
PART 62 "j_ring_le_3"
PART 63 "j_index_ri_3"
PART 64 "j_pinky_ri_3"
PART 65 "j_ring_ri_3"
PART 66 "tag_cambone"
PART 67 "tag_camera"
PART 68 "tag_fill_light"
PART 69 "tag_flashlight"
PART 70 "tag_gasmask"

FRAMERATE 30
NUMFRAMES 45

FRAME 0
PART 0
OFFSET -1.009664, -0.000001, 48.233300
SCALE 1.000000, 1.000000, 1.000000
X 1.000000, 0.000000, 0.000000
Y 0.000000, 1.000000, 0.000000
Z 0.000000, 0.000000, 1.000000

PART 1
OFFSET 0.404873, 8.250726, 52.214512
SCALE 1.000000, 1.000000, 1.000000
X 0.726423, 0.529158, -0.438523
Y -0.685939, 0.597619, -0.415137
Z 0.042397, 0.602365, 0.797094

PART 2
OFFSET 2.690672, -9.282736, 56.310556
SCALE 1.000000, 1.000000, 1.000000
X -0.518880, 0.188456, -0.833815
Y -0.847346, 0.015545, 0.530814
Z 0.112997, 0.981959, 0.151621

PART 3
OFFSET -20.370613, -28.927723, 52.320926
SCALE 1.000000, 1.000000, 1.000000
X 0.979424, -0.191952, -0.062319
Y 0.188876, 0.980621, -0.052032
Z 0.071099, 0.039190, 0.996699

PART 4
OFFSET -20.374763, -28.926301, 52.322300
SCALE 1.000000, 1.000000, 1.000000
X 0.979396, -0.192095, -0.062319
Y 0.189016, 0.980592, -0.052077
Z 0.071113, 0.039225, 0.996697

PART 5
OFFSET 8.609724, 13.340193, 47.931600
SCALE 1.000000, 1.000000, 1.000000
X 0.829793, -0.465535, 0.307768
Y 0.556466, 0.648400, -0.519542
Z 0.042308, 0.602375, 0.797092

PART 6
OFFSET 7.315877, -11.203488, 65.299823
SCALE 1.000000, 1.000000, 1.000000
X 0.899406, -0.036047, -0.435624
Y -0.422308, 0.185518, -0.887265
Z 0.112799, 0.981979, 0.151634

PART 7
OFFSET -3.045223, -9.522147, 71.786871
SCALE 1.000000, 1.000000, 1.000000
X -0.443014, 0.086042, 0.892376
Y 0.345565, 0.934856, 0.081415
Z -0.827238, 0.344442, -0.443888

PART 8
OFFSET 8.609724, 13.340193, 47.931600
SCALE 1.000000, 1.000000, 1.000000
X 0.829793, -0.465535, 0.307768
Y 0.556466, 0.648400, -0.519542
Z 0.042308, 0.602375, 0.797092

PART 9
OFFSET 16.987347, 8.631826, 51.150194
SCALE 1.000000, 1.000000, 1.000000
X 0.432750, -0.723829, 0.537400
Y 0.326651, 0.681497, 0.654874
Z -0.840254, -0.107855, 0.531358

PART 10
OFFSET 14.712458, 9.916403, 50.194376
SCALE 1.000000, 1.000000, 1.000000
X 0.829793, -0.465535, 0.307768
Y 0.305292, 0.840315, 0.447958
Z -0.467163, -0.277753, 0.839412

PART 11
OFFSET 13.695337, 10.487034, 49.817250
SCALE 1.000000, 1.000000, 1.000000
X 0.829793, -0.465535, 0.307768
Y 0.386457, 0.877197, 0.284914
Z -0.402611, -0.117480, 0.907801

PART 12
OFFSET 12.678213, 11.057665, 49.440119
SCALE 1.000000, 1.000000, 1.000000
X 0.829793, -0.465535, 0.307768
Y 0.454290, 0.883786, 0.111990
Z -0.324137, 0.046888, 0.944848

PART 13
OFFSET 11.661089, 11.628299, 49.062991
SCALE 1.000000, 1.000000, 1.000000
X 0.829793, -0.465535, 0.307768
Y 0.503604, 0.862276, -0.053505
Z -0.240473, 0.199391, 0.949956

PART 14
OFFSET 10.643967, 12.198928, 48.685860
SCALE 1.000000, 1.000000, 1.000000
X 0.829793, -0.465535, 0.307768
Y 0.537565, 0.814889, -0.216748
Z -0.149893, 0.345302, 0.926444

PART 15
OFFSET 9.626845, 12.769560, 48.308733
SCALE 1.000000, 1.000000, 1.000000
X 0.829793, -0.465535, 0.307768
Y 0.555397, 0.742814, -0.373846
Z -0.054576, 0.481149, 0.874939

PART 16
OFFSET 15.729581, 9.345772, 50.571504
SCALE 1.000000, 1.000000, 1.000000
X 0.829793, -0.465535, 0.307768
Y 0.219823, 0.779556, 0.586490
Z -0.512954, -0.419010, 0.749205

PART 17
OFFSET 7.315877, -11.203488, 65.299823
SCALE 1.000000, 1.000000, 1.000000
X 0.899406, -0.036047, -0.435624
Y -0.422308, 0.185518, -0.887265
Z 0.112799, 0.981979, 0.151634

PART 18
OFFSET -2.122177, -10.880839, 69.972652
SCALE 1.000000, 1.000000, 1.000000
X 0.802000, -0.198633, -0.563330
Y -0.434745, 0.452634, -0.778537
Z 0.409626, 0.869291, 0.276658

PART 19
OFFSET 0.703609, -10.938942, 68.502774
SCALE 1.000000, 1.000000, 1.000000
X 0.899406, -0.036047, -0.435624
Y -0.382061, 0.419343, -0.823517
Z 0.212361, 0.907112, 0.363387

PART 20
OFFSET 1.805652, -10.983036, 67.968948
SCALE 1.000000, 1.000000, 1.000000
X 0.899406, -0.036047, -0.435624
Y -0.390822, 0.380032, -0.838352
Z 0.195771, 0.924271, 0.327716

PART 21
OFFSET 2.907698, -11.027124, 67.435122
SCALE 1.000000, 1.000000, 1.000000
X 0.899406, -0.036047, -0.435624
Y -0.398864, 0.340013, -0.851645
Z 0.178817, 0.939730, 0.291432

PART 22
OFFSET 4.009744, -11.071216, 66.901296
SCALE 1.000000, 1.000000, 1.000000
X 0.899406, -0.036047, -0.435624
Y -0.405726, 0.301982, -0.862666
Z 0.162647, 0.952632, 0.256979

PART 23
OFFSET 5.111788, -11.115305, 66.367471
SCALE 1.000000, 1.000000, 1.000000
X 0.899406, -0.036047, -0.435624
Y -0.411911, 0.263615, -0.872260
Z 0.146279, 0.963954, 0.222249

PART 24
OFFSET 6.213831, -11.159398, 65.833645
SCALE 1.000000, 1.000000, 1.000000
X 0.899406, -0.036047, -0.435624
Y -0.417447, 0.224731, -0.880473
Z 0.129637, 0.973754, 0.187077

PART 25
OFFSET -0.398434, -10.894850, 69.036599
SCALE 1.000000, 1.000000, 1.000000
X 0.899406, -0.036047, -0.435624
Y -0.373235, 0.455393, -0.808278
Z 0.227516, 0.889560, 0.396130

PART 26
OFFSET -3.045223, -9.522147, 71.786871
SCALE 1.000000, 1.000000, 1.000000
X 0.827238, -0.344442, 0.443888
Y 0.345565, 0.934856, 0.081415
Z -0.443014, 0.086042, 0.892376

PART 27
OFFSET 18.065545, 5.391378, 52.342871
SCALE 1.000000, 1.000000, 1.000000
X 0.432750, -0.723829, 0.537400
Y 0.326651, 0.681497, 0.654874
Z -0.840254, -0.107855, 0.531358

PART 28
OFFSET 18.405922, 6.115845, 53.195723
SCALE 1.000000, 1.000000, 1.000000
X 0.602223, -0.653759, 0.458178
Y 0.554392, -0.070490, -0.829265
Z 0.574437, 0.753412, 0.319988

PART 29
OFFSET 17.893805, 9.063174, 52.134132
SCALE 1.000000, 1.000000, 1.000000
X 0.798125, -0.483900, 0.358939
Y 0.518662, 0.248689, -0.818012
Z 0.306572, 0.839044, 0.449465

PART 30
OFFSET 17.654420, 8.334811, 52.291048
SCALE 1.000000, 1.000000, 1.000000
X 0.638091, -0.589995, 0.494718
Y 0.683311, 0.137795, -0.717007
Z 0.354861, 0.795562, 0.491076

PART 31
OFFSET 16.856453, 7.335602, 50.460080
SCALE 1.000000, 1.000000, 1.000000
X 0.661615, -0.747518, -0.059012
Y 0.511129, 0.392006, 0.764904
Z -0.548646, -0.536235, 0.641435

PART 32
OFFSET -5.389623, -9.775921, 71.058691
SCALE 1.000000, 1.000000, 1.000000
X 0.802000, -0.198633, -0.563330
Y -0.434745, 0.452634, -0.778537
Z 0.409626, 0.869291, 0.276658

PART 33
OFFSET -4.723159, -10.382281, 71.776372
SCALE 1.000000, 1.000000, 1.000000
X -0.177451, -0.881302, -0.437969
Y -0.592435, -0.259698, 0.762612
Z -0.785832, 0.394795, -0.476031

PART 34
OFFSET -1.962531, -10.963903, 71.260033
SCALE 1.000000, 1.000000, 1.000000
X -0.519543, 0.319654, 0.792399
Y 0.767522, -0.232941, 0.597201
Z 0.375480, 0.918455, -0.124318

PART 35
OFFSET -2.725897, -10.964555, 71.061455
SCALE 1.000000, 1.000000, 1.000000
X -0.645657, 0.223945, 0.730052
Y 0.680586, -0.264807, 0.683139
Z 0.346308, 0.937937, 0.018560

PART 36
OFFSET -2.663596, -10.194956, 69.656309
SCALE 1.000000, 1.000000, 1.000000
X 0.588622, -0.743622, -0.317096
Y 0.363731, 0.593918, -0.717608
Z 0.721958, 0.307063, 0.620072

PART 37
OFFSET -15.995469, -4.320518, 64.851786
SCALE 1.000000, 1.000000, 1.000000
X -0.827238, 0.344442, -0.443888
Y 0.345565, 0.934856, 0.081415
Z 0.443014, -0.086042, -0.892376

PART 38
OFFSET 17.743949, 5.463810, 52.838801
SCALE 1.000000, 1.000000, 1.000000
X 0.172188, -0.684987, 0.707915
Y 0.921134, -0.142713, -0.362140
Z 0.349090, 0.714441, 0.606391

PART 39
OFFSET 18.065545, 5.391378, 52.342871
SCALE 1.000000, 1.000000, 1.000000
X 0.432750, -0.723829, 0.537400
Y 0.326651, 0.681497, 0.654874
Z -0.840254, -0.107855, 0.531358

PART 40
OFFSET 19.636353, 4.780103, 54.131860
SCALE 1.000000, 1.000000, 1.000000
X 0.788668, -0.404714, -0.462828
Y -0.219245, 0.518167, -0.826701
Z 0.574400, 0.753465, 0.319930

PART 41
OFFSET 19.790013, 7.871307, 53.151616
SCALE 1.000000, 1.000000, 1.000000
X 0.710387, -0.674666, 0.200440
Y 0.243243, -0.031893, -0.969441
Z 0.660442, 0.737434, 0.141451

PART 42
OFFSET 19.139950, 6.928097, 53.306872
SCALE 1.000000, 1.000000, 1.000000
X 0.682606, -0.682416, 0.261453
Y 0.377166, 0.022544, -0.925871
Z 0.625935, 0.730616, 0.272773

PART 43
OFFSET 18.160106, 5.837273, 50.221475
SCALE 1.000000, 1.000000, 1.000000
X 0.424273, -0.902786, -0.070501
Y 0.148371, -0.007498, 0.988903
Z -0.893297, -0.430025, 0.130766

PART 44
OFFSET -5.224415, -10.077431, 71.018680
SCALE 1.000000, 1.000000, 1.000000
X -0.027878, -0.851433, -0.523722
Y -0.784751, -0.305892, 0.539070
Z -0.619184, 0.426019, -0.659635

PART 45
OFFSET -5.389623, -9.775921, 71.058691
SCALE 1.000000, 1.000000, 1.000000
X 0.802000, -0.198633, -0.563330
Y -0.434745, 0.452634, -0.778537
Z 0.409626, 0.869291, 0.276658

PART 46
OFFSET -4.360575, -8.581623, 72.671300
SCALE 1.000000, 1.000000, 1.000000
X -0.584137, -0.220872, 0.781025
Y 0.203237, 0.891804, 0.404204
Z -0.785798, 0.394844, -0.476046

PART 47
OFFSET -2.940481, -10.462052, 72.971969
SCALE 1.000000, 1.000000, 1.000000
X -0.202449, -0.957029, 0.207628
Y -0.188382, 0.246118, 0.950757
Z -0.961003, 0.153366, -0.230114

PART 48
OFFSET -3.984813, -10.471596, 72.501520
SCALE 1.000000, 1.000000, 1.000000
X -0.302434, -0.947892, -0.100173
Y -0.429220, 0.041598, 0.902241
Z -0.851060, 0.315865, -0.419435

PART 49
OFFSET -3.883938, -8.442498, 70.288293
SCALE 1.000000, 1.000000, 1.000000
X 0.648502, -0.579510, -0.493571
Y 0.244229, 0.772523, -0.586140
Z 0.720969, 0.259569, 0.642516

PART 50
OFFSET 18.050734, 4.243338, 54.100167
SCALE 1.000000, 1.000000, 1.000000
X 0.742509, -0.605653, 0.286120
Y 0.571679, 0.350369, -0.741906
Z 0.349090, 0.714441, 0.606391

PART 51
OFFSET 20.560914, 4.305649, 53.589267
SCALE 1.000000, 1.000000, 1.000000
X 0.380663, 0.100139, -0.919276
Y -0.724679, 0.649818, -0.229296
Z 0.574400, 0.753465, 0.319930

PART 52
OFFSET 20.717907, 6.990133, 53.413413
SCALE 1.000000, 1.000000, 1.000000
X 0.642803, -0.457894, -0.614115
Y -0.388099, 0.496513, -0.776437
Z 0.660442, 0.737434, 0.141451

PART 53
OFFSET 20.258737, 5.809647, 53.735420
SCALE 1.000000, 1.000000, 1.000000
X 0.701096, -0.373974, -0.607131
Y -0.341570, 0.571265, -0.746315
Z 0.625935, 0.730616, 0.272773

PART 54
OFFSET 18.712032, 4.728905, 50.178601
SCALE 1.000000, 1.000000, 1.000000
X 0.513495, -0.848055, 0.130863
Y -0.113738, 0.083893, 0.989963
Z -0.850521, -0.523225, -0.053377

PART 55
OFFSET -5.174733, -8.560353, 71.951916
SCALE 1.000000, 1.000000, 1.000000
X -0.773614, -0.475003, 0.419398
Y -0.134657, 0.769987, 0.623688
Z -0.619184, 0.426019, -0.659635

PART 56
OFFSET -3.675757, -8.322691, 71.755650
SCALE 1.000000, 1.000000, 1.000000
X -0.106490, 0.671830, 0.733011
Y 0.609246, 0.626692, -0.485876
Z -0.785798, 0.394844, -0.476046

PART 57
OFFSET -2.676024, -9.212033, 72.700812
SCALE 1.000000, 1.000000, 1.000000
X -0.259970, -0.217649, 0.940768
Y 0.094248, 0.963896, 0.249044
Z -0.961006, 0.153410, -0.230071

PART 58
OFFSET -3.489145, -8.918060, 72.665669
SCALE 1.000000, 1.000000, 1.000000
X -0.490876, -0.195082, 0.849107
Y 0.186379, 0.928532, 0.321077
Z -0.851060, 0.315865, -0.419435

PART 59
OFFSET -4.448709, -7.841364, 70.650413
SCALE 1.000000, 1.000000, 1.000000
X 0.534188, 0.116579, -0.837289
Y -0.278521, 0.959416, -0.044112
Z 0.798166, 0.256767, 0.544979

PART 60
OFFSET 18.755443, 3.668531, 54.371714
SCALE 1.000000, 1.000000, 1.000000
X 0.884563, -0.464834, 0.038431
Y 0.309328, 0.522976, -0.794237
Z 0.349090, 0.714441, 0.606391

PART 61
OFFSET 21.205279, 6.642988, 52.947801
SCALE 1.000000, 1.000000, 1.000000
X 0.262201, -0.050048, -0.963715
Y -0.703583, 0.673581, -0.226407
Z 0.660471, 0.737417, 0.141400

PART 62
OFFSET 21.011393, 5.408154, 53.083631
SCALE 1.000000, 1.000000, 1.000000
X 0.223304, 0.167214, -0.960299
Y -0.747222, 0.661996, -0.058484
Z 0.625935, 0.730616, 0.272773

PART 63
OFFSET -4.440584, -8.109605, 71.553859
SCALE 1.000000, 1.000000, 1.000000
X -0.550534, 0.363483, 0.751526
Y 0.559931, 0.828485, 0.009475
Z -0.619184, 0.426019, -0.659635

PART 64
OFFSET -2.478907, -9.046942, 71.987452
SCALE 1.000000, 1.000000, 1.000000
X -0.148174, 0.416797, 0.896842
Y 0.233477, 0.895961, -0.377813
Z -0.961006, 0.153410, -0.230071

PART 65
OFFSET -2.962136, -8.708658, 71.754068
SCALE 1.000000, 1.000000, 1.000000
X -0.099221, 0.687683, 0.719199
Y 0.515608, 0.653699, -0.553919
Z -0.851060, 0.315865, -0.419435

PART 66
OFFSET -0.106364, -0.000001, 59.999999
SCALE 1.000000, 1.000000, 1.000000
X 1.000000, 0.000000, 0.000000
Y 0.000000, 1.000000, 0.000000
Z 0.000000, 0.000000, 1.000000

PART 67
OFFSET -0.106364, 0.002199, 60.782511
SCALE 1.000000, 1.000000, 1.000000
X 0.999787, -0.020637, 0.000016
Y 0.020609, 0.998454, 0.051624
Z -0.001082, -0.051612, 0.998667

PART 68
OFFSET -4.735778, 0.168845, 59.407497
SCALE 1.000000, 1.000000, 1.000000
X 0.999787, -0.020637, 0.000016
Y 0.020609, 0.998454, 0.051624
Z -0.001082, -0.051612, 0.998667

PART 69
OFFSET 1.429385, -0.243052, 64.912844
SCALE 1.000000, 1.000000, 1.000000
X 0.999787, -0.020637, 0.000016
Y 0.020609, 0.998454, 0.051624
Z -0.001082, -0.051612, 0.998667

PART 70
OFFSET 1.429385, -0.243052, 64.912844
SCALE 1.000000, 1.000000, 1.000000
X 0.999787, -0.020637, 0.000016
Y 0.020609, 0.998454, 0.051624
Z -0.001082, -0.051612, 0.998667

FRAME 1
PART 0
OFFSET -1.009664, -0.000001, 48.233300
SCALE 1.000000, 1.000000, 1.000000
X 1.000000, 0.000000, 0.000000
Y 0.000000, 1.000000, 0.000000
Z 0.000000, 0.000000, 1.000000

PART 1
OFFSET 0.147103, 9.210497, 52.045734
SCALE 1.000000, 1.000000, 1.000000
X 0.655687, 0.555827, -0.511009
Y -0.753182, 0.528871, -0.391168
Z 0.052836, 0.641367, 0.765413

PART 2
OFFSET 3.394634, -10.422326, 56.332165
SCALE 1.000000, 1.000000, 1.000000
X -0.490608, 0.151025, -0.858193
Y -0.864464, 0.039486, 0.501142
Z 0.109572, 0.987741, 0.111184

PART 3
OFFSET -20.373699, -28.924993, 52.323728
SCALE 1.000000, 1.000000, 1.000000
X 0.979394, -0.192089, -0.062360
Y 0.189006, 0.980592, -0.052111
Z 0.071160, 0.039250, 0.996692

PART 4
OFFSET -20.374763, -28.926301, 52.322300
SCALE 1.000000, 1.000000, 1.000000
X 0.979396, -0.192095, -0.062319
Y 0.189016, 0.980592, -0.052077
Z 0.071113, 0.039225, 0.996697

PART 5
OFFSET 7.601165, 14.564918, 47.044078
SCALE 1.000000, 1.000000, 1.000000
X 0.807094, -0.478769, 0.345514
Y 0.588058, 0.599509, -0.542934
Z 0.052801, 0.641381, 0.765404

PART 6
OFFSET 7.688960, -11.928365, 65.475641
SCALE 1.000000, 1.000000, 1.000000
X 0.945846, -0.069114, -0.317173
Y -0.305599, 0.139922, -0.941823
Z 0.109473, 0.987747, 0.111223

PART 7
OFFSET -3.254924, -9.703937, 70.563544
SCALE 1.000000, 1.000000, 1.000000
X -0.464356, 0.092481, 0.880807
Y 0.353363, 0.931290, 0.088509
Z -0.812101, 0.352344, -0.465130

PART 8
OFFSET 7.601165, 14.564918, 47.044078
SCALE 1.000000, 1.000000, 1.000000
X 0.807094, -0.478769, 0.345514
Y 0.588058, 0.599509, -0.542934
Z 0.052801, 0.641381, 0.765404

PART 9
OFFSET 15.769123, 9.619670, 50.665497
SCALE 1.000000, 1.000000, 1.000000
X 0.922850, -0.353366, 0.153230
Y 0.046125, 0.496367, 0.866886
Z -0.382387, -0.792939, 0.474372

PART 10
OFFSET 13.536970, 11.043762, 49.584458
SCALE 1.000000, 1.000000, 1.000000
X 0.807094, -0.478769, 0.345514
Y 0.097710, 0.685437, 0.721546
Z -0.582282, -0.548595, 0.599992

PART 11
OFFSET 12.547670, 11.630620, 49.161064
SCALE 1.000000, 1.000000, 1.000000
X 0.807094, -0.478769, 0.345514
Y 0.244322, 0.803566, 0.542760
Z -0.537500, -0.353642, 0.765527

PART 12
OFFSET 11.558368, 12.217480, 48.737666
SCALE 1.000000, 1.000000, 1.000000
X 0.807094, -0.478769, 0.345514
Y 0.374491, 0.867531, 0.327332
Z -0.456461, -0.134795, 0.879474

PART 13
OFFSET 10.569065, 12.804341, 48.314270
SCALE 1.000000, 1.000000, 1.000000
X 0.807094, -0.478769, 0.345514
Y 0.473599, 0.874416, 0.105363
Z -0.352568, 0.078597, 0.932480

PART 14
OFFSET 9.579764, 13.391198, 47.890872
SCALE 1.000000, 1.000000, 1.000000
X 0.807094, -0.478769, 0.345514
Y 0.544481, 0.829861, -0.121950
Z -0.228343, 0.286551, 0.930456

PART 15
OFFSET 8.590464, 13.978058, 47.467477
SCALE 1.000000, 1.000000, 1.000000
X 0.807094, -0.478769, 0.345514
Y 0.583466, 0.736328, -0.342620
Z -0.090376, 0.478122, 0.873631

PART 16
OFFSET 14.526271, 10.456902, 50.007853
SCALE 1.000000, 1.000000, 1.000000
X 0.807094, -0.478769, 0.345514
Y -0.045505, 0.533016, 0.844880
Z -0.588667, -0.697620, 0.408408

PART 17
OFFSET 7.688960, -11.928365, 65.475641
SCALE 1.000000, 1.000000, 1.000000
X 0.945846, -0.069114, -0.317173
Y -0.305599, 0.139922, -0.941823
Z 0.109473, 0.987747, 0.111223

PART 18
OFFSET -2.212606, -11.274036, 68.948868
SCALE 1.000000, 1.000000, 1.000000
X 0.775932, -0.182096, -0.603962
Y -0.472797, 0.465945, -0.747903
Z 0.417603, 0.865873, 0.275447

PART 19
OFFSET 0.735230, -11.420694, 67.807778
SCALE 1.000000, 1.000000, 1.000000
X 0.945846, -0.069114, -0.317173
Y -0.261753, 0.415498, -0.871118
Z 0.191992, 0.906964, 0.374907

PART 20
OFFSET 1.894183, -11.505308, 67.419089
SCALE 1.000000, 1.000000, 1.000000
X 0.945846, -0.069114, -0.317173
Y -0.271082, 0.369334, -0.888880
Z 0.178577, 0.926723, 0.330597

PART 21
OFFSET 3.053140, -11.589917, 67.030397
SCALE 1.000000, 1.000000, 1.000000
X 0.945846, -0.069114, -0.317173
Y -0.279727, 0.322223, -0.904392
Z 0.164707, 0.944138, 0.285440

PART 22
OFFSET 4.212096, -11.674531, 66.641707
SCALE 1.000000, 1.000000, 1.000000
X 0.945846, -0.069114, -0.317173
Y -0.287176, 0.277380, -0.916837
Z 0.151344, 0.958271, 0.242511

PART 23
OFFSET 5.371050, -11.759141, 66.253017
SCALE 1.000000, 1.000000, 1.000000
X 0.945846, -0.069114, -0.317173
Y -0.293963, 0.232101, -0.927208
Z 0.137699, 0.970233, 0.199215

PART 24
OFFSET 6.530004, -11.843754, 65.864327
SCALE 1.000000, 1.000000, 1.000000
X 0.945846, -0.069114, -0.317173
Y -0.300116, 0.186198, -0.935554
Z 0.123717, 0.980078, 0.155372

PART 25
OFFSET -0.423724, -11.336081, 68.196469
SCALE 1.000000, 1.000000, 1.000000
X 0.945846, -0.069114, -0.317173
Y -0.252431, 0.457704, -0.852517
Z 0.204092, 0.886414, 0.415471

PART 26
OFFSET -3.254924, -9.703937, 70.563544
SCALE 1.000000, 1.000000, 1.000000
X 0.812101, -0.352344, 0.465130
Y 0.353363, 0.931290, 0.088509
Z -0.464356, 0.092481, 0.880807

PART 27
OFFSET 18.876649, 7.804550, 50.299272
SCALE 1.000000, 1.000000, 1.000000
X 0.922850, -0.353366, 0.153230
Y 0.046125, 0.496367, 0.866886
Z -0.382387, -0.792939, 0.474372

PART 28
OFFSET 18.937545, 8.229091, 51.411513
SCALE 1.000000, 1.000000, 1.000000
X 0.724815, -0.541846, 0.425494
Y 0.688318, 0.595850, -0.413740
Z -0.029347, 0.592761, 0.804844

PART 29
OFFSET 16.530541, 10.210254, 51.733872
SCALE 1.000000, 1.000000, 1.000000
X 0.938636, -0.122381, 0.322469
Y 0.303053, 0.739043, -0.601643
Z -0.164688, 0.662448, 0.730781

PART 30
OFFSET 16.747946, 9.502878, 51.577445
SCALE 1.000000, 1.000000, 1.000000
X 0.941991, -0.205861, 0.265093
Y 0.327715, 0.734721, -0.593959
Z -0.072496, 0.646379, 0.759564

PART 31
OFFSET 16.151680, 8.772695, 49.579274
SCALE 1.000000, 1.000000, 1.000000
X 0.840653, -0.006730, -0.541532
Y 0.476137, 0.485651, 0.733101
Z 0.258062, -0.874127, 0.411468

PART 32
OFFSET -5.431601, -10.211626, 70.208186
SCALE 1.000000, 1.000000, 1.000000
X 0.775932, -0.182096, -0.603962
Y -0.472797, 0.465945, -0.747903
Z 0.417603, 0.865873, 0.275447

PART 33
OFFSET -4.718893, -10.796894, 70.886157
SCALE 1.000000, 1.000000, 1.000000
X -0.223471, -0.880512, -0.418042
Y -0.570588, -0.229546, 0.788504
Z -0.790247, 0.414737, -0.451113

PART 34
OFFSET -1.997599, -11.388236, 70.228432
SCALE 1.000000, 1.000000, 1.000000
X -0.490735, 0.284907, 0.823412
Y 0.795566, -0.238870, 0.556790
Z 0.355322, 0.928315, -0.109440

PART 35
OFFSET -2.764415, -11.382988, 70.062615
SCALE 1.000000, 1.000000, 1.000000
X -0.611813, 0.205939, 0.763723
Y 0.712923, -0.274711, 0.645194
Z 0.342674, 0.939214, 0.021253

PART 36
OFFSET -2.774009, -10.599863, 68.635720
SCALE 1.000000, 1.000000, 1.000000
X 0.561231, -0.764070, -0.318147
Y 0.324517, 0.556761, -0.764661
Z 0.761386, 0.325907, 0.560425

PART 37
OFFSET -15.970582, -4.378571, 63.296235
SCALE 1.000000, 1.000000, 1.000000
X -0.812101, 0.352344, -0.465130
Y 0.353363, 0.931290, 0.088509
Z 0.464356, -0.092481, -0.880807

PART 38
OFFSET 18.935352, 7.737863, 50.562856
SCALE 1.000000, 1.000000, 1.000000
X 0.831038, -0.556149, 0.008576
Y 0.551856, 0.822499, -0.137660
Z 0.069506, 0.119134, 0.990442

PART 39
OFFSET 18.876649, 7.804550, 50.299272
SCALE 1.000000, 1.000000, 1.000000
X 0.922850, -0.353366, 0.153230
Y 0.046125, 0.496367, 0.866886
Z -0.382387, -0.792939, 0.474372

PART 40
OFFSET 20.418456, 7.122001, 52.280866
SCALE 1.000000, 1.000000, 1.000000
X 0.992577, 0.112346, -0.046582
Y -0.118032, 0.797469, -0.591702
Z -0.029328, 0.592808, 0.804810

PART 41
OFFSET 18.780512, 9.827435, 52.638895
SCALE 1.000000, 1.000000, 1.000000
X 0.909227, -0.151971, 0.387570
Y 0.412423, 0.455578, -0.788895
Z -0.056679, 0.877128, 0.476900

PART 42
OFFSET 18.933257, 9.041484, 52.056059
SCALE 1.000000, 1.000000, 1.000000
X 0.799214, -0.399171, 0.449355
Y 0.600799, 0.552046, -0.578174
Z -0.017274, 0.732057, 0.681024

PART 43
OFFSET 17.722191, 8.852487, 48.394263
SCALE 1.000000, 1.000000, 1.000000
X 0.806388, 0.271756, -0.525250
Y 0.387570, 0.428005, 0.816457
Z 0.446687, -0.861952, 0.239813

PART 44
OFFSET -5.252502, -10.464435, 70.161774
SCALE 1.000000, 1.000000, 1.000000
X -0.104884, -0.863100, -0.494022
Y -0.761550, -0.249766, 0.598045
Z -0.639563, 0.438948, -0.631098

PART 45
OFFSET -5.431601, -10.211626, 70.208186
SCALE 1.000000, 1.000000, 1.000000
X 0.775932, -0.182096, -0.603962
Y -0.472797, 0.465945, -0.747903
Z 0.417603, 0.865873, 0.275447

PART 46
OFFSET -4.262280, -8.997850, 71.740369
SCALE 1.000000, 1.000000, 1.000000
X -0.563033, -0.200983, 0.801623
Y 0.241762, 0.887490, 0.392317
Z -0.790282, 0.414689, -0.451096

PART 47
OFFSET -2.944364, -10.942314, 72.019186
SCALE 1.000000, 1.000000, 1.000000
X -0.173957, -0.977847, 0.116422
Y -0.241053, 0.156912, 0.957743
Z -0.954794, 0.138542, -0.263009

PART 48
OFFSET -3.956819, -10.925571, 71.569445
SCALE 1.000000, 1.000000, 1.000000
X -0.294074, -0.946693, -0.131503
Y -0.433476, 0.009480, 0.901115
Z -0.851833, 0.321998, -0.413156

PART 49
OFFSET -3.925215, -8.821326, 69.259829
SCALE 1.000000, 1.000000, 1.000000
X 0.591171, -0.580767, -0.559666
Y 0.188558, 0.774194, -0.604210
Z 0.784195, 0.251662, 0.567189

PART 50
OFFSET 20.416062, 6.746915, 50.578162
SCALE 1.000000, 1.000000, 1.000000
X 0.980921, -0.188852, -0.046134
Y 0.181546, 0.974746, -0.130046
Z 0.069529, 0.119190, 0.990434

PART 51
OFFSET 21.582069, 7.253710, 52.226244
SCALE 1.000000, 1.000000, 1.000000
X 0.455558, 0.724601, -0.517127
Y -0.889723, 0.351472, -0.291309
Z -0.029328, 0.592808, 0.804810

PART 52
OFFSET 19.968089, 9.628984, 53.145126
SCALE 1.000000, 1.000000, 1.000000
X 0.871516, 0.276504, -0.404976
Y -0.487081, 0.392673, -0.780103
Z -0.056679, 0.877128, 0.476900

PART 53
OFFSET 20.243140, 8.387255, 52.792578
SCALE 1.000000, 1.000000, 1.000000
X 0.964109, 0.192664, -0.182686
Y -0.264944, 0.653386, -0.709148
Z -0.017263, 0.732098, 0.680981

PART 54
OFFSET 18.669697, 9.197567, 47.795368
SCALE 1.000000, 1.000000, 1.000000
X 0.835285, 0.546355, -0.061598
Y 0.041209, 0.049508, 0.997923
Z 0.548270, -0.836089, 0.018838

PART 55
OFFSET -5.065606, -8.926566, 71.042090
SCALE 1.000000, 1.000000, 1.000000
X -0.767083, -0.418718, 0.486066
Y -0.050870, 0.794957, 0.604530
Z -0.639528, 0.438998, -0.631097

PART 56
OFFSET -3.602203, -8.762235, 70.800570
SCALE 1.000000, 1.000000, 1.000000
X -0.051362, 0.688767, 0.723161
Y 0.610587, 0.594670, -0.523020
Z -0.790282, 0.414689, -0.451096

PART 57
OFFSET -2.717123, -9.665106, 71.867159
SCALE 1.000000, 1.000000, 1.000000
X -0.292485, -0.279213, 0.914600
Y 0.053226, 0.950188, 0.307099
Z -0.954788, 0.138502, -0.263055

PART 58
OFFSET -3.474852, -9.374000, 71.784943
SCALE 1.000000, 1.000000, 1.000000
X -0.493168, -0.227261, 0.839725
Y 0.176516, 0.919053, 0.352397
Z -0.851838, 0.322016, -0.413132

PART 59
OFFSET -4.446354, -8.216633, 69.678109
SCALE 1.000000, 1.000000, 1.000000
X 0.441041, 0.130491, -0.887950
Y -0.280513, 0.959849, 0.001728
Z 0.852523, 0.248319, 0.459937

PART 60
OFFSET 21.347038, 6.567690, 50.534381
SCALE 1.000000, 1.000000, 1.000000
X 0.973495, 0.208742, -0.093460
Y -0.217884, 0.970681, -0.101517
Z 0.069529, 0.119190, 0.990434

PART 61
OFFSET 20.628849, 9.838647, 52.838087
SCALE 1.000000, 1.000000, 1.000000
X 0.107869, 0.480252, -0.870472
Y -0.992548, 0.002105, -0.121835
Z -0.056679, 0.877128, 0.476900

PART 62
OFFSET 21.278164, 8.594077, 52.596449
SCALE 1.000000, 1.000000, 1.000000
X 0.363766, 0.639006, -0.677751
Y -0.931330, 0.236018, -0.277343
Z -0.017263, 0.732098, 0.680981

PART 63
OFFSET -4.337659, -8.529234, 70.580767
SCALE 1.000000, 1.000000, 1.000000
X -0.487687, 0.402921, 0.774478
Y 0.594277, 0.803079, -0.043585
Z -0.639528, 0.438998, -0.631097

PART 64
OFFSET -2.495352, -9.453333, 71.173645
SCALE 1.000000, 1.000000, 1.000000
X -0.190183, 0.395530, 0.898547
Y 0.228497, 0.907950, -0.351307
Z -0.954788, 0.138502, -0.263055

PART 65
OFFSET -2.945382, -9.130051, 70.883413
SCALE 1.000000, 1.000000, 1.000000
X -0.097506, 0.677520, 0.729012
Y 0.514685, 0.661273, -0.545726
Z -0.851817, 0.322000, -0.413187

PART 66
OFFSET -0.106364, -0.000001, 59.999999
SCALE 1.000000, 1.000000, 1.000000
X 1.000000, 0.000000, 0.000000
Y 0.000000, 1.000000, 0.000000
Z 0.000000, 0.000000, 1.000000

PART 67
OFFSET -0.106364, 0.002199, 60.752680
SCALE 1.000000, 1.000000, 1.000000
X 0.999762, -0.020818, 0.006569
Y 0.020683, 0.999588, 0.019905
Z -0.006980, -0.019765, 0.999780

PART 68
OFFSET -4.727540, 0.125836, 59.345783
SCALE 1.000000, 1.000000, 1.000000
X 0.999762, -0.020818, 0.006569
Y 0.020683, 0.999588, 0.019905
Z -0.006980, -0.019765, 0.999780

PART 69
OFFSET 1.404951, -0.111616, 64.897712
SCALE 1.000000, 1.000000, 1.000000
X 0.999762, -0.020818, 0.006569
Y 0.020683, 0.999588, 0.019905
Z -0.006980, -0.019765, 0.999780

PART 70
OFFSET 1.404951, -0.111616, 64.897712
SCALE 1.000000, 1.000000, 1.000000
X 0.999762, -0.020818, 0.006569
Y 0.020683, 0.999588, 0.019905
Z -0.006980, -0.019765, 0.999780

FRAME 2
PART 0
OFFSET -1.009664, -0.000001, 48.233300
SCALE 1.000000, 1.000000, 1.000000
X 1.000000, 0.000000, 0.000000
Y 0.000000, 1.000000, 0.000000
Z 0.000000, 0.000000, 1.000000

PART 1
OFFSET -0.442174, 11.363451, 51.672115
SCALE 1.000000, 1.000000, 1.000000
X 0.306092, 0.658737, -0.687295
Y -0.948284, 0.274714, -0.159026
Z 0.084053, 0.700427, 0.708757

PART 2
OFFSET 4.379380, -11.619275, 56.132870
SCALE 1.000000, 1.000000, 1.000000
X -0.700272, 0.162210, -0.695203
Y -0.697862, 0.049562, 0.714515
Z 0.150357, 0.985511, 0.078494

PART 3
OFFSET -20.357323, -28.927683, 52.325805
SCALE 1.000000, 1.000000, 1.000000
X 0.979397, -0.192079, -0.062354
Y 0.188996, 0.980594, -0.052107
Z 0.071152, 0.039248, 0.996693

PART 4
OFFSET -20.374763, -28.926301, 52.322300
SCALE 1.000000, 1.000000, 1.000000
X 0.979396, -0.192095, -0.062319
Y 0.189016, 0.980592, -0.052077
Z 0.071113, 0.039225, 0.996697

PART 5
OFFSET 3.437501, 17.838707, 44.812445
SCALE 1.000000, 1.000000, 1.000000
X 0.859159, -0.411183, 0.304589
Y 0.504777, 0.583380, -0.636292
Z 0.083942, 0.700426, 0.708772

PART 6
OFFSET 10.837415, -13.196199, 63.554283
SCALE 1.000000, 1.000000, 1.000000
X 0.953585, -0.123380, -0.274688
Y -0.261037, 0.116059, -0.958327
Z 0.150118, 0.985549, 0.078466

PART 7
OFFSET -0.631994, -10.039059, 67.827639
SCALE 1.000000, 1.000000, 1.000000
X -0.482262, 0.085783, 0.871817
Y 0.325486, 0.941498, 0.087409
Z -0.813316, 0.325918, -0.481970

PART 8
OFFSET 3.437501, 17.838707, 44.812445
SCALE 1.000000, 1.000000, 1.000000
X 0.859159, -0.411183, 0.304589
Y 0.504777, 0.583380, -0.636292
Z 0.083942, 0.700426, 0.708772

PART 9
OFFSET 12.131765, 13.573476, 48.004450
SCALE 1.000000, 1.000000, 1.000000
X 0.908569, -0.390279, 0.148948
Y 0.010676, 0.378138, 0.925688
Z -0.417599, -0.839461, 0.347731

PART 10
OFFSET 9.756161, 14.814558, 47.051846
SCALE 1.000000, 1.000000, 1.000000
X 0.859159, -0.411183, 0.304589
Y 0.026300, 0.629935, 0.776203
Z -0.511033, -0.658871, 0.552028

PART 11
OFFSET 8.703052, 15.318582, 46.678615
SCALE 1.000000, 1.000000, 1.000000
X 0.859159, -0.411183, 0.304589
Y 0.173020, 0.793612, 0.583305
Z -0.481571, -0.448452, 0.752981

PART 12
OFFSET 7.649940, 15.822607, 46.305380
SCALE 1.000000, 1.000000, 1.000000
X 0.859159, -0.411183, 0.304589
Y 0.304970, 0.889428, 0.340458
Z -0.410901, -0.199617, 0.889558

PART 13
OFFSET 6.596829, 16.326634, 45.932148
SCALE 1.000000, 1.000000, 1.000000
X 0.859159, -0.411183, 0.304589
Y 0.405029, 0.910223, 0.086294
Z -0.312726, 0.049227, 0.948567

PART 14
OFFSET 5.543719, 16.830656, 45.558913
SCALE 1.000000, 1.000000, 1.000000
X 0.859159, -0.411183, 0.304589
Y 0.474487, 0.863027, -0.173340
Z -0.191594, 0.293450, 0.936578

PART 15
OFFSET 4.490610, 17.334682, 45.185681
SCALE 1.000000, 1.000000, 1.000000
X 0.859159, -0.411183, 0.304589
Y 0.508651, 0.751227, -0.420633
Z -0.055858, 0.516320, 0.854572

PART 16
OFFSET 10.809270, 14.310533, 47.425078
SCALE 1.000000, 1.000000, 1.000000
X 0.859159, -0.411183, 0.304589
Y -0.113143, 0.427858, 0.896737
Z -0.499044, -0.804901, 0.321075

PART 17
OFFSET 10.837415, -13.196199, 63.554283
SCALE 1.000000, 1.000000, 1.000000
X 0.953585, -0.123380, -0.274688
Y -0.261037, 0.116059, -0.958327
Z 0.150118, 0.985549, 0.078466

PART 18
OFFSET 0.894908, -12.008167, 66.622168
SCALE 1.000000, 1.000000, 1.000000
X 0.693244, -0.119278, -0.710764
Y -0.596487, 0.458552, -0.658736
Z 0.404495, 0.880626, 0.246741

PART 19
OFFSET 3.826756, -12.289563, 65.574093
SCALE 1.000000, 1.000000, 1.000000
X 0.953585, -0.123380, -0.274688
Y -0.211038, 0.376874, -0.901903
Z 0.214799, 0.918010, 0.333344

PART 20
OFFSET 4.995197, -12.440671, 65.237458
SCALE 1.000000, 1.000000, 1.000000
X 0.953585, -0.123380, -0.274688
Y -0.220991, 0.332898, -0.916702
Z 0.204545, 0.934856, 0.290180

PART 21
OFFSET 6.163642, -12.591775, 64.900821
SCALE 1.000000, 1.000000, 1.000000
X 0.953585, -0.123380, -0.274688
Y -0.230449, 0.288161, -0.929439
Z 0.193828, 0.949600, 0.246353

PART 22
OFFSET 7.332087, -12.742883, 64.564185
SCALE 1.000000, 1.000000, 1.000000
X 0.953585, -0.123380, -0.274688
Y -0.238831, 0.245693, -0.939465
Z 0.183400, 0.961464, 0.204823

PART 23
OFFSET 8.500529, -12.893987, 64.227550
SCALE 1.000000, 1.000000, 1.000000
X 0.953585, -0.123380, -0.274688
Y -0.246713, 0.202910, -0.947608
Z 0.172652, 0.971393, 0.163052

PART 24
OFFSET 9.668971, -13.045095, 63.890915
SCALE 1.000000, 1.000000, 1.000000
X 0.953585, -0.123380, -0.274688
Y -0.254128, 0.159623, -0.953907
Z 0.161540, 0.979437, 0.120860

PART 25
OFFSET 2.658315, -12.138455, 65.910729
SCALE 1.000000, 1.000000, 1.000000
X 0.953585, -0.123380, -0.274688
Y -0.201304, 0.417219, -0.886231
Z 0.223948, 0.900392, 0.373017

PART 26
OFFSET -0.631994, -10.039059, 67.827639
SCALE 1.000000, 1.000000, 1.000000
X 0.813316, -0.325918, 0.481970
Y 0.325486, 0.941498, 0.087409
Z -0.482262, 0.085783, 0.871817

PART 27
OFFSET 15.225365, 11.754409, 47.550435
SCALE 1.000000, 1.000000, 1.000000
X 0.908569, -0.390279, 0.148948
Y 0.010676, 0.378138, 0.925688
Z -0.417599, -0.839461, 0.347731

PART 28
OFFSET 15.310411, 12.149552, 48.628715
SCALE 1.000000, 1.000000, 1.000000
X 0.990143, -0.127112, 0.058822
Y 0.137224, 0.796281, -0.589157
Z 0.028050, 0.591421, 0.805875

PART 29
OFFSET 12.831010, 14.028709, 49.151874
SCALE 1.000000, 1.000000, 1.000000
X 0.975477, -0.023093, 0.218885
Y 0.139931, 0.832694, -0.535762
Z -0.169891, 0.553252, 0.815505

PART 30
OFFSET 13.110461, 13.351369, 48.911317
SCALE 1.000000, 1.000000, 1.000000
X 0.961787, -0.175094, 0.210494
Y 0.259971, 0.825230, -0.501409
Z -0.085913, 0.536971, 0.839215

PART 31
OFFSET 12.650449, 12.938834, 46.760069
SCALE 1.000000, 1.000000, 1.000000
X 0.914236, 0.137923, -0.380986
Y 0.330363, 0.290665, 0.897983
Z 0.234591, -0.946832, 0.220171

PART 32
OFFSET -2.170632, -11.171681, 68.348228
SCALE 1.000000, 1.000000, 1.000000
X 0.693244, -0.119278, -0.710764
Y -0.596487, 0.458552, -0.658736
Z 0.404495, 0.880626, 0.246741

PART 33
OFFSET -1.318592, -11.662579, 68.909405
SCALE 1.000000, 1.000000, 1.000000
X -0.286697, -0.895866, -0.339455
Y -0.474258, -0.175148, 0.862788
Z -0.832397, 0.408347, -0.374657

PART 34
OFFSET 1.282624, -12.159186, 67.862390
SCALE 1.000000, 1.000000, 1.000000
X -0.398855, 0.197779, 0.895432
Y 0.876722, -0.204023, 0.435584
Z 0.268838, 0.958780, -0.092021

PART 35
OFFSET 0.509898, -12.179811, 67.796442
SCALE 1.000000, 1.000000, 1.000000
X -0.509800, 0.149169, 0.847262
Y 0.809321, -0.250803, 0.531128
Z 0.291724, 0.956476, 0.007134

PART 36
OFFSET 0.251592, -11.393409, 66.367165
SCALE 1.000000, 1.000000, 1.000000
X 0.528968, -0.785738, -0.320638
Y 0.173608, 0.470026, -0.865411
Z 0.830694, 0.402109, 0.385039

PART 37
OFFSET -13.361573, -5.127262, 60.298143
SCALE 1.000000, 1.000000, 1.000000
X -0.813316, 0.325918, -0.481970
Y 0.325486, 0.941498, 0.087409
Z 0.482262, -0.085783, -0.871817

PART 38
OFFSET 15.343292, 11.782726, 47.717692
SCALE 1.000000, 1.000000, 1.000000
X 0.976450, -0.146030, -0.158812
Y 0.102849, 0.962155, -0.252347
Z 0.189652, 0.230070, 0.954515

PART 39
OFFSET 15.225365, 11.754409, 47.550435
SCALE 1.000000, 1.000000, 1.000000
X 0.908569, -0.390279, 0.148948
Y 0.010676, 0.378138, 0.925688
Z -0.417599, -0.839461, 0.347731

PART 40
OFFSET 17.333434, 11.889832, 48.748897
SCALE 1.000000, 1.000000, 1.000000
X 0.667710, 0.588862, -0.455417
Y -0.743893, 0.550849, -0.378402
Z 0.028040, 0.591445, 0.805858

PART 41
OFFSET 15.202653, 13.828973, 49.750811
SCALE 1.000000, 1.000000, 1.000000
X 0.996828, 0.075967, -0.023720
Y -0.068050, 0.659072, -0.748995
Z -0.041265, 0.748234, 0.662151

PART 42
OFFSET 15.335873, 12.978732, 49.266603
SCALE 1.000000, 1.000000, 1.000000
X 0.998127, -0.038689, 0.047382
Y 0.060626, 0.728813, -0.682024
Z -0.008145, 0.683619, 0.729793

PART 43
OFFSET 14.407047, 13.292669, 45.904480
SCALE 1.000000, 1.000000, 1.000000
X 0.901792, 0.245683, -0.355544
Y 0.367638, -0.003628, 0.929962
Z 0.227185, -0.969344, -0.093594

PART 44
OFFSET -1.956019, -11.308488, 68.282977
SCALE 1.000000, 1.000000, 1.000000
X -0.232251, -0.894272, -0.382541
Y -0.649511, -0.150164, 0.745377
Z -0.724013, 0.421579, -0.545963

PART 45
OFFSET -2.170632, -11.171681, 68.348228
SCALE 1.000000, 1.000000, 1.000000
X 0.693244, -0.119278, -0.710764
Y -0.596487, 0.458552, -0.658736
Z 0.404495, 0.880626, 0.246741

PART 46
OFFSET -0.732787, -9.832161, 69.603046
SCALE 1.000000, 1.000000, 1.000000
X -0.472192, -0.168791, 0.865184
Y 0.290039, 0.897096, 0.333312
Z -0.832413, 0.408324, -0.374646

PART 47
OFFSET 0.515491, -11.879758, 69.812387
SCALE 1.000000, 1.000000, 1.000000
X -0.084547, -0.993138, -0.080795
Y -0.300462, -0.051901, 0.952381
Z -0.950039, 0.104797, -0.294012

PART 48
OFFSET -0.484121, -11.833751, 69.467875
SCALE 1.000000, 1.000000, 1.000000
X -0.247013, -0.951607, -0.182834
Y -0.406125, -0.069643, 0.911160
Z -0.879800, 0.299322, -0.369268

PART 49
OFFSET -0.818859, -9.606925, 66.967030
SCALE 1.000000, 1.000000, 1.000000
X 0.439262, -0.573997, -0.691069
Y 0.010265, 0.772414, -0.635037
Z 0.898300, 0.271854, 0.345184

PART 50
OFFSET 17.083106, 11.522517, 47.434752
SCALE 1.000000, 1.000000, 1.000000
X 0.812810, 0.508560, -0.284088
Y -0.550794, 0.829711, -0.090582
Z 0.189645, 0.230100, 0.954510

PART 51
OFFSET 18.116193, 12.580165, 48.214993
SCALE 1.000000, 1.000000, 1.000000
X -0.206466, 0.792210, -0.574261
Y -0.978051, -0.150256, 0.144360
Z 0.028077, 0.591461, 0.805844

PART 52
OFFSET 16.504643, 13.928237, 49.719850
SCALE 1.000000, 1.000000, 1.000000
X 0.400635, 0.619535, -0.675031
Y -0.915306, 0.237402, -0.325355
Z -0.041315, 0.748209, 0.662176

PART 53
OFFSET 16.971786, 12.915321, 49.344297
SCALE 1.000000, 1.000000, 1.000000
X 0.539438, 0.617528, -0.572421
Y -0.841985, 0.388987, -0.373831
Z -0.008187, 0.683629, 0.729784

PART 54
OFFSET 15.495953, 13.605884, 45.515101
SCALE 1.000000, 1.000000, 1.000000
X 0.946245, 0.319208, 0.052227
Y 0.046360, -0.293645, 0.954790
Z 0.320112, -0.901043, -0.292658

PART 55
OFFSET -1.542168, -9.715073, 68.964653
SCALE 1.000000, 1.000000, 1.000000
X -0.681509, -0.314890, 0.660598
Y 0.106638, 0.850324, 0.515341
Z -0.723999, 0.421655, -0.545924

PART 56
OFFSET -0.179209, -9.634287, 68.588731
SCALE 1.000000, 1.000000, 1.000000
X 0.056134, 0.734720, 0.676044
Y 0.551305, 0.541717, -0.634512
Z -0.832413, 0.408324, -0.374646

PART 57
OFFSET 0.625947, -10.582582, 69.917955
SCALE 1.000000, 1.000000, 1.000000
X -0.310331, -0.418130, 0.853734
Y -0.033467, 0.902322, 0.429762
Z -0.950039, 0.104797, -0.294012

PART 58
OFFSET -0.079285, -10.274123, 69.767502
SCALE 1.000000, 1.000000, 1.000000
X -0.455116, -0.306445, 0.836039
Y 0.137127, 0.903592, 0.405854
Z -0.879810, 0.299354, -0.369217

PART 59
OFFSET -1.228928, -9.004212, 67.498757
SCALE 1.000000, 1.000000, 1.000000
X 0.180115, 0.158638, -0.970769
Y -0.294578, 0.950313, 0.100639
Z 0.938500, 0.267841, 0.217897

PART 60
OFFSET 17.854524, 12.005192, 47.165133
SCALE 1.000000, 1.000000, 1.000000
X 0.473409, 0.830237, -0.294262
Y -0.860176, 0.507682, 0.048533
Z 0.189685, 0.230142, 0.954492

PART 61
OFFSET 16.808389, 14.397974, 49.208068
SCALE 1.000000, 1.000000, 1.000000
X -0.554420, 0.534140, -0.638211
Y -0.831210, -0.393470, 0.392773
Z -0.041321, 0.748249, 0.662130

PART 62
OFFSET 17.550905, 13.578259, 48.729765
SCALE 1.000000, 1.000000, 1.000000
X -0.451601, 0.648580, -0.612699
Y -0.892182, -0.334567, 0.303440
Z -0.008184, 0.683673, 0.729742

PART 63
OFFSET -0.895442, -9.416277, 68.337705
SCALE 1.000000, 1.000000, 1.000000
X -0.333710, 0.478547, 0.812176
Y 0.603708, 0.770195, -0.205757
Z -0.723999, 0.421655, -0.545924

PART 64
OFFSET 0.861246, -10.265474, 69.270600
SCALE 1.000000, 1.000000, 1.000000
X -0.243655, 0.339731, 0.908413
Y 0.195084, 0.934666, -0.297224
Z -0.950039, 0.104797, -0.294012

PART 65
OFFSET 0.409334, -9.945162, 68.869927
SCALE 1.000000, 1.000000, 1.000000
X -0.087639, 0.661289, 0.744994
Y 0.467176, 0.687811, -0.555574
Z -0.879810, 0.299354, -0.369217

PART 66
OFFSET -0.106364, -0.000001, 59.999999
SCALE 1.000000, 1.000000, 1.000000
X 1.000000, 0.000000, 0.000000
Y 0.000000, 1.000000, 0.000000
Z 0.000000, 0.000000, 1.000000

PART 67
OFFSET -0.106364, 0.002118, 60.496130
SCALE 1.000000, 1.000000, 1.000000
X 0.999625, -0.020022, 0.018704
Y 0.020739, 0.999027, -0.038927
Z -0.017907, 0.039300, 0.999067

PART 68
OFFSET -4.711861, 0.040751, 59.034004
SCALE 1.000000, 1.000000, 1.000000
X 0.999625, -0.020022, 0.018704
Y 0.020739, 0.999027, -0.038927
Z -0.017907, 0.039300, 0.999067

PART 69
OFFSET 1.359549, 0.133810, 64.656908
SCALE 1.000000, 1.000000, 1.000000
X 0.999625, -0.020022, 0.018704
