// Export filename: 'C:\Program Files (x86)\Steam\steamapps\common\Call of Duty Black Ops III\xanim_export\tbd\s2\melee_shovel\vm_melee_shovel_s2_sprint_out.xanim_export'
// Source filename: 'C:\Users\Ash\Documents\WW2 Shovel\wpn_s2_melee_shovel_excel_rig.mb'
// Export time: Sun Nov 19 2017, 17:09:34

ANIMATION
VERSION 3

NUMPARTS 71
PART 0 "tag_torso"
PART 1 "j_shoulder_le"
PART 2 "j_shoulder_ri"
PART 3 "tag_weapon_left"
PART 4 "tag_weapon_right"
PART 5 "j_elbow_le"
PART 6 "j_elbow_ri"
PART 7 "tag_weapon"
PART 8 "j_elbow_bulge_le"
PART 9 "j_wrist_le"
PART 10 "j_wristtwist1_le"
PART 11 "j_wristtwist2_le"
PART 12 "j_wristtwist3_le"
PART 13 "j_wristtwist4_le"
PART 14 "j_wristtwist5_le"
PART 15 "j_wristtwist6_le"
PART 16 "j_wristtwist_le"
PART 17 "j_elbow_bulge_ri"
PART 18 "j_wrist_ri"
PART 19 "j_wristtwist1_ri"
PART 20 "j_wristtwist2_ri"
PART 21 "j_wristtwist3_ri"
PART 22 "j_wristtwist4_ri"
PART 23 "j_wristtwist5_ri"
PART 24 "j_wristtwist6_ri"
PART 25 "j_wristtwist_ri"
PART 26 "tag_knife"
PART 27 "j_indexbase_le"
PART 28 "j_mid_le_1"
PART 29 "j_pinkybase_le"
PART 30 "j_ringbase_le"
PART 31 "j_thumb_le_1"
PART 32 "j_indexbase_ri"
PART 33 "j_mid_ri_1"
PART 34 "j_pinkybase_ri"
PART 35 "j_ringbase_ri"
PART 36 "j_thumb_ri_1"
PART 37 "tag_fx"
PART 38 "j_index_le_1"
PART 39 "j_indexretract_le"
PART 40 "j_mid_le_2"
PART 41 "j_pinky_le_1"
PART 42 "j_ring_le_1"
PART 43 "j_thumb_le_2"
PART 44 "j_index_ri_1"
PART 45 "j_indexretract_ri"
PART 46 "j_mid_ri_2"
PART 47 "j_pinky_ri_1"
PART 48 "j_ring_ri_1"
PART 49 "j_thumb_ri_2"
PART 50 "j_index_le_2"
PART 51 "j_mid_le_3"
PART 52 "j_pinky_le_2"
PART 53 "j_ring_le_2"
PART 54 "j_thumb_le_3"
PART 55 "j_index_ri_2"
PART 56 "j_mid_ri_3"
PART 57 "j_pinky_ri_2"
PART 58 "j_ring_ri_2"
PART 59 "j_thumb_ri_3"
PART 60 "j_index_le_3"
PART 61 "j_pinky_le_3"
PART 62 "j_ring_le_3"
PART 63 "j_index_ri_3"
PART 64 "j_pinky_ri_3"
PART 65 "j_ring_ri_3"
PART 66 "tag_cambone"
PART 67 "tag_camera"
PART 68 "tag_fill_light"
PART 69 "tag_flashlight"
PART 70 "tag_gasmask"

FRAMERATE 30
NUMFRAMES 14

FRAME 0
PART 0
OFFSET -1.009764, -0.000001, 52.513799
SCALE 1.000000, 1.000000, 1.000000
X 1.000000, 0.000000, 0.000000
Y 0.000000, 1.000000, 0.000000
Z 0.000000, 0.000000, 1.000000

PART 1
OFFSET -2.683751, 4.547185, 56.343968
SCALE 1.000000, 1.000000, 1.000000
X 0.917968, 0.016410, -0.396315
Y -0.335693, 0.564375, -0.754182
Z 0.211294, 0.825355, 0.523587

PART 2
OFFSET -0.582267, -7.075515, 56.072013
SCALE 1.000000, 1.000000, 1.000000
X -0.106431, 0.553838, 0.825794
Y 0.992089, 0.114751, 0.050903
Z -0.066569, 0.824679, -0.561670

PART 3
OFFSET -20.376087, -28.923079, 52.325552
SCALE 1.000000, 1.000000, 1.000000
X 0.979389, -0.192125, -0.062325
Y 0.189038, 0.980582, -0.052182
Z 0.071141, 0.039325, 0.996691

PART 4
OFFSET -20.374863, -28.926301, 52.322299
SCALE 1.000000, 1.000000, 1.000000
X 0.979396, -0.192095, -0.062319
Y 0.189016, 0.980592, -0.052077
Z 0.071113, 0.039225, 0.996697

PART 5
OFFSET 7.612587, 4.650312, 52.025433
SCALE 1.000000, 1.000000, 1.000000
X 0.961797, -0.080217, -0.261748
Y -0.174031, 0.558904, -0.810765
Z 0.211329, 0.825343, 0.523592

PART 6
OFFSET 1.342004, -12.720479, 47.556197
SCALE 1.000000, 1.000000, 1.000000
X -0.993851, -0.104677, -0.036109
Y -0.088570, 0.555781, 0.826597
Z -0.066457, 0.824713, -0.561634

PART 7
OFFSET 13.046742, -10.499333, 44.678611
SCALE 1.000000, 1.000000, 1.000000
X 0.964780, 0.099601, -0.243474
Y -0.088528, 0.994496, 0.056035
Z 0.247715, -0.032507, 0.968287

PART 8
OFFSET 7.612587, 4.650312, 52.025433
SCALE 1.000000, 1.000000, 1.000000
X 0.961797, -0.080217, -0.261748
Y -0.174031, 0.558904, -0.810765
Z 0.211329, 0.825343, 0.523592

PART 9
OFFSET 17.466072, 3.920855, 49.441453
SCALE 1.000000, 1.000000, 1.000000
X 0.607676, -0.772128, 0.185871
Y 0.786550, 0.552745, -0.275341
Z 0.109859, 0.313515, 0.943207

PART 10
OFFSET 14.685753, 4.060114, 50.099855
SCALE 1.000000, 1.000000, 1.000000
X 0.961797, -0.080217, -0.261748
Y -0.058111, 0.874500, -0.481531
Z 0.267526, 0.478345, 0.836430

PART 11
OFFSET 13.506894, 4.158480, 50.420786
SCALE 1.000000, 1.000000, 1.000000
X 0.961797, -0.080217, -0.261748
Y -0.080033, 0.831952, -0.549045
Z 0.261805, 0.549018, 0.793749

PART 12
OFFSET 12.328032, 4.256846, 50.741715
SCALE 1.000000, 1.000000, 1.000000
X 0.961797, -0.080217, -0.261748
Y -0.101412, 0.783694, -0.612812
Z 0.254288, 0.615945, 0.745620

PART 13
OFFSET 11.149169, 4.355214, 51.062647
SCALE 1.000000, 1.000000, 1.000000
X 0.961797, -0.080217, -0.261748
Y -0.120797, 0.733648, -0.668707
Z 0.245673, 0.674779, 0.695930

PART 14
OFFSET 9.970309, 4.453578, 51.383576
SCALE 1.000000, 1.000000, 1.000000
X 0.961797, -0.080217, -0.261748
Y -0.139386, 0.679417, -0.720391
Z 0.235624, 0.729354, 0.642280

PART 15
OFFSET 8.791449, 4.551946, 51.704506
SCALE 1.000000, 1.000000, 1.000000
X 0.961797, -0.080217, -0.261748
Y -0.157186, 0.620993, -0.767893
Z 0.224142, 0.779701, 0.584660

PART 16
OFFSET 15.864612, 3.961747, 49.778924
SCALE 1.000000, 1.000000, 1.000000
X 0.961797, -0.080217, -0.261748
Y -0.037254, 0.908864, -0.415426
Z 0.271218, 0.409307, 0.871154

PART 17
OFFSET 1.342004, -12.720479, 47.556197
SCALE 1.000000, 1.000000, 1.000000
X -0.993851, -0.104677, -0.036109
Y -0.088570, 0.555781, 0.826597
Z -0.066457, 0.824713, -0.561634

PART 18
OFFSET 11.825126, -11.720274, 47.926596
SCALE 1.000000, 1.000000, 1.000000
X -0.971066, -0.077994, -0.225715
Y -0.235544, 0.157004, 0.959098
Z -0.039366, 0.984513, -0.170832

PART 19
OFFSET 8.648789, -11.951445, 47.821592
SCALE 1.000000, 1.000000, 1.000000
X -0.993851, -0.104677, -0.036109
Y -0.060338, 0.238525, 0.969260
Z -0.092846, 0.965479, -0.243374

PART 20
OFFSET 7.430994, -12.079619, 47.777362
SCALE 1.000000, 1.000000, 1.000000
X -0.993851, -0.104677, -0.036109
Y -0.065898, 0.297065, 0.952580
Z -0.088986, 0.949102, -0.302137

PART 21
OFFSET 6.213194, -12.207789, 47.733129
SCALE 1.000000, 1.000000, 1.000000
X -0.993851, -0.104677, -0.036109
Y -0.071213, 0.354510, 0.932337
Z -0.084793, 0.929175, -0.359784

PART 22
OFFSET 4.995394, -12.335963, 47.688897
SCALE 1.000000, 1.000000, 1.000000
X -0.993851, -0.104677, -0.036109
Y -0.075947, 0.407085, 0.910227
Z -0.080580, 0.907372, -0.412532

PART 23
OFFSET 3.777598, -12.464133, 47.644665
SCALE 1.000000, 1.000000, 1.000000
X -0.993851, -0.104677, -0.036109
Y -0.080415, 0.458130, 0.885240
Z -0.076121, 0.882700, -0.463731

PART 24
OFFSET 2.559801, -12.592307, 47.600434
SCALE 1.000000, 1.000000, 1.000000
X -0.993851, -0.104677, -0.036109
Y -0.084632, 0.507804, 0.857305
Z -0.071403, 0.855089, -0.513540

PART 25
OFFSET 9.866586, -11.823272, 47.865823
SCALE 1.000000, 1.000000, 1.000000
X -0.993851, -0.104677, -0.036109
Y -0.054937, 0.182989, 0.981579
Z -0.096141, 0.977526, -0.187614

PART 26
OFFSET 13.046742, -10.499333, 44.678611
SCALE 1.000000, 1.000000, 1.000000
X -0.247715, 0.032507, -0.968287
Y -0.088528, 0.994496, 0.056035
Z 0.964780, 0.099601, -0.243474

PART 27
OFFSET 18.727283, 0.684613, 50.452186
SCALE 1.000000, 1.000000, 1.000000
X 0.607676, -0.772128, 0.185871
Y 0.786550, 0.552745, -0.275341
Z 0.109859, 0.313515, 0.943207

PART 28
OFFSET 19.709343, 1.288985, 50.235607
SCALE 1.000000, 1.000000, 1.000000
X 0.134482, -0.743963, -0.654549
Y -0.778572, 0.329282, -0.534227
Z 0.612977, 0.581457, -0.534946

PART 29
OFFSET 18.775601, 4.043624, 48.945568
SCALE 1.000000, 1.000000, 1.000000
X 0.623430, -0.728453, -0.284061
Y -0.493557, -0.084873, -0.865562
Z 0.606413, 0.679818, -0.412445

PART 30
OFFSET 18.753076, 3.504384, 49.512281
SCALE 1.000000, 1.000000, 1.000000
X 0.668277, -0.741979, -0.053607
Y -0.341578, -0.242035, -0.908154
Z 0.660856, 0.625209, -0.415190

PART 31
OFFSET 16.817005, 2.531790, 49.951817
SCALE 1.000000, 1.000000, 1.000000
X 0.492880, -0.867986, -0.060577
Y 0.770146, 0.467600, -0.433850
Z 0.404901, 0.167183, 0.898946

PART 32
OFFSET 14.926831, -11.358534, 49.750080
SCALE 1.000000, 1.000000, 1.000000
X -0.971066, -0.077994, -0.225715
Y -0.235544, 0.157004, 0.959098
Z -0.039366, 0.984513, -0.170832

PART 33
OFFSET 14.951584, -11.671669, 48.625835
SCALE 1.000000, 1.000000, 1.000000
X -0.143223, -0.984790, 0.098367
Y 0.964184, -0.161261, -0.210583
Z 0.223243, 0.064684, 0.972614

PART 34
OFFSET 12.634887, -11.503388, 46.934262
SCALE 1.000000, 1.000000, 1.000000
X 0.944952, 0.318404, -0.075399
Y -0.114211, 0.105016, -0.987890
Z -0.306631, 0.942120, 0.135600

PART 35
OFFSET 13.022248, -11.752415, 47.576251
SCALE 1.000000, 1.000000, 1.000000
X 0.984086, 0.176722, 0.018566
Y 0.006513, 0.068540, -0.997627
Z -0.177575, 0.981871, 0.066298

PART 36
OFFSET 11.946909, -11.305890, 48.809942
SCALE 1.000000, 1.000000, 1.000000
X -0.730188, -0.505607, -0.459551
Y -0.683236, 0.536683, 0.495136
Z -0.003711, 0.675524, -0.737329

PART 37
OFFSET 16.918695, -11.182320, 59.758489
SCALE 1.000000, 1.000000, 1.000000
X 0.247715, -0.032507, 0.968287
Y -0.088528, 0.994496, 0.056035
Z -0.964780, -0.099601, 0.243474

PART 38
OFFSET 18.976576, 0.747290, 50.561593
SCALE 1.000000, 1.000000, 1.000000
X 0.311932, -0.828129, -0.465726
Y -0.507684, 0.269055, -0.818454
Z 0.803091, 0.491743, -0.336501

PART 39
OFFSET 18.727283, 0.684613, 50.452186
SCALE 1.000000, 1.000000, 1.000000
X 0.607676, -0.772128, 0.185871
Y 0.786550, 0.552745, -0.275341
Z 0.109859, 0.313515, 0.943207

PART 40
OFFSET 19.984078, -0.231069, 48.898240
SCALE 1.000000, 1.000000, 1.000000
X -0.564822, -0.151033, -0.811274
Y -0.552498, 0.799458, 0.235825
Z 0.612962, 0.581426, -0.534997

PART 41
OFFSET 20.399769, 2.291742, 48.358829
SCALE 1.000000, 1.000000, 1.000000
X 0.264092, -0.891944, -0.367004
Y -0.894468, -0.084147, -0.439143
Z 0.360809, 0.444247, -0.820037

PART 42
OFFSET 20.189303, 1.729904, 49.351356
SCALE 1.000000, 1.000000, 1.000000
X 0.150286, -0.800195, -0.580605
Y -0.840400, 0.205914, -0.501325
Z 0.520712, 0.563283, -0.641538

PART 43
OFFSET 17.674917, 0.728132, 49.716065
SCALE 1.000000, 1.000000, 1.000000
X 0.499013, -0.852090, 0.157889
Y 0.808943, 0.392675, -0.437512
Z 0.310800, 0.346048, 0.885243

PART 44
OFFSET 14.759171, -11.577940, 49.570413
SCALE 1.000000, 1.000000, 1.000000
X -0.511736, -0.854801, 0.086260
Y 0.853419, -0.494188, 0.165692
Z -0.099005, 0.158406, 0.982398

PART 45
OFFSET 14.926831, -11.358534, 49.750080
SCALE 1.000000, 1.000000, 1.000000
X -0.971066, -0.077994, -0.225715
Y -0.235544, 0.157004, 0.959098
Z -0.039366, 0.984513, -0.170832

PART 46
OFFSET 15.244284, -9.659474, 48.424811
SCALE 1.000000, 1.000000, 1.000000
X 0.974709, -0.024215, -0.222160
Y 0.009173, 0.997609, -0.068493
Z 0.223288, 0.064723, 0.972601

PART 47
OFFSET 14.566819, -10.953454, 46.612956
SCALE 1.000000, 1.000000, 1.000000
X 0.296613, -0.894316, -0.334994
Y 0.810303, 0.421319, -0.407308
Z 0.505401, -0.150633, 0.849635

PART 48
OFFSET 14.956064, -11.351316, 47.620003
SCALE 1.000000, 1.000000, 1.000000
X 0.087996, -0.995129, -0.044446
Y 0.948633, 0.097330, -0.301036
Z 0.303895, -0.015673, 0.952577

PART 49
OFFSET 13.455794, -10.094912, 49.846730
SCALE 1.000000, 1.000000, 1.000000
X -0.923691, -0.309981, -0.225183
Y -0.382920, 0.726997, 0.569954
Z -0.012967, 0.612688, -0.790219

PART 50
OFFSET 19.532358, -0.728284, 49.731721
SCALE 1.000000, 1.000000, 1.000000
X -0.188867, -0.325539, -0.926474
Y -0.565132, 0.807597, -0.168563
Z 0.803091, 0.491743, -0.336501

PART 51
OFFSET 19.321888, -0.408122, 47.947125
SCALE 1.000000, 1.000000, 1.000000
X -0.790095, 0.446493, -0.419993
Y -0.005323, 0.680138, 0.733065
Z 0.612962, 0.581426, -0.534997

PART 52
OFFSET 20.744682, 1.126736, 47.879457
SCALE 1.000000, 1.000000, 1.000000
X -0.475415, -0.668842, -0.571517
Y -0.802370, 0.596066, -0.030122
Z 0.360809, 0.444247, -0.820037

PART 53
OFFSET 20.435642, 0.418418, 48.399753
SCALE 1.000000, 1.000000, 1.000000
X -0.651671, -0.223206, -0.724917
Y -0.551529, 0.795544, 0.250849
Z 0.520712, 0.563283, -0.641538

PART 54
OFFSET 18.309095, -0.297392, 49.870651
SCALE 1.000000, 1.000000, 1.000000
X 0.699593, -0.711184, -0.069183
Y 0.671202, 0.687280, -0.277731
Z 0.245066, 0.147863, 0.958164

PART 55
OFFSET 15.671085, -10.054879, 49.416688
SCALE 1.000000, 1.000000, 1.000000
X 0.908636, -0.388097, 0.154145
Y 0.405692, 0.907890, -0.105595
Z -0.098965, 0.158483, 0.982389

PART 56
OFFSET 14.101555, -9.631076, 48.685289
SCALE 1.000000, 1.000000, 1.000000
X 0.609893, 0.769060, -0.191252
Y -0.760361, 0.635889, 0.132274
Z 0.223342, 0.064748, 0.972587

PART 57
OFFSET 14.179398, -9.785324, 47.050434
SCALE 1.000000, 1.000000, 1.000000
X 0.862429, 0.120188, -0.491703
Y -0.028049, 0.981257, 0.190653
Z 0.505401, -0.150633, 0.849635

PART 58
OFFSET 14.811853, -9.720409, 47.692897
SCALE 1.000000, 1.000000, 1.000000
X 0.951990, 0.043737, -0.302989
Y -0.036914, 0.998920, 0.028212
Z 0.303895, -0.015673, 0.952577

PART 59
OFFSET 14.254990, -9.766346, 50.099247
SCALE 1.000000, 1.000000, 1.000000
X -0.968838, 0.116665, 0.218498
Y 0.227985, 0.764844, 0.602525
Z -0.096824, 0.633564, -0.767608

PART 60
OFFSET 19.353077, -1.037234, 48.852422
SCALE 1.000000, 1.000000, 1.000000
X -0.367518, -0.035729, -0.929330
Y -0.469015, 0.870007, 0.152031
Z 0.803091, 0.491743, -0.336501

PART 61
OFFSET 20.384233, 0.619651, 47.446110
SCALE 1.000000, 1.000000, 1.000000
X -0.854074, -0.195912, -0.481847
Y -0.374707, 0.874235, 0.308718
Z 0.360766, 0.444220, -0.820071

PART 62
OFFSET 19.736039, 0.178854, 47.621511
SCALE 1.000000, 1.000000, 1.000000
X -0.851268, 0.399628, -0.340060
Y 0.064826, 0.723194, 0.687596
Z 0.520712, 0.563283, -0.641538

PART 63
OFFSET 14.808714, -9.686609, 49.270444
SCALE 1.000000, 1.000000, 1.000000
X 0.947481, 0.316726, 0.044317
Y -0.304133, 0.935194, -0.181427
Z -0.098908, 0.158420, 0.982405

PART 64
OFFSET 13.525454, -9.876421, 47.423324
SCALE 1.000000, 1.000000, 1.000000
X 0.665495, 0.694781, -0.272756
Y -0.549214, 0.703276, 0.451406
Z 0.505450, -0.150607, 0.849610

PART 65
OFFSET 13.789761, -9.767377, 48.018206
SCALE 1.000000, 1.000000, 1.000000
X 0.579473, 0.796693, -0.171730
Y -0.756203, 0.604179, 0.251246
Z 0.303922, -0.015727, 0.952567

PART 66
OFFSET -0.106364, -0.000001, 59.999999
SCALE 1.000000, 1.000000, 1.000000
X 1.000000, 0.000000, 0.000000
Y 0.000000, 1.000000, 0.000000
Z 0.000000, 0.000000, 1.000000

PART 67
OFFSET -0.106364, -0.000001, 59.999999
SCALE 1.000000, 1.000000, 1.000000
X 1.000000, 0.000000, 0.000000
Y 0.000000, 1.000000, 0.000000
Z 0.000000, 0.000000, 1.000000

PART 68
OFFSET -4.738254, -0.000001, 58.623226
SCALE 1.000000, 1.000000, 1.000000
X 1.000000, 0.000000, 0.000000
Y 0.000000, 1.000000, 0.000000
Z 0.000000, 0.000000, 1.000000

PART 69
OFFSET 1.434187, -0.000001, 64.135821
SCALE 1.000000, 1.000000, 1.000000
X 1.000000, 0.000000, 0.000000
Y 0.000000, 1.000000, 0.000000
Z 0.000000, 0.000000, 1.000000

PART 70
OFFSET 1.434187, -0.000001, 64.135821
SCALE 1.000000, 1.000000, 1.000000
X 1.000000, 0.000000, 0.000000
Y 0.000000, 1.000000, 0.000000
Z 0.000000, 0.000000, 1.000000

FRAME 1
PART 0
OFFSET -1.009764, -0.000001, 52.513799
SCALE 1.000000, 1.000000, 1.000000
X 1.000000, 0.000000, 0.000000
Y 0.000000, 1.000000, 0.000000
Z 0.000000, 0.000000, 1.000000

PART 1
OFFSET 0.526539, 7.995431, 56.466199
SCALE 1.000000, 1.000000, 1.000000
X 0.829173, 0.313286, -0.462951
Y -0.430361, 0.886306, -0.171027
Z 0.356736, 0.341047, 0.869728

PART 2
OFFSET -0.558255, -7.122612, 56.037240
SCALE 1.000000, 1.000000, 1.000000
X -0.170816, 0.552166, 0.816048
Y 0.982715, 0.155461, 0.100513
Z -0.071364, 0.819112, -0.569177

PART 3
OFFSET -20.377954, -28.927103, 52.327114
SCALE 1.000000, 1.000000, 1.000000
X 0.979388, -0.192128, -0.062339
Y 0.189040, 0.980581, -0.052194
Z 0.071156, 0.039334, 0.996689

PART 4
OFFSET -20.374863, -28.926301, 52.322299
SCALE 1.000000, 1.000000, 1.000000
X 0.979396, -0.192095, -0.062319
Y 0.189016, 0.980592, -0.052077
Z 0.071113, 0.039225, 0.996697

PART 5
OFFSET 9.736864, 10.700680, 51.627110
SCALE 1.000000, 1.000000, 1.000000
X 0.760182, -0.647113, -0.058032
Y 0.543021, 0.681854, -0.490106
Z 0.356723, 0.341057, 0.869729

PART 6
OFFSET 2.031208, -12.741281, 47.627103
SCALE 1.000000, 1.000000, 1.000000
X -0.992422, -0.115508, -0.041909
Y -0.100067, 0.561807, 0.821194
Z -0.071310, 0.819165, -0.569108

PART 7
OFFSET 14.592549, -10.327869, 46.530188
SCALE 1.000000, 1.000000, 1.000000
X 0.990906, 0.099383, 0.090711
Y -0.105052, 0.992655, 0.060005
Z -0.084081, -0.068989, 0.994068

PART 8
OFFSET 9.736864, 10.700680, 51.627110
SCALE 1.000000, 1.000000, 1.000000
X 0.760182, -0.647113, -0.058032
Y 0.543021, 0.681854, -0.490106
Z 0.356723, 0.341057, 0.869729

PART 9
OFFSET 17.512774, 4.135406, 51.156720
SCALE 1.000000, 1.000000, 1.000000
X 0.495386, -0.868334, -0.024262
Y 0.861382, 0.487426, 0.142957
Z -0.112308, -0.091718, 0.989432

PART 10
OFFSET 15.327478, 5.941671, 51.199649
SCALE 1.000000, 1.000000, 1.000000
X 0.760182, -0.647113, -0.058032
Y 0.649527, 0.759052, 0.044221
Z 0.015433, -0.071309, 0.997335

PART 11
OFFSET 14.395710, 6.734837, 51.270894
SCALE 1.000000, 1.000000, 1.000000
X 0.760182, -0.647113, -0.058032
Y 0.644967, 0.762389, -0.052728
Z 0.078364, 0.002654, 0.996921

PART 12
OFFSET 13.463940, 7.528006, 51.342137
SCALE 1.000000, 1.000000, 1.000000
X 0.760182, -0.647113, -0.058032
Y 0.634321, 0.758535, -0.149201
Z 0.140569, 0.076609, 0.987102

PART 13
OFFSET 12.532170, 8.321176, 51.413383
SCALE 1.000000, 1.000000, 1.000000
X 0.760182, -0.647113, -0.058032
Y 0.618930, 0.748440, -0.238250
Z 0.197608, 0.145196, 0.969469

PART 14
OFFSET 11.600400, 9.114342, 51.484624
SCALE 1.000000, 1.000000, 1.000000
X 0.760182, -0.647113, -0.058032
Y 0.598511, 0.732233, -0.324993
Z 0.252800, 0.212321, 0.943934

PART 15
OFFSET 10.668632, 9.907510, 51.555870
SCALE 1.000000, 1.000000, 1.000000
X 0.760182, -0.647113, -0.058032
Y 0.573115, 0.709957, -0.409269
Z 0.306044, 0.277860, 0.910566

PART 16
OFFSET 16.259246, 5.148503, 51.128404
SCALE 1.000000, 1.000000, 1.000000
X 0.760182, -0.647113, -0.058032
Y 0.648250, 0.749456, 0.134491
Z -0.043538, -0.139857, 0.989214

PART 17
OFFSET 2.031208, -12.741281, 47.627103
SCALE 1.000000, 1.000000, 1.000000
X -0.992422, -0.115508, -0.041909
Y -0.100067, 0.561807, 0.821194
Z -0.071310, 0.819165, -0.569108

PART 18
OFFSET 12.482996, -11.632809, 48.155387
SCALE 1.000000, 1.000000, 1.000000
X -0.855651, -0.063820, -0.513604
Y -0.517437, 0.126544, 0.846313
Z 0.010982, 0.989906, -0.141300

PART 19
OFFSET 9.327498, -11.892615, 47.935140
SCALE 1.000000, 1.000000, 1.000000
X -0.992422, -0.115508, -0.041909
Y -0.073097, 0.280826, 0.956971
Z -0.098769, 0.952783, -0.287141

PART 20
OFFSET 8.111451, -12.034061, 47.883803
SCALE 1.000000, 1.000000, 1.000000
X -0.992422, -0.115508, -0.041909
Y -0.078398, 0.332602, 0.939803
Z -0.094616, 0.935967, -0.339138

PART 21
OFFSET 6.895401, -12.175503, 47.832463
SCALE 1.000000, 1.000000, 1.000000
X -0.992422, -0.115508, -0.041909
Y -0.083465, 0.383392, 0.919807
Z -0.090178, 0.916334, -0.390127

PART 22
OFFSET 5.679351, -12.316948, 47.781124
SCALE 1.000000, 1.000000, 1.000000
X -0.992422, -0.115508, -0.041909
Y -0.087981, 0.429894, 0.898583
Z -0.085777, 0.895460, -0.436799

PART 23
OFFSET 4.463304, -12.458390, 47.729784
SCALE 1.000000, 1.000000, 1.000000
X -0.992422, -0.115508, -0.041909
Y -0.092249, 0.475088, 0.875089
Z -0.081169, 0.872324, -0.482144

PART 24
OFFSET 3.247256, -12.599836, 47.678446
SCALE 1.000000, 1.000000, 1.000000
X -0.992422, -0.115508, -0.041909
Y -0.096286, 0.519147, 0.849244
Z -0.076338, 0.846844, -0.526335

PART 25
OFFSET 10.543545, -11.751170, 47.986478
SCALE 1.000000, 1.000000, 1.000000
X -0.992422, -0.115508, -0.041909
Y -0.067942, 0.231658, 0.970422
Z -0.102383, 0.965915, -0.237750

PART 26
OFFSET 14.592549, -10.327869, 46.530188
SCALE 1.000000, 1.000000, 1.000000
X 0.084081, 0.068989, -0.994068
Y -0.105052, 0.992655, 0.060005
Z 0.990906, 0.099383, 0.090711

PART 27
OFFSET 18.288617, 0.605868, 50.995705
SCALE 1.000000, 1.000000, 1.000000
X 0.495386, -0.868334, -0.024262
Y 0.861382, 0.487426, 0.142957
Z -0.112308, -0.091718, 0.989432

PART 28
OFFSET 19.316307, 1.087575, 51.007776
SCALE 1.000000, 1.000000, 1.000000
X 0.308216, -0.442954, -0.841899
Y -0.586845, 0.608006, -0.534736
Z 0.748743, 0.658878, -0.072548

PART 29
OFFSET 18.907377, 4.236940, 51.034653
SCALE 1.000000, 1.000000, 1.000000
X 0.624265, -0.646281, -0.438878
Y -0.276099, 0.343012, -0.897837
Z 0.730796, 0.681662, 0.035693

PART 30
OFFSET 18.713569, 3.532310, 51.321811
SCALE 1.000000, 1.000000, 1.000000
X 0.618512, -0.759681, -0.200819
Y -0.109208, 0.169981, -0.979377
Z 0.778149, 0.627688, 0.022172

PART 31
OFFSET 16.619130, 2.959438, 50.711165
SCALE 1.000000, 1.000000, 1.000000
X 0.318105, -0.755547, -0.572676
Y 0.947946, 0.244311, 0.204229
Z -0.014394, -0.607832, 0.793935

PART 32
OFFSET 14.879348, -11.353160, 50.849049
SCALE 1.000000, 1.000000, 1.000000
X -0.855651, -0.063820, -0.513604
Y -0.517437, 0.126544, 0.846313
Z 0.010982, 0.989906, -0.141300

PART 33
OFFSET 15.246986, -11.628797, 49.775999
SCALE 1.000000, 1.000000, 1.000000
X -0.265124, -0.964214, -0.000107
Y 0.960169, -0.264022, 0.091471
Z -0.088226, 0.024148, 0.995808

PART 34
OFFSET 13.556039, -11.388475, 47.465201
SCALE 1.000000, 1.000000, 1.000000
X 0.921736, 0.314313, 0.227180
Y 0.192166, 0.138662, -0.971517
Z -0.336861, 0.939138, 0.067409

PART 35
OFFSET 13.730044, -11.661388, 48.185928
SCALE 1.000000, 1.000000, 1.000000
X 0.930868, 0.169318, 0.323752
Y 0.310236, 0.101716, -0.945202
Z -0.192971, 0.980298, 0.042156

PART 36
OFFSET 12.320859, -11.256159, 49.041808
SCALE 1.000000, 1.000000, 1.000000
X -0.520262, -0.516434, -0.680165
Y -0.829722, 0.494247, 0.259388
Z 0.202212, 0.699297, -0.685634

PART 37
OFFSET 13.296939, -11.579022, 62.009763
SCALE 1.000000, 1.000000, 1.000000
X -0.084081, -0.068989, 0.994068
Y -0.105052, 0.992655, 0.060005
Z -0.990906, -0.099383, -0.090711

PART 38
OFFSET 18.498593, 0.580909, 50.988561
SCALE 1.000000, 1.000000, 1.000000
X 0.484760, -0.627695, -0.609103
Y -0.210143, 0.592416, -0.777742
Z 0.849027, 0.505017, 0.155274

PART 39
OFFSET 18.288617, 0.605868, 50.995705
SCALE 1.000000, 1.000000, 1.000000
X 0.495386, -0.868334, -0.024262
Y 0.861382, 0.487426, 0.142957
Z -0.112308, -0.091718, 0.989432

PART 40
OFFSET 19.946016, 0.182543, 49.287608
SCALE 1.000000, 1.000000, 1.000000
X -0.357761, 0.309632, -0.880985
Y -0.558022, 0.685566, 0.467558
Z 0.748745, 0.658883, -0.072487

PART 41
OFFSET 20.506518, 2.624813, 50.088572
SCALE 1.000000, 1.000000, 1.000000
X 0.191410, -0.736461, -0.648836
Y -0.541603, 0.472054, -0.695580
Z 0.818553, 0.484552, -0.308513

PART 42
OFFSET 20.044881, 1.752189, 50.777564
SCALE 1.000000, 1.000000, 1.000000
X 0.186478, -0.527797, -0.828648
Y -0.696552, 0.523787, -0.490370
Z 0.692851, 0.668639, -0.269963

PART 43
OFFSET 17.166873, 1.481415, 49.481087
SCALE 1.000000, 1.000000, 1.000000
X 0.224446, -0.822816, -0.522110
Y 0.859805, -0.084959, 0.503505
Z -0.458650, -0.561922, 0.688392

PART 44
OFFSET 14.775292, -11.565313, 50.619496
SCALE 1.000000, 1.000000, 1.000000
X -0.623971, -0.764027, -0.164085
Y 0.676487, -0.633231, 0.376011
Z -0.391186, 0.123619, 0.911971

PART 45
OFFSET 14.879348, -11.353160, 50.849049
SCALE 1.000000, 1.000000, 1.000000
X -0.855651, -0.063820, -0.513604
Y -0.517437, 0.126544, 0.846313
Z 0.010982, 0.989906, -0.141300

PART 46
OFFSET 15.788769, -9.658649, 49.776204
SCALE 1.000000, 1.000000, 1.000000
X 0.987521, -0.128831, 0.090579
Y 0.130482, 0.991372, -0.012518
Z -0.088185, 0.024181, 0.995811

PART 47
OFFSET 15.491865, -10.841276, 47.767157
SCALE 1.000000, 1.000000, 1.000000
X 0.385545, -0.886991, -0.254169
Y 0.895808, 0.425837, -0.127238
Z 0.221094, -0.178630, 0.958754

PART 48
OFFSET 15.556867, -11.275112, 48.830869
SCALE 1.000000, 1.000000, 1.000000
X 0.097226, -0.994244, -0.045014
Y 0.995261, 0.097050, 0.006070
Z -0.001667, -0.045391, 0.998968

PART 49
OFFSET 13.364925, -10.028265, 50.542710
SCALE 1.000000, 1.000000, 1.000000
X -0.765714, -0.355851, -0.535773
Y -0.597364, 0.702235, 0.387327
Z 0.238408, 0.616633, -0.750284

PART 50
OFFSET 19.362337, -0.537513, 49.903214
SCALE 1.000000, 1.000000, 1.000000
X 0.044456, 0.224502, -0.973459
Y -0.526518, 0.833370, 0.168149
Z 0.849001, 0.505068, 0.155253

PART 51
OFFSET 19.526580, 0.545560, 48.254771
SCALE 1.000000, 1.000000, 1.000000
X -0.658229, 0.725948, -0.199337
Y -0.078740, 0.196947, 0.977247
Z 0.748689, 0.658948, -0.072475

PART 52
OFFSET 20.756510, 1.662907, 49.241080
SCALE 1.000000, 1.000000, 1.000000
X -0.462218, 0.236800, -0.854564
Y -0.340985, 0.842130, 0.417787
Z 0.818586, 0.484502, -0.308503

PART 53
OFFSET 20.350538, 0.887154, 49.419436
SCALE 1.000000, 1.000000, 1.000000
X -0.510684, 0.190640, -0.838367
Y -0.509135, 0.718693, 0.473562
Z 0.692808, 0.668683, -0.269964

PART 54
OFFSET 17.493563, 0.476018, 48.846394
SCALE 1.000000, 1.000000, 1.000000
X 0.459157, -0.771548, -0.440328
Y 0.682419, -0.011002, 0.730878
Z -0.568752, -0.636077, 0.521467

PART 55
OFFSET 15.887184, -10.204009, 50.911868
SCALE 1.000000, 1.000000, 1.000000
X 0.695391, -0.609389, 0.380888
Y 0.602830, 0.783175, 0.152421
Z -0.391186, 0.123619, 0.911971

PART 56
OFFSET 14.631014, -9.507602, 49.670032
SCALE 1.000000, 1.000000, 1.000000
X 0.713174, 0.699469, 0.046118
Y -0.695425, 0.714253, -0.078908
Z -0.088133, 0.024203, 0.995815

PART 57
OFFSET 14.988307, -9.682711, 48.099069
SCALE 1.000000, 1.000000, 1.000000
X 0.971477, 0.126768, -0.200406
Y -0.085740, 0.975715, 0.201566
Z 0.221091, -0.178634, 0.958754

PART 58
OFFSET 15.397514, -9.645656, 48.904693
SCALE 1.000000, 1.000000, 1.000000
X 0.999047, 0.043506, 0.003637
Y -0.043626, 0.998022, 0.045275
Z -0.001660, -0.045390, 0.998968

PART 59
OFFSET 14.026877, -9.672442, 51.047521
SCALE 1.000000, 1.000000, 1.000000
X -0.969914, -0.018486, -0.242746
Y -0.168960, 0.768984, 0.616536
Z 0.175271, 0.639001, -0.748971

PART 60
OFFSET 19.404499, -0.324428, 48.979323
SCALE 1.000000, 1.000000, 1.000000
X -0.039667, 0.354023, -0.934395
Y -0.526900, 0.787141, 0.320600
Z 0.849001, 0.505050, 0.155311

PART 61
OFFSET 20.406087, 1.842473, 48.593154
SCALE 1.000000, 1.000000, 1.000000
X -0.560658, 0.790755, -0.245702
Y 0.124861, 0.374066, 0.918958
Z 0.818579, 0.484543, -0.308458

PART 62
OFFSET 19.802299, 1.091872, 48.519424
SCALE 1.000000, 1.000000, 1.000000
X -0.720559, 0.656519, -0.223109
Y 0.028086, 0.349134, 0.936652
Z 0.692824, 0.668647, -0.270011

PART 63
OFFSET 15.227167, -9.625716, 50.550413
SCALE 1.000000, 1.000000, 1.000000
X 0.919680, 0.089221, 0.382399
Y -0.034096, 0.988311, -0.148592
Z -0.391186, 0.123619, 0.911971

PART 64
OFFSET 14.251661, -9.778799, 48.251079
SCALE 1.000000, 1.000000, 1.000000
X 0.716577, 0.696603, -0.035511
Y -0.661524, 0.694870, 0.282032
Z 0.221140, -0.178606, 0.958748

PART 65
OFFSET 14.324897, -9.692376, 48.900796
SCALE 1.000000, 1.000000, 1.000000
X 0.604343, 0.795856, 0.037192
Y -0.796723, 0.603779, 0.026165
Z -0.001632, -0.045444, 0.998966

PART 66
OFFSET -0.106364, -0.000001, 59.999999
SCALE 1.000000, 1.000000, 1.000000
X 1.000000, 0.000000, 0.000000
Y 0.000000, 1.000000, 0.000000
Z 0.000000, 0.000000, 1.000000

PART 67
OFFSET -0.106364, -0.000001, 59.999999
SCALE 1.000000, 1.000000, 1.000000
X 1.000000, 0.000000, 0.000000
Y 0.000000, 1.000000, 0.000000
Z 0.000000, 0.000000, 1.000000

PART 68
OFFSET -4.738254, -0.000001, 58.623226
SCALE 1.000000, 1.000000, 1.000000
X 1.000000, 0.000000, 0.000000
Y 0.000000, 1.000000, 0.000000
Z 0.000000, 0.000000, 1.000000

PART 69
OFFSET 1.434187, -0.000001, 64.135821
SCALE 1.000000, 1.000000, 1.000000
X 1.000000, 0.000000, 0.000000
Y 0.000000, 1.000000, 0.000000
Z 0.000000, 0.000000, 1.000000

PART 70
OFFSET 1.434187, -0.000001, 64.135821
SCALE 1.000000, 1.000000, 1.000000
X 1.000000, 0.000000, 0.000000
Y 0.000000, 1.000000, 0.000000
Z 0.000000, 0.000000, 1.000000

FRAME 2
PART 0
OFFSET -1.009764, -0.000001, 52.513799
SCALE 1.000000, 1.000000, 1.000000
X 1.000000, 0.000000, 0.000000
Y 0.000000, 1.000000, 0.000000
Z 0.000000, 0.000000, 1.000000

PART 1
OFFSET 0.474311, 8.120603, 56.474218
SCALE 1.000000, 1.000000, 1.000000
X 0.785040, 0.419070, -0.456170
Y -0.573424, 0.770188, -0.279276
Z 0.234301, 0.480822, 0.844934

PART 2
OFFSET -0.557817, -7.278574, 55.951183
SCALE 1.000000, 1.000000, 1.000000
X -0.303269, 0.559558, 0.771312
Y 0.951749, 0.217725, 0.216262
Z -0.046923, 0.799681, -0.598588

PART 3
OFFSET -20.372002, -28.926948, 52.326750
SCALE 1.000000, 1.000000, 1.000000
X 0.979411, -0.192010, -0.062346
Y 0.188924, 0.980606, -0.052159
Z 0.071152, 0.039306, 0.996691

PART 4
OFFSET -20.374863, -28.926301, 52.322299
SCALE 1.000000, 1.000000, 1.000000
X 0.979396, -0.192095, -0.062319
Y 0.189016, 0.980592, -0.052077
Z 0.071113, 0.039225, 0.996697

PART 5
OFFSET 9.223213, 11.927867, 51.881079
SCALE 1.000000, 1.000000, 1.000000
X 0.754418, -0.638086, 0.153946
Y 0.613162, 0.601365, -0.512242
Z 0.234277, 0.480839, 0.844931

PART 6
OFFSET 3.392458, -12.943896, 48.073505
SCALE 1.000000, 1.000000, 1.000000
X -0.980414, -0.151525, -0.125809
Y -0.191304, 0.580894, 0.791179
Z -0.046801, 0.799751, -0.598504

PART 7
OFFSET 15.685324, -10.203469, 50.172551
SCALE 1.000000, 1.000000, 1.000000
X 0.951634, 0.088464, 0.294223
Y -0.111561, 0.991782, 0.062634
Z -0.286264, -0.092428, 0.953682

PART 8
OFFSET 9.223213, 11.927867, 51.881079
SCALE 1.000000, 1.000000, 1.000000
X 0.754418, -0.638086, 0.153946
Y 0.613162, 0.601365, -0.512242
Z 0.234277, 0.480839, 0.844931

PART 9
OFFSET 16.902361, 5.447654, 53.576057
SCALE 1.000000, 1.000000, 1.000000
X 0.532892, -0.842508, 0.078778
Y 0.755026, 0.515454, 0.405269
Z -0.382049, -0.156485, 0.910797

PART 10
OFFSET 14.771533, 7.235136, 53.012573
SCALE 1.000000, 1.000000, 1.000000
X 0.754418, -0.638086, 0.153946
Y 0.601556, 0.765952, 0.226822
Z -0.262647, -0.078512, 0.961692

PART 11
OFFSET 13.846814, 8.017257, 52.823993
SCALE 1.000000, 1.000000, 1.000000
X 0.754418, -0.638086, 0.153946
Y 0.631494, 0.769541, 0.094986
Z -0.179077, 0.025557, 0.983503

PART 12
OFFSET 12.922092, 8.799379, 52.635410
SCALE 1.000000, 1.000000, 1.000000
X 0.754418, -0.638086, 0.153946
Y 0.649885, 0.759051, -0.038620
Z -0.092210, 0.129182, 0.987324

PART 13
OFFSET 11.997371, 9.581503, 52.446829
SCALE 1.000000, 1.000000, 1.000000
X 0.754418, -0.638086, 0.153946
Y 0.656328, 0.736638, -0.163092
Z -0.009336, 0.224078, 0.974526

PART 14
OFFSET 11.072650, 10.363622, 52.258245
SCALE 1.000000, 1.000000, 1.000000
X 0.754418, -0.638086, 0.153946
Y 0.652281, 0.702567, -0.284479
Z 0.073365, 0.315032, 0.946241

PART 15
OFFSET 10.147931, 11.145744, 52.069664
SCALE 1.000000, 1.000000, 1.000000
X 0.754418, -0.638086, 0.153946
Y 0.637808, 0.657195, -0.401616
Z 0.155093, 0.401174, 0.902776

PART 16
OFFSET 15.696253, 6.453015, 53.201154
SCALE 1.000000, 1.000000, 1.000000
X 0.754418, -0.638086, 0.153946
Y 0.563605, 0.749922, 0.346360
Z -0.336455, -0.174536, 0.925384

PART 17
OFFSET 3.392458, -12.943896, 48.073505
SCALE 1.000000, 1.000000, 1.000000
X -0.980414, -0.151525, -0.125809
Y -0.191304, 0.580894, 0.791179
Z -0.046801, 0.799751, -0.598504

PART 18
OFFSET 13.702009, -11.471000, 49.504633
SCALE 1.000000, 1.000000, 1.000000
X -0.766203, -0.050079, -0.640644
Y -0.641690, 0.112603, 0.758653
Z 0.034145, 0.992377, -0.118412

PART 19
OFFSET 10.600491, -11.830436, 48.998397
SCALE 1.000000, 1.000000, 1.000000
X -0.980414, -0.151525, -0.125809
Y -0.167129, 0.302160, 0.938492
Z -0.104190, 0.941138, -0.321566

PART 20
OFFSET 9.399154, -12.016015, 48.844251
SCALE 1.000000, 1.000000, 1.000000
X -0.980414, -0.151525, -0.125809
Y -0.172636, 0.353749, 0.919271
Z -0.094787, 0.922985, -0.372979

PART 21
OFFSET 8.197813, -12.201589, 48.690101
SCALE 1.000000, 1.000000, 1.000000
X -0.980414, -0.151525, -0.125809
Y -0.177615, 0.404267, 0.897230
Z -0.085092, 0.902002, -0.423262

PART 22
OFFSET 6.996472, -12.387167, 48.535954
SCALE 1.000000, 1.000000, 1.000000
X -0.980414, -0.151525, -0.125809
Y -0.181783, 0.450437, 0.874106
Z -0.075780, 0.879856, -0.469160

PART 23
OFFSET 5.795134, -12.572741, 48.381805
SCALE 1.000000, 1.000000, 1.000000
X -0.980414, -0.151525, -0.125809
Y -0.185450, 0.495225, 0.848740
Z -0.066301, 0.855449, -0.513626

PART 24
OFFSET 4.593796, -12.758319, 48.227658
SCALE 1.000000, 1.000000, 1.000000
X -0.980414, -0.151525, -0.125809
Y -0.188631, 0.538798, 0.821045
Z -0.056623, 0.828696, -0.556827

PART 25
OFFSET 11.801829, -11.644859, 49.152544
SCALE 1.000000, 1.000000, 1.000000
X -0.980414, -0.151525, -0.125809
Y -0.161518, 0.253093, 0.953864
Z -0.112693, 0.955502, -0.272610

PART 26
OFFSET 15.685324, -10.203469, 50.172551
SCALE 1.000000, 1.000000, 1.000000
X 0.286264, 0.092428, -0.953682
Y -0.111561, 0.991782, 0.062634
Z 0.951634, 0.088464, 0.294223

PART 27
OFFSET 17.901216, 1.972157, 53.482758
SCALE 1.000000, 1.000000, 1.000000
X 0.532892, -0.842508, 0.078778
Y 0.755026, 0.515454, 0.405269
Z -0.382049, -0.156485, 0.910797

PART 28
OFFSET 18.842879, 2.493225, 53.852873
SCALE 1.000000, 1.000000, 1.000000
X 0.578287, -0.416520, -0.701495
Y -0.401770, 0.602959, -0.689218
Z 0.710046, 0.680406, 0.181338

PART 29
OFFSET 18.266311, 5.617419, 53.862911
SCALE 1.000000, 1.000000, 1.000000
X 0.760804, -0.591637, -0.266726
Y -0.027337, 0.381413, -0.924001
Z 0.648405, 0.710275, 0.274007

PART 30
OFFSET 18.040569, 4.889643, 54.050989
SCALE 1.000000, 1.000000, 1.000000
X 0.694050, -0.718343, -0.047727
Y 0.164070, 0.222374, -0.961057
Z 0.700982, 0.659191, 0.272197

PART 31
OFFSET 16.242096, 4.258465, 52.845016
SCALE 1.000000, 1.000000, 1.000000
X 0.508109, -0.717189, -0.476933
Y 0.836355, 0.278562, 0.472137
Z -0.205756, -0.638783, 0.741364

PART 32
OFFSET 15.654230, -11.253961, 52.540790
SCALE 1.000000, 1.000000, 1.000000
X -0.766203, -0.050079, -0.640644
Y -0.641690, 0.112603, 0.758653
Z 0.034145, 0.992377, -0.118412

PART 33
OFFSET 16.182689, -11.510588, 51.532118
SCALE 1.000000, 1.000000, 1.000000
X -0.437789, -0.891696, -0.114977
Y 0.865971, -0.452590, 0.212738
Z -0.241735, -0.006433, 0.970321

PART 34
OFFSET 14.869096, -11.218302, 48.993237
SCALE 1.000000, 1.000000, 1.000000
X 0.876085, 0.305732, 0.372832
Y 0.340043, 0.156424, -0.927309
Z -0.341828, 0.939180, 0.033079

PART 35
OFFSET 14.929352, -11.505784, 49.726672
SCALE 1.000000, 1.000000, 1.000000
X 0.869984, 0.158874, 0.466783
Y 0.452576, 0.118454, -0.883823
Z -0.195708, 0.980167, 0.031150

PART 36
OFFSET 13.398044, -11.120526, 50.354115
SCALE 1.000000, 1.000000, 1.000000
X -0.365275, -0.541737, -0.757030
Y -0.886104, 0.451575, 0.104404
Z 0.285297, 0.708944, -0.644984

PART 37
OFFSET 11.240414, -11.819676, 65.021520
SCALE 1.000000, 1.000000, 1.000000
X -0.286264, -0.092428, 0.953682
Y -0.111561, 0.991782, 0.062634
Z -0.951634, -0.088464, -0.294223

PART 38
OFFSET 18.095469, 1.953914, 53.577431
SCALE 1.000000, 1.000000, 1.000000
X 0.669383, -0.630173, -0.393457
Y 0.048832, 0.565787, -0.823104
Z 0.741311, 0.531759, 0.409501

PART 39
OFFSET 17.901216, 1.972157, 53.482758
SCALE 1.000000, 1.000000, 1.000000
X 0.532892, -0.842508, 0.078778
Y 0.755026, 0.515454, 0.405269
Z -0.382049, -0.156485, 0.910797

PART 40
OFFSET 20.024398, 1.642202, 52.419566
SCALE 1.000000, 1.000000, 1.000000
X -0.077787, 0.331776, -0.940146
Y -0.699855, 0.653430, 0.288500
Z 0.710037, 0.680407, 0.181367

PART 41
OFFSET 20.161659, 4.134923, 53.351892
SCALE 1.000000, 1.000000, 1.000000
X 0.432964, -0.670472, -0.602502
Y -0.349505, 0.491247, -0.797824
Z 0.830896, 0.556007, -0.021641

PART 42
OFFSET 19.574943, 3.205492, 53.834753
SCALE 1.000000, 1.000000, 1.000000
X 0.432565, -0.451479, -0.780419
Y -0.542478, 0.561050, -0.625252
Z 0.720143, 0.693822, -0.002226

PART 43
OFFSET 17.204106, 2.866147, 51.776348
SCALE 1.000000, 1.000000, 1.000000
X 0.406419, -0.792598, -0.454547
Y 0.735176, -0.011722, 0.677775
Z -0.542532, -0.609632, 0.577934

PART 44
OFFSET 15.586541, -11.461197, 52.293799
SCALE 1.000000, 1.000000, 1.000000
X -0.705854, -0.609726, -0.360561
Y 0.477966, -0.785633, 0.392848
Z -0.522799, 0.104958, 0.845970

PART 45
OFFSET 15.654230, -11.253961, 52.540790
SCALE 1.000000, 1.000000, 1.000000
X -0.766203, -0.050079, -0.640644
Y -0.641690, 0.112603, 0.758653
Z 0.034145, 0.992377, -0.118412

PART 46
OFFSET 17.077274, -9.688627, 51.767044
SCALE 1.000000, 1.000000, 1.000000
X 0.917980, -0.325586, 0.226510
Y 0.314474, 0.945491, 0.084577
Z -0.241700, -0.006408, 0.970330

PART 47
OFFSET 16.735919, -10.685739, 49.601002
SCALE 1.000000, 1.000000, 1.000000
X 0.413174, -0.888064, -0.201567
Y 0.908175, 0.418145, 0.019321
Z 0.067126, -0.191041, 0.979284

PART 48
OFFSET 16.635292, -11.140200, 50.653254
SCALE 1.000000, 1.000000, 1.000000
X 0.093658, -0.994698, -0.042481
Y 0.983132, 0.085668, 0.161593
Z -0.157097, -0.056899, 0.985943

PART 49
OFFSET 14.100711, -9.844644, 52.019495
SCALE 1.000000, 1.000000, 1.000000
X -0.605292, -0.417359, -0.677815
Y -0.702624, 0.680314, 0.208549
Z 0.374088, 0.602482, -0.705035

PART 50
OFFSET 19.288189, 0.831075, 52.876323
SCALE 1.000000, 1.000000, 1.000000
X 0.363482, 0.194779, -0.911011
Y -0.564239, 0.824161, -0.048914
Z 0.741293, 0.531808, 0.409470

PART 51
OFFSET 19.933194, 2.031180, 51.317369
SCALE 1.000000, 1.000000, 1.000000
X -0.592696, 0.716545, -0.367797
Y -0.380210, 0.153654, 0.912048
Z 0.710037, 0.680407, 0.181367

PART 52
OFFSET 20.727160, 3.259209, 52.564915
SCALE 1.000000, 1.000000, 1.000000
X -0.205854, 0.271030, -0.940302
Y -0.516949, 0.785748, 0.339653
Z 0.830896, 0.556007, -0.021641

PART 53
OFFSET 20.283929, 2.465540, 52.555677
SCALE 1.000000, 1.000000, 1.000000
X -0.262032, 0.268976, -0.926818
Y -0.642467, 0.668006, 0.375505
Z 0.720122, 0.693844, -0.002231

PART 54
OFFSET 17.752564, 1.900323, 51.234452
SCALE 1.000000, 1.000000, 1.000000
X 0.603439, -0.724268, -0.333613
Y 0.514302, 0.033776, 0.856944
Z -0.609389, -0.688691, 0.392874

PART 55
OFFSET 16.844323, -10.374846, 52.936263
SCALE 1.000000, 1.000000, 1.000000
X 0.415163, -0.835377, 0.360257
Y 0.744492, 0.539562, 0.393197
Z -0.522849, 0.104968, 0.845938

PART 56
OFFSET 16.001046, -9.306908, 51.501508
SCALE 1.000000, 1.000000, 1.000000
X 0.814785, 0.541747, 0.206481
Y -0.527000, 0.840517, -0.125706
Z -0.241652, -0.006393, 0.970342

PART 57
OFFSET 16.196284, -9.525772, 49.864213
SCALE 1.000000, 1.000000, 1.000000
X 0.991871, 0.119122, -0.044744
Y -0.108106, 0.974325, 0.197492
Z 0.067121, -0.191049, 0.979283

PART 58
OFFSET 16.481779, -9.510001, 50.722925
SCALE 1.000000, 1.000000, 1.000000
X 0.986746, 0.032115, 0.159064
Y -0.040715, 0.997863, 0.051099
Z -0.157083, -0.056898, 0.985945

PART 59
OFFSET 14.647788, -9.445551, 52.640431
SCALE 1.000000, 1.000000, 1.000000
X -0.805332, -0.190733, -0.561303
Y -0.489005, 0.748988, 0.447093
Z 0.335134, 0.634538, -0.696453

PART 60
OFFSET 19.633134, 1.015949, 52.011689
SCALE 1.000000, 1.000000, 1.000000
X 0.264518, 0.329214, -0.906448
Y -0.616860, 0.780256, 0.103371
Z 0.741293, 0.531808, 0.409470

PART 61
OFFSET 20.571108, 3.464729, 51.851993
SCALE 1.000000, 1.000000, 1.000000
X -0.520489, 0.762892, -0.383519
Y -0.196730, 0.329929, 0.923279
Z 0.830896, 0.556007, -0.021641

PART 62
OFFSET 20.002623, 2.754355, 51.560715
SCALE 1.000000, 1.000000, 1.000000
X -0.652731, 0.676273, -0.341464
Y -0.235396, 0.247369, 0.939892
Z 0.720091, 0.693876, -0.002273

PART 63
OFFSET 16.450242, -9.582063, 52.594369
SCALE 1.000000, 1.000000, 1.000000
X 0.818342, -0.216005, 0.532596
Y 0.238632, 0.970734, 0.027038
Z -0.522849, 0.104968, 0.845938

PART 64
OFFSET 15.444166, -9.616063, 49.898189
SCALE 1.000000, 1.000000, 1.000000
X 0.719062, 0.689701, 0.085216
Y -0.691692, 0.698444, 0.183678
Z 0.067164, -0.191019, 0.979286

PART 65
OFFSET 15.422367, -9.544492, 50.552155
SCALE 1.000000, 1.000000, 1.000000
X 0.598722, 0.788463, 0.140918
Y -0.785408, 0.612439, -0.089734
Z -0.157056, -0.056953, 0.985946

PART 66
OFFSET -0.106364, -0.000001, 59.999999
SCALE 1.000000, 1.000000, 1.000000
X 1.000000, 0.000000, 0.000000
Y 0.000000, 1.000000, 0.000000
Z 0.000000, 0.000000, 1.000000

PART 67
OFFSET -0.106364, -0.000001, 59.999999
SCALE 1.000000, 1.000000, 1.000000
X 1.000000, 0.000000, 0.000000
Y 0.000000, 1.000000, 0.000000
Z 0.000000, 0.000000, 1.000000

PART 68
OFFSET -4.738254, -0.000001, 58.623226
SCALE 1.000000, 1.000000, 1.000000
X 1.000000, 0.000000, 0.000000
Y 0.000000, 1.000000, 0.000000
Z 0.000000, 0.000000, 1.000000

PART 69
OFFSET 1.434187, -0.000001, 64.135821
