// Export filename: 'C:\Program Files (x86)\Steam\steamapps\common\Call of Duty Black Ops III\xanim_export\tbd\s2\melee_shovel\vm_melee_shovel_s2_idle.xanim_export'
// Source filename: 'C:\Users\Ash\Documents\WW2 rig\Collie Conversion Rig WW2.ma'
// Export time: Sun Nov 19 2017, 16:15:39

ANIMATION
VERSION 3

NUMPARTS 71
PART 0 "tag_torso"
PART 1 "j_shoulder_le"
PART 2 "j_shoulder_ri"
PART 3 "tag_weapon_left"
PART 4 "tag_weapon_right"
PART 5 "j_elbow_le"
PART 6 "j_elbow_ri"
PART 7 "tag_weapon"
PART 8 "j_elbow_bulge_le"
PART 9 "j_wrist_le"
PART 10 "j_wristtwist1_le"
PART 11 "j_wristtwist2_le"
PART 12 "j_wristtwist3_le"
PART 13 "j_wristtwist4_le"
PART 14 "j_wristtwist5_le"
PART 15 "j_wristtwist6_le"
PART 16 "j_wristtwist_le"
PART 17 "j_elbow_bulge_ri"
PART 18 "j_wrist_ri"
PART 19 "j_wristtwist1_ri"
PART 20 "j_wristtwist2_ri"
PART 21 "j_wristtwist3_ri"
PART 22 "j_wristtwist4_ri"
PART 23 "j_wristtwist5_ri"
PART 24 "j_wristtwist6_ri"
PART 25 "j_wristtwist_ri"
PART 26 "tag_knife"
PART 27 "j_indexbase_le"
PART 28 "j_mid_le_1"
PART 29 "j_pinkybase_le"
PART 30 "j_ringbase_le"
PART 31 "j_thumb_le_1"
PART 32 "j_indexbase_ri"
PART 33 "j_mid_ri_1"
PART 34 "j_pinkybase_ri"
PART 35 "j_ringbase_ri"
PART 36 "j_thumb_ri_1"
PART 37 "tag_fx"
PART 38 "j_index_le_1"
PART 39 "j_indexretract_le"
PART 40 "j_mid_le_2"
PART 41 "j_pinky_le_1"
PART 42 "j_ring_le_1"
PART 43 "j_thumb_le_2"
PART 44 "j_index_ri_1"
PART 45 "j_indexretract_ri"
PART 46 "j_mid_ri_2"
PART 47 "j_pinky_ri_1"
PART 48 "j_ring_ri_1"
PART 49 "j_thumb_ri_2"
PART 50 "j_index_le_2"
PART 51 "j_mid_le_3"
PART 52 "j_pinky_le_2"
PART 53 "j_ring_le_2"
PART 54 "j_thumb_le_3"
PART 55 "j_index_ri_2"
PART 56 "j_mid_ri_3"
PART 57 "j_pinky_ri_2"
PART 58 "j_ring_ri_2"
PART 59 "j_thumb_ri_3"
PART 60 "j_index_le_3"
PART 61 "j_pinky_le_3"
PART 62 "j_ring_le_3"
PART 63 "j_index_ri_3"
PART 64 "j_pinky_ri_3"
PART 65 "j_ring_ri_3"
PART 66 "tag_cambone"
PART 67 "tag_camera"
PART 68 "tag_fill_light"
PART 69 "tag_flashlight"
PART 70 "tag_gasmask"

FRAMERATE 30
NUMFRAMES 170

FRAME 0
PART 0
OFFSET -1.009664, -0.000001, 52.513799
SCALE 1.000000, 1.000000, 1.000000
X 1.000000, 0.000000, 0.000000
Y 0.000000, 1.000000, 0.000000
Z 0.000000, 0.000000, 1.000000

PART 1
OFFSET 0.363307, 8.175427, 56.359592
SCALE 1.000000, 1.000000, 1.000000
X 0.691022, 0.465358, -0.553110
Y -0.687002, 0.660756, -0.302374
Z 0.224758, 0.588935, 0.776299

PART 2
OFFSET -3.081700, -10.121057, 53.660184
SCALE 1.000000, 1.000000, 1.000000
X -0.794308, 0.482909, 0.368609
Y 0.591541, 0.753011, 0.288191
Z -0.138397, 0.446960, -0.883783

PART 3
OFFSET -20.372606, -28.923372, 52.332880
SCALE 1.000000, 1.000000, 1.000000
X 0.979402, -0.192045, -0.062375
Y 0.188964, 0.980602, -0.052079
Z 0.071166, 0.039220, 0.996693

PART 4
OFFSET -20.374763, -28.926301, 52.322299
SCALE 1.000000, 1.000000, 1.000000
X 0.979396, -0.192095, -0.062319
Y 0.189016, 0.980592, -0.052077
Z 0.071113, 0.039225, 0.996697

PART 5
OFFSET 8.205406, 12.552809, 50.767767
SCALE 1.000000, 1.000000, 1.000000
X 0.834103, -0.528144, 0.159169
Y 0.503750, 0.611769, -0.609897
Z 0.224739, 0.588899, 0.776332

PART 6
OFFSET 5.906391, -14.810069, 49.881775
SCALE 1.000000, 1.000000, 1.000000
X -0.927220, -0.372041, -0.042984
Y -0.348014, 0.813505, 0.465935
Z -0.138379, 0.446984, -0.883774

PART 7
OFFSET 17.622769, -9.980811, 51.240706
SCALE 1.000000, 1.000000, 1.000000
X 0.991440, 0.112783, 0.065780
Y -0.117693, 0.990116, 0.076274
Z -0.056527, -0.083363, 0.994915

PART 8
OFFSET 8.205406, 12.552809, 50.767767
SCALE 1.000000, 1.000000, 1.000000
X 0.834103, -0.528144, 0.159169
Y 0.503750, 0.611769, -0.609897
Z 0.224739, 0.588899, 0.776332

PART 9
OFFSET 16.692156, 7.256269, 52.474657
SCALE 1.000000, 1.000000, 1.000000
X 0.689860, -0.539018, 0.483272
Y 0.639906, 0.766195, -0.058875
Z -0.338546, 0.349865, 0.873488

PART 10
OFFSET 14.339720, 8.668565, 51.937677
SCALE 1.000000, 1.000000, 1.000000
X 0.834103, -0.528144, 0.159169
Y 0.549186, 0.822128, -0.150003
Z -0.051634, 0.212531, 0.975789

PART 11
OFFSET 13.317336, 9.315938, 51.742694
SCALE 1.000000, 1.000000, 1.000000
X 0.834103, -0.528144, 0.159169
Y 0.551603, 0.799850, -0.236587
Z -0.002359, 0.285136, 0.958484

PART 12
OFFSET 12.294949, 9.963312, 51.547708
SCALE 1.000000, 1.000000, 1.000000
X 0.834103, -0.528144, 0.159169
Y 0.549607, 0.771168, -0.321298
Z 0.046946, 0.355477, 0.933505

PART 13
OFFSET 11.272561, 10.610688, 51.352724
SCALE 1.000000, 1.000000, 1.000000
X 0.834103, -0.528144, 0.159169
Y 0.543752, 0.738721, -0.398278
Z 0.092767, 0.418753, 0.903349

PART 14
OFFSET 10.250175, 11.258060, 51.157738
SCALE 1.000000, 1.000000, 1.000000
X 0.834103, -0.528144, 0.159169
Y 0.534128, 0.701251, -0.472180
Z 0.137762, 0.478864, 0.867013

PART 15
OFFSET 9.227791, 11.905434, 50.962755
SCALE 1.000000, 1.000000, 1.000000
X 0.834103, -0.528144, 0.159169
Y 0.520752, 0.658793, -0.542964
Z 0.181904, 0.535776, 0.824533

PART 16
OFFSET 15.362106, 8.021191, 52.132660
SCALE 1.000000, 1.000000, 1.000000
X 0.834103, -0.528144, 0.159169
Y 0.542953, 0.837008, -0.067963
Z -0.097332, 0.143110, 0.984909

PART 17
OFFSET 5.906391, -14.810069, 49.881775
SCALE 1.000000, 1.000000, 1.000000
X -0.927220, -0.372041, -0.042984
Y -0.348014, 0.813505, 0.465935
Z -0.138379, 0.446984, -0.883774

PART 18
OFFSET 15.693184, -11.080270, 50.418442
SCALE 1.000000, 1.000000, 1.000000
X -0.855710, -0.066554, -0.513157
Y -0.517451, 0.106177, 0.849100
Z -0.002025, 0.992117, -0.125295

PART 19
OFFSET 12.723441, -12.075327, 50.197980
SCALE 1.000000, 1.000000, 1.000000
X -0.927220, -0.372041, -0.042984
Y -0.166710, 0.307234, 0.936918
Z -0.335366, 0.875895, -0.346896

PART 20
OFFSET 11.587268, -12.531117, 50.145282
SCALE 1.000000, 1.000000, 1.000000
X -0.927220, -0.372041, -0.042984
Y -0.207967, 0.416027, 0.885252
Z -0.311468, 0.829763, -0.463121

PART 21
OFFSET 10.451090, -12.986906, 50.092579
SCALE 1.000000, 1.000000, 1.000000
X -0.927220, -0.372041, -0.042984
Y -0.245862, 0.518101, 0.819221
Z -0.282514, 0.770167, -0.571864

PART 22
OFFSET 9.314913, -13.442698, 50.039880
SCALE 1.000000, 1.000000, 1.000000
X -0.927220, -0.372041, -0.042984
Y -0.277734, 0.606067, 0.745350
Z -0.251250, 0.703042, -0.665286

PART 23
OFFSET 8.178739, -13.898486, 49.987178
SCALE 1.000000, 1.000000, 1.000000
X -0.927220, -0.372041, -0.042984
Y -0.305557, 0.685129, 0.661236
Z -0.216558, 0.626246, -0.748945

PART 24
OFFSET 7.042565, -14.354277, 49.934479
SCALE 1.000000, 1.000000, 1.000000
X -0.927220, -0.372041, -0.042984
Y -0.329124, 0.754685, 0.567563
Z -0.178717, 0.540403, -0.822207

PART 25
OFFSET 13.859615, -11.619537, 50.250679
SCALE 1.000000, 1.000000, 1.000000
X -0.927220, -0.372041, -0.042984
Y -0.125684, 0.200992, 0.971497
Z -0.352797, 0.906194, -0.233124

PART 26
OFFSET 17.622769, -9.980811, 51.240706
SCALE 1.000000, 1.000000, 1.000000
X 0.056527, 0.083363, -0.994915
Y -0.117693, 0.990116, 0.076274
Z 0.991440, 0.112783, 0.065780

PART 27
OFFSET 18.360161, 4.598298, 54.274225
SCALE 1.000000, 1.000000, 1.000000
X 0.689860, -0.539018, 0.483272
Y 0.639906, 0.766195, -0.058875
Z -0.338546, 0.349865, 0.873488

PART 28
OFFSET 19.135485, 5.476599, 54.332065
SCALE 1.000000, 1.000000, 1.000000
X 0.699919, -0.684475, -0.203980
Y -0.371565, -0.105052, -0.922444
Z 0.609961, 0.721428, -0.327855

PART 29
OFFSET 17.998715, 7.774051, 52.446952
SCALE 1.000000, 1.000000, 1.000000
X 0.864040, -0.501316, 0.046011
Y -0.094722, -0.251658, -0.963170
Z 0.494431, 0.827859, -0.264928

PART 30
OFFSET 17.924281, 7.265770, 53.037331
SCALE 1.000000, 1.000000, 1.000000
X 0.822866, -0.495877, 0.277486
Y 0.100184, -0.354076, -0.929835
Z 0.559335, 0.792929, -0.241678

PART 31
OFFSET 16.266488, 5.785372, 52.740138
SCALE 1.000000, 1.000000, 1.000000
X 0.611682, -0.759468, 0.221480
Y 0.778538, 0.627595, 0.001904
Z -0.140446, 0.171266, 0.975163

PART 32
OFFSET 18.090735, -10.813254, 53.112319
SCALE 1.000000, 1.000000, 1.000000
X -0.855710, -0.066554, -0.513157
Y -0.517451, 0.106177, 0.849100
Z -0.002025, 0.992117, -0.125295

PART 33
OFFSET 18.462625, -11.062273, 52.034667
SCALE 1.000000, 1.000000, 1.000000
X -0.149912, -0.988699, 0.000935
Y 0.985216, -0.149304, 0.084013
Z -0.082924, 0.013516, 0.996464

PART 34
OFFSET 16.761721, -10.810941, 49.730487
SCALE 1.000000, 1.000000, 1.000000
X 0.918009, 0.322544, 0.230707
Y 0.188553, 0.156783, -0.969467
Z -0.348867, 0.933480, 0.083112

PART 35
OFFSET 16.940601, -11.093147, 50.446430
SCALE 1.000000, 1.000000, 1.000000
X 0.929200, 0.176190, 0.324876
Y 0.307087, 0.121020, -0.943955
Z -0.205632, 0.976889, 0.058346

PART 36
OFFSET 15.534629, -10.712879, 51.316505
SCALE 1.000000, 1.000000, 1.000000
X -0.548320, -0.481081, -0.684036
Y -0.809830, 0.509510, 0.290819
Z 0.208616, 0.713415, -0.668968

PART 37
OFFSET 16.758767, -11.455561, 66.730698
SCALE 1.000000, 1.000000, 1.000000
X -0.056527, -0.083363, 0.994915
Y -0.117693, 0.990116, 0.076274
Z -0.991440, -0.112783, -0.065780

PART 38
OFFSET 18.523510, 4.737861, 54.454913
SCALE 1.000000, 1.000000, 1.000000
X 0.728195, -0.681909, 0.068797
Y -0.003649, -0.104236, -0.994546
Z 0.685361, 0.723972, -0.078392

PART 39
OFFSET 18.360161, 4.598298, 54.274225
SCALE 1.000000, 1.000000, 1.000000
X 0.689860, -0.539018, 0.483272
Y 0.639906, 0.766195, -0.058875
Z -0.338546, 0.349865, 0.873488

PART 40
OFFSET 20.565555, 4.078070, 53.915284
SCALE 1.000000, 1.000000, 1.000000
X 0.253762, -0.569773, -0.781642
Y -0.750701, 0.393574, -0.530610
Z 0.609961, 0.721428, -0.327855

PART 41
OFFSET 20.152923, 6.612638, 52.689112
SCALE 1.000000, 1.000000, 1.000000
X 0.781192, -0.620778, 0.066130
Y -0.363354, -0.538254, -0.760432
Z 0.507654, 0.570015, -0.646042

PART 42
OFFSET 19.756642, 6.031207, 53.616776
SCALE 1.000000, 1.000000, 1.000000
X 0.754945, -0.639579, -0.144901
Y -0.360807, -0.220587, -0.906179
Z 0.547610, 0.736397, -0.397296

PART 43
OFFSET 17.452198, 4.185493, 53.021604
SCALE 1.000000, 1.000000, 1.000000
X 0.504329, -0.758637, 0.412458
Y 0.827434, 0.561189, 0.020463
Z -0.246991, 0.330962, 0.910747

PART 44
OFFSET 17.993943, -11.019143, 52.881332
SCALE 1.000000, 1.000000, 1.000000
X -0.499641, -0.858439, -0.115934
Y 0.771164, -0.501763, 0.391842
Z -0.394544, 0.106376, 0.912699

PART 45
OFFSET 18.090735, -10.813254, 53.112319
SCALE 1.000000, 1.000000, 1.000000
X -0.855710, -0.066554, -0.513157
Y -0.517451, 0.106177, 0.849100
Z -0.002025, 0.992117, -0.125295

PART 46
OFFSET 18.768969, -9.042118, 52.032741
SCALE 1.000000, 1.000000, 1.000000
X 0.996465, -0.011870, 0.083171
Y 0.012953, 0.999838, -0.012490
Z -0.083010, 0.013523, 0.996457

PART 47
OFFSET 18.691002, -10.244075, 50.038109
SCALE 1.000000, 1.000000, 1.000000
X 0.398860, -0.875288, -0.273463
Y 0.888511, 0.442649, -0.120871
Z 0.226845, -0.194764, 0.954258

PART 48
OFFSET 18.763522, -10.694236, 51.094417
SCALE 1.000000, 1.000000, 1.000000
X 0.113840, -0.991343, -0.065423
Y 0.993498, 0.113694, 0.005965
Z 0.001525, -0.065677, 0.997840

PART 49
OFFSET 16.638580, -9.557423, 52.821296
SCALE 1.000000, 1.000000, 1.000000
X -0.806887, -0.298179, -0.509924
Y -0.549460, 0.695773, 0.462594
Z 0.216856, 0.653444, -0.725248

PART 50
OFFSET 19.821002, 3.522830, 54.577495
SCALE 1.000000, 1.000000, 1.000000
X 0.570684, -0.600784, -0.559802
Y -0.452391, 0.338915, -0.824911
Z 0.685319, 0.724013, -0.078376

PART 51
OFFSET 20.863056, 3.410082, 52.998909
SCALE 1.000000, 1.000000, 1.000000
X -0.181928, -0.275194, -0.944018
Y -0.771265, 0.635460, -0.036610
Z 0.609961, 0.721428, -0.327855

PART 52
OFFSET 21.173278, 5.801827, 52.775495
SCALE 1.000000, 1.000000, 1.000000
X 0.428596, -0.817566, -0.384566
Y -0.747390, -0.081665, -0.659347
Z 0.507654, 0.570015, -0.646042

PART 53
OFFSET 20.993989, 4.982949, 53.379272
SCALE 1.000000, 1.000000, 1.000000
X 0.345152, -0.631287, -0.694512
Y -0.762255, 0.243179, -0.599859
Z 0.547574, 0.736438, -0.397268

PART 54
OFFSET 18.121431, 3.265949, 53.513072
SCALE 1.000000, 1.000000, 1.000000
X 0.685675, -0.645645, 0.336143
Y 0.649703, 0.751077, 0.117342
Z -0.328230, 0.137935, 0.934473

PART 55
OFFSET 18.884269, -9.489578, 53.087880
SCALE 1.000000, 1.000000, 1.000000
X 0.825558, -0.395102, 0.402924
Y 0.403471, 0.912457, 0.068066
Z -0.394544, 0.106376, 0.912699

PART 56
OFFSET 17.600711, -9.028244, 51.935254
SCALE 1.000000, 1.000000, 1.000000
X 0.626373, 0.778413, 0.041589
Y -0.775088, 0.627606, -0.073141
Z -0.083035, 0.013578, 0.996454

PART 57
OFFSET 18.170050, -9.100780, 50.395268
SCALE 1.000000, 1.000000, 1.000000
X 0.968727, 0.146348, -0.200378
Y -0.100616, 0.969860, 0.221918
Z 0.226816, -0.194817, 0.954254

PART 58
OFFSET 18.576946, -9.069496, 51.201649
SCALE 1.000000, 1.000000, 1.000000
X 0.998178, 0.060287, 0.002356
Y -0.060311, 0.996019, 0.065647
Z 0.001611, -0.065670, 0.997840

PART 59
OFFSET 17.318292, -9.242214, 53.320442
SCALE 1.000000, 1.000000, 1.000000
X -0.991296, 0.104444, -0.080146
Y 0.022112, 0.732219, 0.680710
Z 0.129780, 0.673013, -0.728155

PART 60
OFFSET 20.362626, 2.952665, 54.046224
SCALE 1.000000, 1.000000, 1.000000
X 0.505667, -0.550546, -0.664229
Y -0.524060, 0.415576, -0.743409
Z 0.685319, 0.724013, -0.078376

PART 61
OFFSET 21.498245, 5.181954, 52.483934
SCALE 1.000000, 1.000000, 1.000000
X 0.092877, -0.781688, -0.616715
Y -0.856540, 0.253076, -0.449769
Z 0.507654, 0.570015, -0.646042

PART 62
OFFSET 21.364521, 4.305229, 52.633671
SCALE 1.000000, 1.000000, 1.000000
X -0.119669, -0.400969, -0.908242
Y -0.828156, 0.544870, -0.131432
Z 0.547574, 0.736438, -0.397268

PART 63
OFFSET 18.100753, -9.114672, 52.705516
SCALE 1.000000, 1.000000, 1.000000
X 0.884103, 0.314616, 0.345513
Y -0.250396, 0.943240, -0.218177
Z -0.394544, 0.106376, 0.912699

PART 64
OFFSET 17.435480, -9.211714, 50.547261
SCALE 1.000000, 1.000000, 1.000000
X 0.705329, 0.708506, -0.023024
Y -0.671622, 0.678297, 0.298055
Z 0.226791, -0.194764, 0.954271

PART 65
OFFSET 17.505297, -9.134241, 51.199115
SCALE 1.000000, 1.000000, 1.000000
X 0.590907, 0.805059, 0.052054
Y -0.806738, 0.589543, 0.040157
Z 0.001641, -0.065723, 0.997837

PART 66
OFFSET -0.106364, -0.000001, 59.999999
SCALE 1.000000, 1.000000, 1.000000
X 1.000000, 0.000000, 0.000000
Y 0.000000, 1.000000, 0.000000
Z 0.000000, 0.000000, 1.000000

PART 67
OFFSET -0.106364, -0.000001, 59.999999
SCALE 1.000000, 1.000000, 1.000000
X 1.000000, 0.000000, 0.000000
Y 0.000000, 1.000000, 0.000000
Z 0.000000, 0.000000, 1.000000

PART 68
OFFSET -4.738254, -0.000001, 58.623226
SCALE 1.000000, 1.000000, 1.000000
X 1.000000, 0.000000, 0.000000
Y 0.000000, 1.000000, 0.000000
Z 0.000000, 0.000000, 1.000000

PART 69
OFFSET 1.434187, -0.000001, 64.135821
SCALE 1.000000, 1.000000, 1.000000
X 1.000000, 0.000000, 0.000000
Y 0.000000, 1.000000, 0.000000
Z 0.000000, 0.000000, 1.000000

PART 70
OFFSET 1.434187, -0.000001, 64.135821
SCALE 1.000000, 1.000000, 1.000000
X 1.000000, 0.000000, 0.000000
Y 0.000000, 1.000000, 0.000000
Z 0.000000, 0.000000, 1.000000

FRAME 1
PART 0
OFFSET -1.009664, -0.000001, 52.513799
SCALE 1.000000, 1.000000, 1.000000
X 1.000000, 0.000000, 0.000000
Y 0.000000, 1.000000, 0.000000
Z 0.000000, 0.000000, 1.000000

PART 1
OFFSET 0.362936, 8.175800, 56.359442
SCALE 1.000000, 1.000000, 1.000000
X 0.690708, 0.465674, -0.553236
Y -0.687353, 0.660458, -0.302227
Z 0.224650, 0.589019, 0.776266

PART 2
OFFSET -3.081795, -10.121174, 53.660132
SCALE 1.000000, 1.000000, 1.000000
X -0.794228, 0.483008, 0.368653
Y 0.591615, 0.753052, 0.287933
Z -0.138541, 0.446785, -0.883849

PART 3
OFFSET -20.366386, -28.931277, 52.332360
SCALE 1.000000, 1.000000, 1.000000
X 0.979406, -0.192026, -0.062364
Y 0.188944, 0.980606, -0.052082
Z 0.071155, 0.039226, 0.996694

PART 4
OFFSET -20.374763, -28.926301, 52.322299
SCALE 1.000000, 1.000000, 1.000000
X 0.979396, -0.192095, -0.062319
Y 0.189016, 0.980592, -0.052077
Z 0.071113, 0.039225, 0.996697

PART 5
OFFSET 8.201902, 12.556629, 50.766291
SCALE 1.000000, 1.000000, 1.000000
X 0.834244, -0.527928, 0.159148
Y 0.503565, 0.611871, -0.609948
Z 0.224630, 0.588987, 0.776296

PART 6
OFFSET 5.905412, -14.811063, 49.881157
SCALE 1.000000, 1.000000, 1.000000
X -0.927157, -0.372214, -0.042851
Y -0.348124, 0.813524, 0.465820
Z -0.138524, 0.446806, -0.883841

PART 7
OFFSET 17.620571, -9.979119, 51.239492
SCALE 1.000000, 1.000000, 1.000000
X 0.991420, 0.112893, 0.065892
Y -0.117803, 0.990115, 0.076117
Z -0.056648, -0.083227, 0.994919

PART 8
OFFSET 8.201902, 12.556629, 50.766291
SCALE 1.000000, 1.000000, 1.000000
X 0.834244, -0.527928, 0.159148
Y 0.503565, 0.611871, -0.609948
Z 0.224630, 0.588987, 0.776296

PART 9
OFFSET 16.689886, 7.262411, 52.472754
SCALE 1.000000, 1.000000, 1.000000
X 0.689359, -0.537785, 0.485357
Y 0.639518, 0.766508, -0.059012
Z -0.340294, 0.351075, 0.872322

PART 10
OFFSET 14.337253, 8.673975, 51.936048
SCALE 1.000000, 1.000000, 1.000000
X 0.834244, -0.527928, 0.159148
Y 0.548958, 0.822316, -0.149805
Z -0.051784, 0.212340, 0.975823

PART 11
OFFSET 13.314695, 9.321083, 51.741091
SCALE 1.000000, 1.000000, 1.000000
X 0.834244, -0.527928, 0.159148
Y 0.551389, 0.800042, -0.236438
Z -0.002503, 0.284999, 0.958524

PART 12
OFFSET 12.292135, 9.968192, 51.546130
SCALE 1.000000, 1.000000, 1.000000
X 0.834244, -0.527928, 0.159148
Y 0.549404, 0.771354, -0.321196
Z 0.046809, 0.355393, 0.933544

PART 13
OFFSET 11.269575, 10.615303, 51.351172
SCALE 1.000000, 1.000000, 1.000000
X 0.834244, -0.527928, 0.159148
Y 0.543557, 0.738896, -0.398219
Z 0.092637, 0.418718, 0.903379

PART 14
OFFSET 10.247017, 11.262409, 51.156211
SCALE 1.000000, 1.000000, 1.000000
X 0.834244, -0.527928, 0.159148
Y 0.533940, 0.701407, -0.472161
Z 0.137639, 0.478873, 0.867027

PART 15
OFFSET 9.224459, 11.909519, 50.961253
SCALE 1.000000, 1.000000, 1.000000
X 0.834244, -0.527928, 0.159148
Y 0.520566, 0.658925, -0.542982
Z 0.181789, 0.535827, 0.824526

PART 16
OFFSET 15.359810, 8.026866, 52.131005
SCALE 1.000000, 1.000000, 1.000000
X 0.834244, -0.527928, 0.159148
Y 0.542709, 0.837186, -0.067721
Z -0.097485, 0.142867, 0.984929

PART 17
OFFSET 5.905412, -14.811063, 49.881157
SCALE 1.000000, 1.000000, 1.000000
X -0.927157, -0.372214, -0.042851
Y -0.348124, 0.813524, 0.465820
Z -0.138524, 0.446806, -0.883841

PART 18
OFFSET 15.691541, -11.079519, 50.416515
SCALE 1.000000, 1.000000, 1.000000
X -0.855649, -0.066539, -0.513261
Y -0.517553, 0.106311, 0.849021
Z -0.001928, 0.992104, -0.125402

PART 19
OFFSET 12.721998, -12.075054, 50.196385
SCALE 1.000000, 1.000000, 1.000000
X -0.927157, -0.372214, -0.042851
Y -0.166704, 0.307389, 0.936868
Z -0.335543, 0.875768, -0.347047

PART 20
OFFSET 11.585903, -12.531056, 50.143850
SCALE 1.000000, 1.000000, 1.000000
X -0.927157, -0.372214, -0.042851
Y -0.207982, 0.416161, 0.885186
Z -0.311645, 0.829619, -0.463261

PART 21
OFFSET 10.449802, -12.987056, 50.091310
SCALE 1.000000, 1.000000, 1.000000
X -0.927157, -0.372214, -0.042851
Y -0.245899, 0.518212, 0.819140
Z -0.282689, 0.770009, -0.571991

PART 22
OFFSET 9.313703, -13.443059, 50.038773
SCALE 1.000000, 1.000000, 1.000000
X -0.927157, -0.372214, -0.042851
Y -0.277790, 0.606155, 0.745257
Z -0.251421, 0.702874, -0.665399

PART 23
OFFSET 8.177606, -13.899058, 49.986234
SCALE 1.000000, 1.000000, 1.000000
X -0.927157, -0.372214, -0.042851
Y -0.305632, 0.685194, 0.661134
Z -0.216722, 0.626072, -0.749043

PART 24
OFFSET 7.041509, -14.355060, 49.933698
SCALE 1.000000, 1.000000, 1.000000
X -0.927157, -0.372214, -0.042851
Y -0.329217, 0.754727, 0.567453
Z -0.178873, 0.540225, -0.822290

PART 25
OFFSET 13.858095, -11.619053, 50.248921
SCALE 1.000000, 1.000000, 1.000000
X -0.927157, -0.372214, -0.042851
Y -0.125658, 0.201165, 0.971464
Z -0.352972, 0.906085, -0.233284

PART 26
OFFSET 17.620571, -9.979119, 51.239492
SCALE 1.000000, 1.000000, 1.000000
X 0.056648, 0.083227, -0.994919
Y -0.117803, 0.990115, 0.076117
Z 0.991420, 0.112893, 0.065892

PART 27
OFFSET 18.356443, 4.608457, 54.279577
SCALE 1.000000, 1.000000, 1.000000
X 0.689359, -0.537785, 0.485357
Y 0.639518, 0.766508, -0.059012
Z -0.340294, 0.351075, 0.872322

PART 28
OFFSET 19.131103, 5.487348, 54.337333
SCALE 1.000000, 1.000000, 1.000000
X 0.700212, -0.684366, -0.203336
Y -0.371232, -0.105739, -0.922500
Z 0.609827, 0.721431, -0.328098

PART 29
OFFSET 17.996160, 7.780986, 52.446483
SCALE 1.000000, 1.000000, 1.000000
X 0.864278, -0.500686, 0.048339
Y -0.092879, -0.253293, -0.962921
Z 0.494364, 0.827742, -0.265419

PART 30
OFFSET 17.921019, 7.273622, 53.037562
SCALE 1.000000, 1.000000, 1.000000
X 0.822696, -0.494895, 0.279733
Y 0.102034, -0.355531, -0.929078
Z 0.559249, 0.792892, -0.241998

PART 31
OFFSET 16.264914, 5.791380, 52.739204
SCALE 1.000000, 1.000000, 1.000000
X 0.612063, -0.758693, 0.223077
Y 0.777859, 0.628431, 0.003083
Z -0.142528, 0.171636, 0.974796

PART 32
OFFSET 18.088764, -10.812408, 53.110676
SCALE 1.000000, 1.000000, 1.000000
X -0.855649, -0.066539, -0.513261
Y -0.517553, 0.106311, 0.849021
Z -0.001928, 0.992104, -0.125402

PART 33
OFFSET 18.460773, -11.061575, 52.033099
SCALE 1.000000, 1.000000, 1.000000
X -0.150086, -0.988673, 0.000971
Y 0.985178, -0.149473, 0.084156
Z -0.083057, 0.013587, 0.996452

PART 34
OFFSET 16.760191, -10.810353, 49.728670
SCALE 1.000000, 1.000000, 1.000000
X 0.918005, 0.322494, 0.230791
Y 0.188692, 0.156663, -0.969460
Z -0.348801, 0.933517, 0.082965

PART 35
OFFSET 16.938954, -11.092496, 50.444667
SCALE 1.000000, 1.000000, 1.000000
X 0.929172, 0.176149, 0.324978
Y 0.307220, 0.120893, -0.943928
Z -0.205559, 0.976912, 0.058213

PART 36
OFFSET 15.532899, -10.712021, 51.314519
SCALE 1.000000, 1.000000, 1.000000
X -0.548267, -0.481107, -0.684061
Y -0.809829, 0.509600, 0.290661
Z 0.208758, 0.713333, -0.669011

PART 37
OFFSET 16.754717, -11.451740, 66.729583
SCALE 1.000000, 1.000000, 1.000000
X -0.056648, -0.083227, 0.994919
Y -0.117803, 0.990115, 0.076117
Z -0.991420, -0.112893, -0.065892

PART 38
OFFSET 18.519387, 4.748420, 54.460321
SCALE 1.000000, 1.000000, 1.000000
X 0.728241, -0.682023, 0.067147
Y -0.005184, -0.103459, -0.994620
Z 0.685301, 0.723975, -0.078879

PART 39
OFFSET 18.356443, 4.608457, 54.279577
SCALE 1.000000, 1.000000, 1.000000
X 0.689359, -0.537785, 0.485357
Y 0.639518, 0.766508, -0.059012
Z -0.340294, 0.351075, 0.872322

PART 40
OFFSET 20.561772, 4.089040, 53.921869
SCALE 1.000000, 1.000000, 1.000000
X 0.254178, -0.570152, -0.781230
Y -0.750669, 0.393020, -0.531066
Z 0.609827, 0.721431, -0.328098

PART 41
OFFSET 20.150683, 6.621353, 52.694302
SCALE 1.000000, 1.000000, 1.000000
X 0.781482, -0.620152, 0.068540
Y -0.361651, -0.539750, -0.760183
Z 0.508423, 0.569281, -0.646084

PART 42
OFFSET 19.753154, 6.041184, 53.622223
SCALE 1.000000, 1.000000, 1.000000
X 0.755606, -0.639330, -0.142537
Y -0.359083, -0.222300, -0.906445
Z 0.547831, 0.736098, -0.397544

PART 43
OFFSET 17.451787, 4.192925, 53.023835
SCALE 1.000000, 1.000000, 1.000000
X 0.504338, -0.757875, 0.413846
Y 0.826791, 0.562088, 0.021773
Z -0.249119, 0.331183, 0.910087

PART 44
OFFSET 17.991985, -11.018315, 52.879698
SCALE 1.000000, 1.000000, 1.000000
X -0.499740, -0.858383, -0.115924
Y 0.771049, -0.501832, 0.391981
Z -0.394644, 0.106505, 0.912640

PART 45
OFFSET 18.088764, -10.812408, 53.110676
SCALE 1.000000, 1.000000, 1.000000
X -0.855649, -0.066539, -0.513261
Y -0.517553, 0.106311, 0.849021
Z -0.001928, 0.992104, -0.125402

PART 46
OFFSET 18.767473, -9.041474, 52.031100
SCALE 1.000000, 1.000000, 1.000000
X 0.996452, -0.012036, 0.083301
Y 0.013125, 0.999835, -0.012543
Z -0.083136, 0.013592, 0.996446

PART 47
OFFSET 18.689478, -10.243611, 50.036482
SCALE 1.000000, 1.000000, 1.000000
X 0.398825, -0.875348, -0.273321
Y 0.888563, 0.442564, -0.120798
Z 0.226702, -0.194686, 0.954308

PART 48
OFFSET 18.761823, -10.693664, 51.092848
SCALE 1.000000, 1.000000, 1.000000
X 0.113674, -0.991367, -0.065342
Y 0.993517, 0.113519, 0.006089
Z 0.001381, -0.065611, 0.997844

PART 49
OFFSET 16.636739, -9.556502, 52.819342
SCALE 1.000000, 1.000000, 1.000000
X -0.806843, -0.298167, -0.510002
Y -0.549467, 0.695863, 0.462450
Z 0.217004, 0.653354, -0.725285

PART 50
OFFSET 19.816961, 3.533184, 54.579963
SCALE 1.000000, 1.000000, 1.000000
X 0.569094, -0.599910, -0.562353
Y -0.454459, 0.340482, -0.823128
Z 0.685273, 0.724003, -0.078868

PART 51
OFFSET 20.859761, 3.420608, 53.005976
SCALE 1.000000, 1.000000, 1.000000
X -0.181557, -0.275809, -0.943910
Y -0.771458, 0.635191, -0.037215
Z 0.609827, 0.721431, -0.328098

PART 52
OFFSET 21.171416, 5.811359, 52.783833
SCALE 1.000000, 1.000000, 1.000000
X 0.429829, -0.817915, -0.382441
Y -0.746158, -0.083264, -0.660541
Z 0.508423, 0.569281, -0.646084

PART 53
OFFSET 20.991585, 4.993336, 53.388594
SCALE 1.000000, 1.000000, 1.000000
X 0.346771, -0.632214, -0.692861
Y -0.761354, 0.241702, -0.601597
Z 0.547804, 0.736129, -0.397523

PART 54
OFFSET 18.121048, 3.274362, 53.517097
SCALE 1.000000, 1.000000, 1.000000
X 0.685711, -0.644729, 0.337823
Y 0.648668, 0.751836, 0.118204
Z -0.330197, 0.138081, 0.933758

PART 55
OFFSET 18.882486, -9.488849, 53.086229
SCALE 1.000000, 1.000000, 1.000000
X 0.825425, -0.395248, 0.403054
Y 0.403647, 0.912379, 0.068068
Z -0.394642, 0.106506, 0.912642

PART 56
OFFSET 17.599231, -9.027405, 51.933461
SCALE 1.000000, 1.000000, 1.000000
X 0.626498, 0.778310, 0.041629
Y -0.774974, 0.627732, -0.073272
Z -0.083160, 0.013644, 0.996443

PART 57
OFFSET 18.168572, -9.100238, 50.393456
SCALE 1.000000, 1.000000, 1.000000
X 0.968764, 0.146251, -0.200265
Y -0.100569, 0.969891, 0.221805
Z 0.226674, -0.194736, 0.954304

PART 58
OFFSET 18.575520, -9.068885, 51.199947
SCALE 1.000000, 1.000000, 1.000000
X 0.998188, 0.060115, 0.002487
Y -0.060149, 0.996033, 0.065575
Z 0.001464, -0.065606, 0.997845

PART 59
OFFSET 17.316408, -9.241295, 53.318547
SCALE 1.000000, 1.000000, 1.000000
X -0.991277, 0.104516, -0.080285
Y 0.022083, 0.732286, 0.680639
Z 0.129930, 0.672929, -0.728206

PART 60
OFFSET 20.357077, 2.963849, 54.046271
SCALE 1.000000, 1.000000, 1.000000
X 0.503810, -0.549467, -0.666530
Y -0.525905, 0.417020, -0.741295
Z 0.685273, 0.724003, -0.078868

PART 61
OFFSET 21.497319, 5.191222, 52.493884
SCALE 1.000000, 1.000000, 1.000000
X 0.094501, -0.782649, -0.615247
Y -0.855906, 0.251751, -0.451715
Z 0.508423, 0.569281, -0.646084

PART 62
OFFSET 21.363855, 4.314620, 52.644766
SCALE 1.000000, 1.000000, 1.000000
X -0.117819, -0.402544, -0.907787
Y -0.828269, 0.544125, -0.133786
Z 0.547804, 0.736129, -0.397523

PART 63
OFFSET 18.099097, -9.113806, 52.703741
SCALE 1.000000, 1.000000, 1.000000
X 0.884141, 0.314382, 0.345629
Y -0.250106, 0.943303, -0.218234
Z -0.394642, 0.106506, 0.912642

PART 64
OFFSET 17.433973, -9.211098, 50.545364
SCALE 1.000000, 1.000000, 1.000000
X 0.705386, 0.708451, -0.023002
Y -0.671611, 0.678377, 0.297899
Z 0.226651, -0.194686, 0.954320

PART 65
OFFSET 17.503860, -9.133446, 51.197272
SCALE 1.000000, 1.000000, 1.000000
X 0.591042, 0.804958, 0.052081
Y -0.806640, 0.589688, 0.040007
Z 0.001492, -0.065656, 0.997841

PART 66
OFFSET -0.106364, -0.000001, 59.999999
SCALE 1.000000, 1.000000, 1.000000
X 1.000000, 0.000000, 0.000000
Y 0.000000, 1.000000, 0.000000
Z 0.000000, 0.000000, 1.000000

PART 67
OFFSET -0.106364, -0.000001, 59.999999
SCALE 1.000000, 1.000000, 1.000000
X 1.000000, 0.000000, 0.000000
Y 0.000000, 1.000000, 0.000000
Z 0.000000, 0.000000, 1.000000

PART 68
OFFSET -4.738254, -0.000001, 58.623226
SCALE 1.000000, 1.000000, 1.000000
X 1.000000, 0.000000, 0.000000
Y 0.000000, 1.000000, 0.000000
Z 0.000000, 0.000000, 1.000000

PART 69
OFFSET 1.434187, -0.000001, 64.135821
SCALE 1.000000, 1.000000, 1.000000
X 1.000000, 0.000000, 0.000000
Y 0.000000, 1.000000, 0.000000
Z 0.000000, 0.000000, 1.000000

PART 70
OFFSET 1.434187, -0.000001, 64.135821
SCALE 1.000000, 1.000000, 1.000000
X 1.000000, 0.000000, 0.000000
Y 0.000000, 1.000000, 0.000000
Z 0.000000, 0.000000, 1.000000

FRAME 2
PART 0
OFFSET -1.009664, -0.000001, 52.513799
SCALE 1.000000, 1.000000, 1.000000
X 1.000000, 0.000000, 0.000000
Y 0.000000, 1.000000, 0.000000
Z 0.000000, 0.000000, 1.000000

PART 1
OFFSET 0.362564, 8.176174, 56.359293
SCALE 1.000000, 1.000000, 1.000000
X 0.690394, 0.465989, -0.553363
Y -0.687704, 0.660160, -0.302080
Z 0.224542, 0.589104, 0.776233

PART 2
OFFSET -3.081890, -10.121290, 53.660080
SCALE 1.000000, 1.000000, 1.000000
X -0.794148, 0.483106, 0.368697
Y 0.591689, 0.753092, 0.287674
Z -0.138686, 0.446610, -0.883915

PART 3
OFFSET -20.360174, -28.939181, 52.331802
SCALE 1.000000, 1.000000, 1.000000
X 0.979411, -0.192006, -0.062352
Y 0.188925, 0.980609, -0.052085
Z 0.071144, 0.039232, 0.996694

PART 4
OFFSET -20.374763, -28.926301, 52.322299
SCALE 1.000000, 1.000000, 1.000000
X 0.979396, -0.192095, -0.062319
Y 0.189016, 0.980592, -0.052077
Z 0.071113, 0.039225, 0.996697

PART 5
OFFSET 8.198396, 12.560446, 50.764815
SCALE 1.000000, 1.000000, 1.000000
X 0.834385, -0.527712, 0.159127
Y 0.503380, 0.611973, -0.609998
Z 0.224521, 0.589075, 0.776261

PART 6
OFFSET 5.904433, -14.812058, 49.880540
SCALE 1.000000, 1.000000, 1.000000
X -0.927094, -0.372386, -0.042718
Y -0.348235, 0.813543, 0.465705
Z -0.138669, 0.446628, -0.883908

PART 7
OFFSET 17.618373, -9.977427, 51.238278
SCALE 1.000000, 1.000000, 1.000000
X 0.991400, 0.113002, 0.066004
Y -0.117913, 0.990114, 0.075960
Z -0.056768, -0.083090, 0.994924

PART 8
OFFSET 8.198396, 12.560446, 50.764815
SCALE 1.000000, 1.000000, 1.000000
X 0.834385, -0.527712, 0.159127
Y 0.503380, 0.611973, -0.609998
Z 0.224521, 0.589075, 0.776261

PART 9
OFFSET 16.687613, 7.268551, 52.470851
SCALE 1.000000, 1.000000, 1.000000
X 0.688854, -0.536548, 0.487439
Y 0.639130, 0.766821, -0.059149
Z -0.342042, 0.352282, 0.871151

PART 10
OFFSET 14.334782, 8.679383, 51.934419
SCALE 1.000000, 1.000000, 1.000000
X 0.834385, -0.527712, 0.159127
Y 0.548730, 0.822505, -0.149605
Z -0.051934, 0.212146, 0.975857

PART 11
OFFSET 13.312052, 9.326226, 51.739487
SCALE 1.000000, 1.000000, 1.000000
X 0.834385, -0.527712, 0.159127
Y 0.551175, 0.800234, -0.236286
Z -0.002648, 0.284861, 0.958565

PART 12
OFFSET 12.289320, 9.973070, 51.544552
SCALE 1.000000, 1.000000, 1.000000
X 0.834385, -0.527712, 0.159127
Y 0.549202, 0.771541, -0.321093
Z 0.046671, 0.355308, 0.933583

PART 13
OFFSET 11.266588, 10.619916, 51.349620
SCALE 1.000000, 1.000000, 1.000000
X 0.834385, -0.527712, 0.159127
Y 0.543364, 0.739071, -0.398158
Z 0.092506, 0.418681, 0.903409

PART 14
OFFSET 10.243856, 11.266757, 51.154685
SCALE 1.000000, 1.000000, 1.000000
X 0.834385, -0.527712, 0.159127
Y 0.533751, 0.701564, -0.472141
Z 0.137516, 0.478882, 0.867042

PART 15
OFFSET 9.221126, 11.913602, 50.959753
SCALE 1.000000, 1.000000, 1.000000
X 0.834385, -0.527712, 0.159127
Y 0.520381, 0.659057, -0.542999
Z 0.181673, 0.535877, 0.824518

PART 16
OFFSET 15.357513, 8.032540, 52.129351
SCALE 1.000000, 1.000000, 1.000000
X 0.834385, -0.527712, 0.159127
Y 0.542465, 0.837364, -0.067476
Z -0.097640, 0.142622, 0.984949

PART 17
OFFSET 5.904433, -14.812058, 49.880540
SCALE 1.000000, 1.000000, 1.000000
X -0.927094, -0.372386, -0.042718
Y -0.348235, 0.813543, 0.465705
Z -0.138669, 0.446628, -0.883908

PART 18
OFFSET 15.689898, -11.078769, 50.414588
SCALE 1.000000, 1.000000, 1.000000
X -0.855588, -0.066524, -0.513366
Y -0.517655, 0.106445, 0.848942
Z -0.001830, 0.992091, -0.125510

PART 19
OFFSET 12.720555, -12.074782, 50.194790
SCALE 1.000000, 1.000000, 1.000000
X -0.927094, -0.372386, -0.042718
Y -0.166698, 0.307544, 0.936818
Z -0.335720, 0.875640, -0.347198

PART 20
OFFSET 11.584537, -12.530994, 50.142417
SCALE 1.000000, 1.000000, 1.000000
X -0.927094, -0.372386, -0.042718
Y -0.207998, 0.416295, 0.885119
Z -0.311823, 0.829474, -0.463400

PART 21
OFFSET 10.448514, -12.987206, 50.090041
SCALE 1.000000, 1.000000, 1.000000
X -0.927094, -0.372386, -0.042718
Y -0.245935, 0.518323, 0.819059
Z -0.282864, 0.769851, -0.572117

PART 22
OFFSET 9.312492, -13.443420, 50.037667
SCALE 1.000000, 1.000000, 1.000000
X -0.927094, -0.372386, -0.042718
Y -0.277846, 0.606244, 0.745165
Z -0.251591, 0.702707, -0.665511

PART 23
OFFSET 8.176472, -13.899630, 49.985291
SCALE 1.000000, 1.000000, 1.000000
X -0.927094, -0.372386, -0.042718
Y -0.305707, 0.685259, 0.661032
Z -0.216886, 0.625898, -0.749141

PART 24
OFFSET 7.040452, -14.355843, 49.932918
SCALE 1.000000, 1.000000, 1.000000
X -0.927094, -0.372386, -0.042718
Y -0.329310, 0.754769, 0.567343
Z -0.179028, 0.540048, -0.822373

PART 25
OFFSET 13.856575, -11.618569, 50.247163
SCALE 1.000000, 1.000000, 1.000000
X -0.927094, -0.372386, -0.042718
Y -0.125633, 0.201339, 0.971431
Z -0.353147, 0.905975, -0.233444

PART 26
OFFSET 17.618373, -9.977427, 51.238278
SCALE 1.000000, 1.000000, 1.000000
X 0.056768, 0.083090, -0.994924
Y -0.117913, 0.990114, 0.075960
Z 0.991400, 0.113002, 0.066004

PART 27
OFFSET 18.352706, 4.618624, 54.284920
SCALE 1.000000, 1.000000, 1.000000
X 0.688854, -0.536548, 0.487439
Y 0.639130, 0.766821, -0.059149
Z -0.342042, 0.352282, 0.871151

PART 28
OFFSET 19.126703, 5.498106, 54.342590
SCALE 1.000000, 1.000000, 1.000000
X 0.700505, -0.684258, -0.202692
Y -0.370899, -0.106425, -0.922555
Z 0.609694, 0.721433, -0.328341

PART 29
OFFSET 17.993600, 7.787920, 52.446012
SCALE 1.000000, 1.000000, 1.000000
X 0.864512, -0.500051, 0.050667
Y -0.091035, -0.254926, -0.962666
Z 0.494298, 0.827624, -0.265909

PART 30
OFFSET 17.917751, 7.281476, 53.037788
SCALE 1.000000, 1.000000, 1.000000
X 0.822522, -0.493908, 0.281978
Y 0.103884, -0.356984, -0.928316
Z 0.559165, 0.792854, -0.242318

PART 31
OFFSET 16.263337, 5.797388, 52.738271
SCALE 1.000000, 1.000000, 1.000000
X 0.612443, -0.757915, 0.224674
Y 0.777176, 0.629269, 0.004259
Z -0.144609, 0.172003, 0.974425

PART 32
OFFSET 18.086792, -10.811563, 53.109032
SCALE 1.000000, 1.000000, 1.000000
X -0.855588, -0.066524, -0.513366
Y -0.517655, 0.106445, 0.848942
Z -0.001830, 0.992091, -0.125510

PART 33
OFFSET 18.458921, -11.060877, 52.031530
SCALE 1.000000, 1.000000, 1.000000
X -0.150260, -0.988646, 0.001007
Y 0.985140, -0.149641, 0.084298
Z -0.083191, 0.013659, 0.996440

PART 34
OFFSET 16.758660, -10.809765, 49.726853
SCALE 1.000000, 1.000000, 1.000000
X 0.918001, 0.322443, 0.230876
Y 0.188831, 0.156542, -0.969452
Z -0.348735, 0.933555, 0.082819

PART 35
OFFSET 16.937306, -11.091846, 50.442904
SCALE 1.000000, 1.000000, 1.000000
X 0.929144, 0.176108, 0.325080
Y 0.307353, 0.120765, -0.943901
Z -0.205487, 0.976935, 0.058081

PART 36
OFFSET 15.531169, -10.711163, 51.312532
SCALE 1.000000, 1.000000, 1.000000
X -0.548213, -0.481133, -0.684086
Y -0.809829, 0.509690, 0.290504
Z 0.208901, 0.713251, -0.669054

PART 37
OFFSET 16.750667, -11.447919, 66.728468
SCALE 1.000000, 1.000000, 1.000000
X -0.056768, -0.083090, 0.994924
Y -0.117913, 0.990114, 0.075960
Z -0.991400, -0.113002, -0.066004

PART 38
OFFSET 18.515245, 4.758987, 54.465719
SCALE 1.000000, 1.000000, 1.000000
X 0.728285, -0.682137, 0.065497
Y -0.006720, -0.102682, -0.994692
Z 0.685242, 0.723979, -0.079365

PART 39
OFFSET 18.352706, 4.618624, 54.284920
SCALE 1.000000, 1.000000, 1.000000
X 0.688854, -0.536548, 0.487439
Y 0.639130, 0.766821, -0.059149
Z -0.342042, 0.352282, 0.871151

PART 40
OFFSET 20.557970, 4.100020, 53.928442
SCALE 1.000000, 1.000000, 1.000000
X 0.254595, -0.570531, -0.780818
Y -0.750636, 0.392466, -0.531522
Z 0.609694, 0.721433, -0.328341

PART 41
OFFSET 20.148427, 6.630077, 52.699489
SCALE 1.000000, 1.000000, 1.000000
X 0.781767, -0.619521, 0.070950
Y -0.359948, -0.541245, -0.759929
Z 0.509193, 0.568549, -0.646122

PART 42
OFFSET 19.749648, 6.051171, 53.627663
SCALE 1.000000, 1.000000, 1.000000
X 0.756263, -0.639076, -0.140172
Y -0.357357, -0.224012, -0.906705
Z 0.548053, 0.735800, -0.397790

PART 43
OFFSET 17.451371, 4.200363, 53.026067
SCALE 1.000000, 1.000000, 1.000000
X 0.504346, -0.757111, 0.415232
Y 0.826143, 0.562988, 0.023080
Z -0.251245, 0.331401, 0.909423

PART 44
OFFSET 17.990026, -11.017487, 52.878064
SCALE 1.000000, 1.000000, 1.000000
X -0.499838, -0.858327, -0.115914
Y 0.770934, -0.501900, 0.392120
Z -0.394745, 0.106634, 0.912582

PART 45
OFFSET 18.086792, -10.811563, 53.109032
SCALE 1.000000, 1.000000, 1.000000
X -0.855588, -0.066524, -0.513366
Y -0.517655, 0.106445, 0.848942
Z -0.001830, 0.992091, -0.125510

PART 46
OFFSET 18.765977, -9.040830, 52.029459
SCALE 1.000000, 1.000000, 1.000000
X 0.996439, -0.012202, 0.083430
Y 0.013298, 0.999832, -0.012595
Z -0.083262, 0.013660, 0.996434

PART 47
OFFSET 18.687953, -10.243148, 50.034855
SCALE 1.000000, 1.000000, 1.000000
X 0.398789, -0.875409, -0.273179
Y 0.888616, 0.442479, -0.120724
Z 0.226559, -0.194608, 0.954358

PART 48
OFFSET 18.760124, -10.693093, 51.091279
SCALE 1.000000, 1.000000, 1.000000
X 0.113507, -0.991391, -0.065261
Y 0.993536, 0.113344, 0.006214
Z 0.001236, -0.065545, 0.997849

PART 49
OFFSET 16.634898, -9.555581, 52.817387
SCALE 1.000000, 1.000000, 1.000000
X -0.806798, -0.298154, -0.510079
Y -0.549474, 0.695953, 0.462307
Z 0.217153, 0.653263, -0.725322

PART 50
OFFSET 19.812897, 3.543548, 54.582421
SCALE 1.000000, 1.000000, 1.000000
X 0.567496, -0.599031, -0.564898
Y -0.456521, 0.342047, -0.821336
Z 0.685228, 0.723992, -0.079360

PART 51
OFFSET 20.856448, 3.431143, 53.013033
SCALE 1.000000, 1.000000, 1.000000
X -0.181187, -0.276423, -0.943802
Y -0.771651, 0.634921, -0.037820
Z 0.609694, 0.721433, -0.328341

PART 52
OFFSET 21.169533, 5.820907, 52.792168
SCALE 1.000000, 1.000000, 1.000000
X 0.431059, -0.818260, -0.380313
Y -0.744923, -0.084864, -0.661731
Z 0.509193, 0.568549, -0.646122

PART 53
OFFSET 20.989156, 5.003739, 53.397909
SCALE 1.000000, 1.000000, 1.000000
X 0.348388, -0.633136, -0.691205
Y -0.760449, 0.240224, -0.603332
Z 0.548035, 0.735820, -0.397777

PART 54
OFFSET 18.120657, 3.282783, 53.521123
SCALE 1.000000, 1.000000, 1.000000
X 0.685745, -0.643811, 0.339502
Y 0.647629, 0.752596, 0.119062
Z -0.332162, 0.138225, 0.933039

PART 55
OFFSET 18.880703, -9.488121, 53.084577
SCALE 1.000000, 1.000000, 1.000000
X 0.825292, -0.395393, 0.403183
Y 0.403824, 0.912301, 0.068071
Z -0.394739, 0.106636, 0.912584

PART 56
OFFSET 17.597749, -9.026567, 51.931668
SCALE 1.000000, 1.000000, 1.000000
X 0.626624, 0.778207, 0.041669
Y -0.774859, 0.627858, -0.073404
Z -0.083285, 0.013709, 0.996431

PART 57
OFFSET 18.167094, -9.099696, 50.391645
SCALE 1.000000, 1.000000, 1.000000
X 0.968802, 0.146154, -0.200152
Y -0.100522, 0.969922, 0.221691
Z 0.226533, -0.194655, 0.954354

PART 58
OFFSET 18.574093, -9.068273, 51.198246
SCALE 1.000000, 1.000000, 1.000000
X 0.998198, 0.059944, 0.002619
Y -0.059987, 0.996048, 0.065504
Z 0.001318, -0.065543, 0.997849

PART 59
OFFSET 17.314524, -9.240377, 53.316652
SCALE 1.000000, 1.000000, 1.000000
X -0.991258, 0.104589, -0.080424
Y 0.022055, 0.732352, 0.680569
Z 0.130079, 0.672846, -0.728257

PART 60
OFFSET 20.351496, 2.975047, 54.046313
SCALE 1.000000, 1.000000, 1.000000
X 0.501947, -0.548384, -0.668824
Y -0.527743, 0.418462, -0.739173
Z 0.685228, 0.723992, -0.079360

PART 61
OFFSET 21.496367, 5.200509, 52.503832
SCALE 1.000000, 1.000000, 1.000000
X 0.096123, -0.783607, -0.613775
Y -0.855268, 0.250423, -0.453658
Z 0.509193, 0.568549, -0.646122

PART 62
OFFSET 21.363163, 4.324033, 52.655859
SCALE 1.000000, 1.000000, 1.000000
X -0.115969, -0.404118, -0.907326
Y -0.828377, 0.543376, -0.136139
Z 0.548035, 0.735820, -0.397777

PART 63
OFFSET 18.097439, -9.112939, 52.701967
SCALE 1.000000, 1.000000, 1.000000
X 0.884179, 0.314147, 0.345744
Y -0.249817, 0.943366, -0.218292
Z -0.394739, 0.106636, 0.912584

PART 64
OFFSET 17.432466, -9.210482, 50.543467
SCALE 1.000000, 1.000000, 1.000000
X 0.705442, 0.708395, -0.022979
Y -0.671599, 0.678457, 0.297744
Z 0.226511, -0.194608, 0.954369

PART 65
OFFSET 17.502423, -9.132650, 51.195429
SCALE 1.000000, 1.000000, 1.000000
X 0.591177, 0.804857, 0.052109
Y -0.806541, 0.589833, 0.039857
Z 0.001343, -0.065590, 0.997846

PART 66
OFFSET -0.106364, -0.000001, 59.999999
SCALE 1.000000, 1.000000, 1.000000
X 1.000000, 0.000000, 0.000000
Y 0.000000, 1.000000, 0.000000
Z 0.000000, 0.000000, 1.000000

PART 67
OFFSET -0.106364, -0.000001, 59.999999
SCALE 1.000000, 1.000000, 1.000000
X 1.000000, 0.000000, 0.000000
Y 0.000000, 1.000000, 0.000000
Z 0.000000, 0.000000, 1.000000

PART 68
OFFSET -4.738254, -0.000001, 58.623226
SCALE 1.000000, 1.000000, 1.000000
X 1.000000, 0.000000, 0.000000
Y 0.000000, 1.000000, 0.000000
Z 0.000000, 0.000000, 1.000000

PART 69
OFFSET 1.434187, -0.000001, 64.135821
SCALE 1.000000, 1.000000, 1.000000
