// Export filename: 'C:\Program Files (x86)\Steam\steamapps\common\Call of Duty Black Ops III\xanim_export\tbd\s2\lmg_m1919\vm_lmg_m1919_s2_ads_base_up.xanim_export'
// Source filename: 'C:\Users\Ash\Documents\WW2 M1919\wpn_s2_lmg_m1919_rig.mb'
// Export time: Sun Nov 19 2017, 21:57:02

ANIMATION
VERSION 3

NUMPARTS 3
PART 0 "tag_view"
PART 1 "tag_ads"
PART 2 "tag_torso"

FRAMERATE 30
NUMFRAMES 19

FRAME 0
PART 0
OFFSET -0.106364, -0.000001, 59.999999
SCALE 1.000000, 1.000000, 1.000000
X 1.000000, 0.000000, 0.000000
Y 0.000000, 1.000000, 0.000000
Z 0.000000, 0.000000, 1.000000

PART 1
OFFSET -0.105986, -0.000001, 60.001036
SCALE 1.000000, 1.000000, 1.000000
X 1.000000, 0.000000, 0.000000
Y 0.000000, 1.000000, 0.000000
Z 0.000000, 0.000000, 1.000000

PART 2
OFFSET -1.009286, -0.000001, 52.514837
SCALE 1.000000, 1.000000, 1.000000
X 1.000000, 0.000000, 0.000000
Y 0.000000, 1.000000, 0.000000
Z 0.000000, 0.000000, 1.000000

FRAME 1
PART 0
OFFSET -0.106364, -0.000001, 59.999999
SCALE 1.000000, 1.000000, 1.000000
X 1.000000, 0.000000, 0.000000
Y 0.000000, 1.000000, 0.000000
Z 0.000000, 0.000000, 1.000000

PART 1
OFFSET -0.094113, 0.053014, 59.990689
SCALE 1.000000, 1.000000, 1.000000
X 1.000000, 0.000001, 0.000793
Y 0.000001, 0.999995, -0.003174
Z -0.000793, 0.003174, 0.999995

PART 2
OFFSET -0.991473, 0.029252, 52.503812
SCALE 1.000000, 1.000000, 1.000000
X 1.000000, 0.000001, 0.000793
Y 0.000001, 0.999995, -0.003174
Z -0.000793, 0.003174, 0.999995

FRAME 2
PART 0
OFFSET -0.106364, -0.000001, 59.999999
SCALE 1.000000, 1.000000, 1.000000
X 1.000000, 0.000000, 0.000000
Y 0.000000, 1.000000, 0.000000
Z 0.000000, 0.000000, 1.000000

PART 1
OFFSET -0.067994, 0.185551, 59.975168
SCALE 1.000000, 1.000000, 1.000000
X 0.999995, 0.000051, 0.003204
Y -0.000010, 0.999915, -0.013001
Z -0.003205, 0.013001, 0.999910

PART 2
OFFSET -0.947299, 0.088179, 52.486745
SCALE 1.000000, 1.000000, 1.000000
X 0.999995, 0.000051, 0.003204
Y -0.000010, 0.999915, -0.013001
Z -0.003205, 0.013001, 0.999910

FRAME 3
PART 0
OFFSET -0.106364, -0.000001, 59.999999
SCALE 1.000000, 1.000000, 1.000000
X 1.000000, 0.000000, 0.000000
Y 0.000000, 1.000000, 0.000000
Z 0.000000, 0.000000, 1.000000

PART 1
OFFSET -0.032376, 0.397611, 59.954473
SCALE 1.000000, 1.000000, 1.000000
X 0.999984, 0.000125, 0.005614
Y 0.000003, 0.999739, -0.022826
Z -0.005616, 0.022826, 0.999724

PART 2
OFFSET -0.893622, 0.226618, 52.465270
SCALE 1.000000, 1.000000, 1.000000
X 0.999984, 0.000125, 0.005614
Y 0.000003, 0.999739, -0.022826
Z -0.005616, 0.022826, 0.999724

FRAME 4
PART 0
OFFSET -0.106364, -0.000001, 59.999999
SCALE 1.000000, 1.000000, 1.000000
X 1.000000, 0.000000, 0.000000
Y 0.000000, 1.000000, 0.000000
Z 0.000000, 0.000000, 1.000000

PART 1
OFFSET -0.001507, 0.675939, 59.949299
SCALE 1.000000, 1.000000, 1.000000
X 0.999968, 0.000199, 0.007963
Y 0.000077, 0.999399, -0.034664
Z -0.007965, 0.034664, 0.999367

PART 2
OFFSET -0.845149, 0.416260, 52.460643
SCALE 1.000000, 1.000000, 1.000000
X 0.999968, 0.000199, 0.007963
Y 0.000077, 0.999399, -0.034664
Z -0.007965, 0.034664, 0.999367

FRAME 5
PART 0
OFFSET -0.106364, -0.000001, 59.999999
SCALE 1.000000, 1.000000, 1.000000
X 1.000000, 0.000000, 0.000000
Y 0.000000, 1.000000, 0.000000
Z 0.000000, 0.000000, 1.000000

PART 1
OFFSET 0.015114, 1.007282, 59.964820
SCALE 1.000000, 1.000000, 1.000000
X 0.999947, 0.000301, 0.010311
Y 0.000179, 0.998918, -0.046497
Z -0.010314, 0.046496, 0.998865

PART 2
OFFSET -0.810928, 0.658930, 52.477802
SCALE 1.000000, 1.000000, 1.000000
X 0.999947, 0.000301, 0.010311
Y 0.000179, 0.998918, -0.046497
Z -0.010314, 0.046496, 0.998865

FRAME 6
PART 0
OFFSET -0.106364, -0.000001, 59.999999
SCALE 1.000000, 1.000000, 1.000000
X 1.000000, 0.000000, 0.000000
Y 0.000000, 1.000000, 0.000000
Z 0.000000, 0.000000, 1.000000

PART 1
OFFSET 0.007991, 1.378386, 60.016558
SCALE 1.000000, 1.000000, 1.000000
X 0.999938, 0.000304, 0.011104
Y 0.000304, 0.998501, -0.054729
Z -0.011104, 0.054729, 0.998439

PART 2
OFFSET -0.812123, 0.968398, 52.532009
SCALE 1.000000, 1.000000, 1.000000
X 0.999938, 0.000304, 0.011104
Y 0.000304, 0.998501, -0.054729
Z -0.011104, 0.054729, 0.998439

FRAME 7
PART 0
OFFSET -0.106364, -0.000001, 59.999999
SCALE 1.000000, 1.000000, 1.000000
X 1.000000, 0.000000, 0.000000
Y 0.000000, 1.000000, 0.000000
Z 0.000000, 0.000000, 1.000000

PART 1
OFFSET -0.032376, 1.802506, 60.104511
SCALE 1.000000, 1.000000, 1.000000
X 0.999950, 0.000290, 0.010006
Y 0.000290, 0.998322, -0.057899
Z -0.010006, 0.057899, 0.998272

PART 2
OFFSET -0.860726, 1.368801, 52.622207
SCALE 1.000000, 1.000000, 1.000000
X 0.999950, 0.000290, 0.010006
Y 0.000290, 0.998322, -0.057899
Z -0.010006, 0.057899, 0.998272

FRAME 8
PART 0
OFFSET -0.106364, -0.000001, 59.999999
SCALE 1.000000, 1.000000, 1.000000
X 1.000000, 0.000000, 0.000000
Y 0.000000, 1.000000, 0.000000
Z 0.000000, 0.000000, 1.000000

PART 1
OFFSET -0.117858, 2.200117, 60.228680
SCALE 1.000000, 1.000000, 1.000000
X 0.999974, 0.000318, 0.007196
Y 0.000074, 0.998525, -0.054302
Z -0.007203, 0.054302, 0.998499

PART 2
OFFSET -0.967212, 1.793318, 52.747220
SCALE 1.000000, 1.000000, 1.000000
X 0.999974, 0.000318, 0.007196
Y 0.000074, 0.998525, -0.054302
Z -0.007203, 0.054302, 0.998499

FRAME 9
PART 0
OFFSET -0.106364, -0.000001, 59.999999
SCALE 1.000000, 1.000000, 1.000000
X 1.000000, 0.000000, 0.000000
Y 0.000000, 1.000000, 0.000000
Z 0.000000, 0.000000, 1.000000

PART 1
OFFSET -0.255580, 2.557968, 60.394240
SCALE 1.000000, 1.000000, 1.000000
X 0.999995, 0.000193, 0.003170
Y -0.000051, 0.998996, -0.044790
Z -0.003176, 0.044789, 0.998991

PART 2
OFFSET -1.135100, 2.222492, 52.912726
SCALE 1.000000, 1.000000, 1.000000
X 0.999995, 0.000193, 0.003170
Y -0.000051, 0.998996, -0.044790
Z -0.003176, 0.044789, 0.998991

FRAME 10
PART 0
OFFSET -0.106364, -0.000001, 59.999999
SCALE 1.000000, 1.000000, 1.000000
X 1.000000, 0.000000, 0.000000
Y 0.000000, 1.000000, 0.000000
Z 0.000000, 0.000000, 1.000000

PART 1
OFFSET -0.388552, 2.849550, 60.585667
SCALE 1.000000, 1.000000, 1.000000
X 0.999999, 0.000062, -0.001222
Y -0.000101, 0.999507, -0.031391
Z 0.001219, 0.031391, 0.999506

PART 2
OFFSET -1.300980, 2.614497, 53.104266
SCALE 1.000000, 1.000000, 1.000000
X 0.999999, 0.000062, -0.001222
Y -0.000101, 0.999507, -0.031391
Z 0.001219, 0.031391, 0.999506

FRAME 11
PART 0
OFFSET -0.106364, -0.000001, 59.999999
SCALE 1.000000, 1.000000, 1.000000
X 1.000000, 0.000000, 0.000000
Y 0.000000, 1.000000, 0.000000
Z 0.000000, 0.000000, 1.000000

PART 1
OFFSET -0.452664, 3.074863, 60.771922
SCALE 1.000000, 1.000000, 1.000000
X 0.999984, -0.000010, -0.005616
Y -0.000091, 0.999838, -0.017986
Z 0.005615, 0.017986, 0.999822

PART 2
OFFSET -1.397984, 2.940226, 53.292123
SCALE 1.000000, 1.000000, 1.000000
X 0.999984, -0.000010, -0.005616
Y -0.000091, 0.999838, -0.017986
Z 0.005615, 0.017986, 0.999822

FRAME 12
PART 0
OFFSET -0.106364, -0.000001, 59.999999
SCALE 1.000000, 1.000000, 1.000000
X 1.000000, 0.000000, 0.000000
Y 0.000000, 1.000000, 0.000000
Z 0.000000, 0.000000, 1.000000

PART 1
OFFSET -0.447915, 3.247161, 60.958176
SCALE 1.000000, 1.000000, 1.000000
X 0.999950, -0.000023, -0.010010
Y -0.000023, 0.999990, -0.004578
Z 0.010010, 0.004578, 0.999939

PART 2
OFFSET -1.426105, 3.212913, 53.481471
SCALE 1.000000, 1.000000, 1.000000
X 0.999950, -0.000023, -0.010010
Y -0.000023, 0.999990, -0.004578
Z 0.010010, 0.004578, 0.999939

FRAME 13
PART 0
OFFSET -0.106364, -0.000001, 59.999999
SCALE 1.000000, 1.000000, 1.000000
X 1.000000, 0.000000, 0.000000
Y 0.000000, 1.000000, 0.000000
Z 0.000000, 0.000000, 1.000000

PART 1
OFFSET -0.376680, 3.339938, 61.118561
SCALE 1.000000, 1.000000, 1.000000
X 0.999917, -0.000030, -0.012879
Y 0.000092, 0.999988, 0.004882
Z 0.012878, -0.004883, 0.999905

PART 2
OFFSET -1.376315, 3.376522, 53.644705
SCALE 1.000000, 1.000000, 1.000000
X 0.999917, -0.000030, -0.012879
Y 0.000092, 0.999988, 0.004882
Z 0.012878, -0.004883, 0.999905

FRAME 14
PART 0
OFFSET -0.106364, -0.000001, 59.999999
SCALE 1.000000, 1.000000, 1.000000
X 1.000000, 0.000000, 0.000000
Y 0.000000, 1.000000, 0.000000
Z 0.000000, 0.000000, 1.000000

PART 1
OFFSET -0.267452, 3.379699, 61.222036
SCALE 1.000000, 1.000000, 1.000000
X 0.999903, -0.000002, -0.013916
Y 0.000120, 0.999964, 0.008483
Z 0.013916, -0.008484, 0.999867

PART 2
OFFSET -1.274840, 3.443216, 53.749401
SCALE 1.000000, 1.000000, 1.000000
X 0.999903, -0.000002, -0.013916
Y 0.000120, 0.999964, 0.008483
Z 0.013916, -0.008484, 0.999867

FRAME 15
PART 0
OFFSET -0.106364, -0.000001, 59.999999
SCALE 1.000000, 1.000000, 1.000000
X 1.000000, 0.000000, 0.000000
Y 0.000000, 1.000000, 0.000000
Z 0.000000, 0.000000, 1.000000

PART 1
OFFSET -0.132105, 3.373072, 61.245317
SCALE 1.000000, 1.000000, 1.000000
X 0.999945, 0.000003, -0.010468
Y 0.000064, 0.999980, 0.006378
Z 0.010468, -0.006378, 0.999925

PART 2
OFFSET -1.113718, 3.420819, 53.769135
SCALE 1.000000, 1.000000, 1.000000
X 0.999945, 0.000003, -0.010468
Y 0.000064, 0.999980, 0.006378
Z 0.010468, -0.006378, 0.999925

FRAME 16
PART 0
OFFSET -0.106364, -0.000001, 59.999999
SCALE 1.000000, 1.000000, 1.000000
X 1.000000, 0.000000, 0.000000
Y 0.000000, 1.000000, 0.000000
Z 0.000000, 0.000000, 1.000000

PART 1
OFFSET 0.003242, 3.366445, 61.268599
SCALE 1.000000, 1.000000, 1.000000
X 0.999975, 0.000015, -0.007019
Y 0.000015, 0.999991, 0.004273
Z 0.007019, -0.004273, 0.999966

PART 2
OFFSET -0.952583, 3.398417, 53.788992
SCALE 1.000000, 1.000000, 1.000000
X 0.999975, 0.000015, -0.007019
Y 0.000015, 0.999991, 0.004273
Z 0.007019, -0.004273, 0.999966

FRAME 17
PART 0
OFFSET -0.106364, -0.000001, 59.999999
SCALE 1.000000, 1.000000, 1.000000
X 1.000000, 0.000000, 0.000000
Y 0.000000, 1.000000, 0.000000
Z 0.000000, 0.000000, 1.000000

PART 1
OFFSET 0.110095, 3.353191, 61.258252
SCALE 1.000000, 1.000000, 1.000000
X 0.999994, 0.000004, -0.003510
Y 0.000004, 0.999998, 0.002136
Z 0.003510, -0.002136, 0.999992

PART 2
OFFSET -0.819473, 3.369181, 53.775285
SCALE 1.000000, 1.000000, 1.000000
X 0.999994, 0.000004, -0.003510
Y 0.000004, 0.999998, 0.002136
Z 0.003510, -0.002136, 0.999992

FRAME 18
PART 0
OFFSET -0.106364, -0.000001, 59.999999
SCALE 1.000000, 1.000000, 1.000000
X 1.000000, 0.000000, 0.000000
Y 0.000000, 1.000000, 0.000000
Z 0.000000, 0.000000, 1.000000

PART 1
OFFSET 0.152836, 3.339938, 61.253078
SCALE 1.000000, 1.000000, 1.000000
X 1.000000, 0.000000, 0.000000
Y 0.000000, 1.000000, 0.000000
Z 0.000000, 0.000000, 1.000000

PART 2
OFFSET -0.750464, 3.339938, 53.766878
SCALE 1.000000, 1.000000, 1.000000
X 1.000000, 0.000000, 0.000000
Y 0.000000, 1.000000, 0.000000
Z 0.000000, 0.000000, 1.000000

NOTETRACKS

PART 0
NUMTRACKS 0

PART 1
NUMTRACKS 0

PART 2
NUMTRACKS 0
