// Export filename: 'C:\Program Files (x86)\Steam\steamapps\common\Call of Duty Black Ops III\xanim_export\tbd\s2\lmg_m1919\vm_lmg_m1919_s2_putaway_quick.xanim_export'
// Source filename: 'C:\Users\Ash\Documents\WW2 M1919\wpn_s2_lmg_m1919_rig.mb'
// Export time: Sun Nov 19 2017, 20:49:22

ANIMATION
VERSION 3

NUMPARTS 103
PART 0 "tag_torso"
PART 1 "j_shoulder_le"
PART 2 "j_shoulder_ri"
PART 3 "tag_weapon_left"
PART 4 "tag_weapon_right"
PART 5 "j_elbow_le"
PART 6 "j_elbow_ri"
PART 7 "tag_weapon"
PART 8 "j_elbow_bulge_le"
PART 9 "j_wrist_le"
PART 10 "j_wristtwist1_le"
PART 11 "j_wristtwist2_le"
PART 12 "j_wristtwist3_le"
PART 13 "j_wristtwist4_le"
PART 14 "j_wristtwist5_le"
PART 15 "j_wristtwist6_le"
PART 16 "j_wristtwist_le"
PART 17 "j_elbow_bulge_ri"
PART 18 "j_wrist_ri"
PART 19 "j_wristtwist1_ri"
PART 20 "j_wristtwist2_ri"
PART 21 "j_wristtwist3_ri"
PART 22 "j_wristtwist4_ri"
PART 23 "j_wristtwist5_ri"
PART 24 "j_wristtwist6_ri"
PART 25 "j_wristtwist_ri"
PART 26 "tag_brass"
PART 27 "tag_red_dot"
PART 28 "tag_sight_off"
PART 29 "tag_sight_on"
PART 30 "tag_ui_ammo"
PART 31 "tag_ui_ammo_ads"
PART 32 "tag_silencer"
PART 33 "bipod_l"
PART 34 "bipod_r"
PART 35 "tag_bullet01"
PART 36 "tag_bullet02"
PART 37 "tag_bullet03"
PART 38 "tag_bullet04"
PART 39 "tag_bullet05"
PART 40 "tag_bullet06"
PART 41 "tag_bullet07"
PART 42 "tag_bullet08"
PART 43 "tag_bullet09"
PART 44 "tag_bullet10"
PART 45 "tag_bullet11"
PART 46 "tag_bullet12"
PART 47 "tag_bullet13"
PART 48 "tag_bullet14"
PART 49 "tag_bullet15"
PART 50 "tag_bullet16"
PART 51 "tag_bullet17"
PART 52 "tag_bullet18"
PART 53 "tag_bullet19"
PART 54 "tag_bullet20"
PART 55 "front_pin"
PART 56 "peephole"
PART 57 "charging_handle"
PART 58 "hatch"
PART 59 "pin"
PART 60 "j_indexbase_le"
PART 61 "j_mid_le_1"
PART 62 "j_pinkybase_le"
PART 63 "j_ringbase_le"
PART 64 "j_thumb_le_1"
PART 65 "j_indexbase_ri"
PART 66 "j_mid_ri_1"
PART 67 "j_pinkybase_ri"
PART 68 "j_ringbase_ri"
PART 69 "j_thumb_ri_1"
PART 70 "j_index_le_1"
PART 71 "j_indexretract_le"
PART 72 "j_mid_le_2"
PART 73 "j_pinky_le_1"
PART 74 "j_ring_le_1"
PART 75 "j_thumb_le_2"
PART 76 "j_index_ri_1"
PART 77 "j_indexretract_ri"
PART 78 "j_mid_ri_2"
PART 79 "j_pinky_ri_1"
PART 80 "j_ring_ri_1"
PART 81 "j_thumb_ri_2"
PART 82 "j_index_le_2"
PART 83 "j_mid_le_3"
PART 84 "j_pinky_le_2"
PART 85 "j_ring_le_2"
PART 86 "j_thumb_le_3"
PART 87 "j_index_ri_2"
PART 88 "j_mid_ri_3"
PART 89 "j_pinky_ri_2"
PART 90 "j_ring_ri_2"
PART 91 "j_thumb_ri_3"
PART 92 "j_index_le_3"
PART 93 "j_pinky_le_3"
PART 94 "j_ring_le_3"
PART 95 "j_index_ri_3"
PART 96 "j_pinky_ri_3"
PART 97 "j_ring_ri_3"
PART 98 "tag_cambone"
PART 99 "tag_camera"
PART 100 "tag_fill_light"
PART 101 "tag_flashlight"
PART 102 "tag_gasmask"

FRAMERATE 30
NUMFRAMES 11

FRAME 0
PART 0
OFFSET -1.009664, -0.000001, 52.513799
SCALE 1.000000, 1.000000, 1.000000
X 1.000000, 0.000000, 0.000000
Y 0.000000, 1.000000, 0.000000
Z 0.000000, 0.000000, 1.000000

PART 1
OFFSET -7.111344, 5.639455, 51.294254
SCALE 1.000000, 1.000000, 1.000000
X 0.937787, -0.021399, -0.346552
Y -0.230631, 0.707709, -0.667800
Z 0.259548, 0.706180, 0.658744

PART 2
OFFSET -10.574599, -6.037421, 52.171387
SCALE 1.000000, 1.000000, 1.000000
X -0.525878, 0.468238, 0.710074
Y 0.843951, 0.391119, 0.367114
Z -0.105827, 0.792325, -0.600851

PART 3
OFFSET 4.212893, -3.344651, 51.181463
SCALE 1.000000, 1.000000, 1.000000
X 1.000000, 0.000099, -0.000051
Y -0.000099, 1.000000, -0.000054
Z 0.000051, 0.000054, 1.000000

PART 4
OFFSET 4.212735, -3.345004, 51.182498
SCALE 1.000000, 1.000000, 1.000000
X 1.000000, -0.000000, 0.000000
Y 0.000000, 1.000000, 0.000000
Z -0.000000, -0.000000, 1.000000

PART 5
OFFSET 3.116027, 4.886996, 48.070935
SCALE 1.000000, 1.000000, 1.000000
X 0.631207, -0.640292, 0.437726
Y 0.730902, 0.302193, -0.611932
Z 0.259538, 0.706191, 0.658737

PART 6
OFFSET -4.754273, -10.407805, 45.384286
SCALE 1.000000, 1.000000, 1.000000
X -0.457352, -0.575183, -0.678228
Y -0.882984, 0.203085, 0.423197
Z -0.105678, 0.792414, -0.600759

PART 7
OFFSET 4.212735, -3.345004, 51.182498
SCALE 1.000000, 1.000000, 1.000000
X 1.000000, 0.000000, 0.000000
Y 0.000000, 1.000000, 0.000000
Z 0.000000, 0.000000, 1.000000

PART 8
OFFSET 3.116027, 4.886996, 48.070935
SCALE 1.000000, 1.000000, 1.000000
X 0.631207, -0.640292, 0.437726
Y 0.730902, 0.302193, -0.611932
Z 0.259538, 0.706191, 0.658737

PART 9
OFFSET 9.554940, -1.589402, 52.425693
SCALE 1.000000, 1.000000, 1.000000
X 0.944705, -0.319582, 0.073476
Y -0.148828, -0.617519, -0.772347
Z 0.292201, 0.718705, -0.630937

PART 10
OFFSET 7.758241, 0.177801, 51.289505
SCALE 1.000000, 1.000000, 1.000000
X 0.631207, -0.640292, 0.437726
Y 0.018746, -0.551601, -0.833897
Z 0.775388, 0.534567, -0.336171

PART 11
OFFSET 6.984539, 0.962666, 50.753079
SCALE 1.000000, 1.000000, 1.000000
X 0.631207, -0.640292, 0.437726
Y 0.180025, -0.428002, -0.885667
Z 0.754433, 0.637840, -0.154890

PART 12
OFFSET 6.210835, 1.747532, 50.216649
SCALE 1.000000, 1.000000, 1.000000
X 0.631207, -0.640292, 0.437726
Y 0.333422, -0.285550, -0.898494
Z 0.700291, 0.713083, 0.033246

PART 13
OFFSET 5.437132, 2.532400, 49.680222
SCALE 1.000000, 1.000000, 1.000000
X 0.631207, -0.640292, 0.437726
Y 0.463846, -0.140692, -0.874673
Z 0.621631, 0.755137, 0.208191

PART 14
OFFSET 4.663429, 3.317263, 49.143793
SCALE 1.000000, 1.000000, 1.000000
X 0.631207, -0.640292, 0.437726
Y 0.575984, 0.009000, -0.817411
Z 0.519442, 0.768079, 0.374479

PART 15
OFFSET 3.889727, 4.102130, 48.607366
SCALE 1.000000, 1.000000, 1.000000
X 0.631207, -0.640292, 0.437726
Y 0.666272, 0.158705, -0.728625
Z 0.397063, 0.751557, 0.526785

PART 16
OFFSET 8.531943, -0.607065, 51.825931
SCALE 1.000000, 1.000000, 1.000000
X 0.631207, -0.640292, 0.437726
Y -0.132906, -0.645303, -0.752277
Z 0.764143, 0.416666, -0.492418

PART 17
OFFSET -4.754273, -10.407805, 45.384286
SCALE 1.000000, 1.000000, 1.000000
X -0.457352, -0.575183, -0.678228
Y -0.882984, 0.203085, 0.423197
Z -0.105678, 0.792414, -0.600759

PART 18
OFFSET 0.244566, -4.615846, 52.339554
SCALE 1.000000, 1.000000, 1.000000
X -0.960072, -0.056448, -0.273997
Y -0.279136, 0.258219, 0.924882
Z 0.018544, 0.964436, -0.263665

PART 19
OFFSET -1.391477, -6.179493, 50.370662
SCALE 1.000000, 1.000000, 1.000000
X -0.457352, -0.575183, -0.678228
Y -0.816284, -0.031090, 0.576814
Z -0.352860, 0.817434, -0.455294

PART 20
OFFSET -1.951942, -6.884213, 49.539602
SCALE 1.000000, 1.000000, 1.000000
X -0.457352, -0.575183, -0.678228
Y -0.833007, 0.010088, 0.553170
Z -0.311332, 0.817962, -0.483745

PART 21
OFFSET -2.512410, -7.588930, 48.708537
SCALE 1.000000, 1.000000, 1.000000
X -0.457352, -0.575183, -0.678228
Y -0.847623, 0.051249, 0.528118
Z -0.269006, 0.816418, -0.510977

PART 22
OFFSET -3.072877, -8.293651, 47.877475
SCALE 1.000000, 1.000000, 1.000000
X -0.457352, -0.575183, -0.678228
Y -0.859358, 0.089664, 0.503453
Z -0.228765, 0.813096, -0.535296

PART 23
OFFSET -3.633344, -8.998368, 47.046412
SCALE 1.000000, 1.000000, 1.000000
X -0.457352, -0.575183, -0.678228
Y -0.869148, 0.127731, 0.477772
Z -0.188176, 0.807991, -0.558337

PART 24
OFFSET -4.193810, -9.703088, 46.215351
SCALE 1.000000, 1.000000, 1.000000
X -0.457352, -0.575183, -0.678228
Y -0.877040, 0.165607, 0.450972
Z -0.147072, 0.801086, -0.580199

PART 25
OFFSET -0.831011, -5.474774, 51.201722
SCALE 1.000000, 1.000000, 1.000000
X -0.457352, -0.575183, -0.678228
Y -0.798778, -0.069514, 0.597596
Z -0.390874, 0.815066, -0.427651

PART 26
OFFSET 18.406023, -3.345004, 55.039199
SCALE 1.000000, 1.000000, 1.000000
X 0.000000, -1.000000, -0.000000
Y 1.000000, 0.000000, 0.000000
Z 0.000000, -0.000000, 1.000000

PART 27
OFFSET 6.817548, -3.345004, 58.778999
SCALE 1.000000, 1.000000, 1.000000
X 1.000000, 0.000000, 0.000000
Y 0.000000, 1.000000, 0.000000
Z 0.000000, 0.000000, 1.000000

PART 28
OFFSET 14.938165, -3.345004, 56.276168
SCALE 1.000000, 1.000000, 1.000000
X 1.000000, 0.000000, 0.000000
Y 0.000000, 1.000000, 0.000000
Z 0.000000, 0.000000, 1.000000

PART 29
OFFSET 14.182766, -3.345004, 56.276168
SCALE 1.000000, 1.000000, 1.000000
X 1.000000, 0.000000, 0.000000
Y 0.000000, 1.000000, 0.000000
Z 0.000000, 0.000000, 1.000000

PART 30
OFFSET 11.545281, -2.571939, 58.207562
SCALE 1.000000, 1.000000, 1.000000
X 1.000000, 0.000000, 0.000000
Y 0.000000, 1.000000, 0.000000
Z 0.000000, 0.000000, 1.000000

PART 31
OFFSET 10.668161, -3.345004, 57.879872
SCALE 1.000000, 1.000000, 1.000000
X 1.000000, 0.000000, 0.000000
Y 0.000000, 1.000000, 0.000000
Z 0.000000, 0.000000, 1.000000

PART 32
OFFSET 39.283635, -3.345004, 55.699057
SCALE 1.000000, 1.000000, 1.000000
X 1.000000, 0.000000, 0.000000
Y 0.000000, 1.000000, 0.000000
Z 0.000000, 0.000000, 1.000000

PART 33
OFFSET 36.934472, -2.068279, 55.290332
SCALE 1.000000, 1.000000, 1.000000
X -1.000000, 0.000000, -0.000000
Y -0.000000, -0.482487, 0.875903
Z 0.000000, 0.875903, 0.482487

PART 34
OFFSET 36.934472, -4.621729, 55.290332
SCALE 1.000000, 1.000000, 1.000000
X -1.000000, 0.000000, 0.000000
Y 0.000000, 0.482487, 0.875903
Z 0.000000, 0.875903, -0.482487

PART 35
OFFSET 16.764276, -3.371474, 56.543471
SCALE 1.000000, 1.000000, 1.000000
X 0.000000, 0.973996, 0.226565
Y -1.000000, 0.000000, -0.000000
Z -0.000000, -0.226565, 0.973996

PART 36
OFFSET 16.765755, -2.904528, 56.675843
SCALE 1.000000, 1.000000, 1.000000
X -0.000000, 0.995443, -0.095362
Y -1.000000, -0.000000, 0.000000
Z -0.000000, 0.095362, 0.995443

PART 37
OFFSET 16.764321, -2.421045, 56.607898
SCALE 1.000000, 1.000000, 1.000000
X 0.000000, 0.851807, -0.523855
Y -1.000000, 0.000000, 0.000000
Z 0.000000, 0.523855, 0.851807

PART 38
OFFSET 16.764373, -2.006504, 56.352898
SCALE 1.000000, 1.000000, 1.000000
X 0.000000, 0.587919, -0.808920
Y -1.000000, 0.000000, -0.000000
Z 0.000000, 0.808920, 0.587919

PART 39
OFFSET 16.764243, -1.722604, 55.962298
SCALE 1.000000, 1.000000, 1.000000
X 0.000000, 0.375115, -0.926978
Y -1.000000, 0.000000, -0.000000
Z 0.000000, 0.926978, 0.375115

PART 40
OFFSET 16.764238, -1.540104, 55.511298
SCALE 1.000000, 1.000000, 1.000000
X -0.000000, 0.237846, -0.971303
Y -1.000000, -0.000000, 0.000000
Z -0.000000, 0.971303, 0.237846

PART 41
OFFSET 16.764744, -1.426304, 55.046498
SCALE 1.000000, 1.000000, 1.000000
X 0.000000, 0.149063, -0.988828
Y -1.000000, 0.000000, -0.000000
Z 0.000000, 0.988828, 0.149063

PART 42
OFFSET 16.763733, -1.353704, 54.564998
SCALE 1.000000, 1.000000, 1.000000
X 0.000000, 0.091155, -0.995837
Y -1.000000, 0.000000, -0.000000
Z 0.000000, 0.995837, 0.091155

PART 43
OFFSET 16.763801, -1.310803, 54.095898
SCALE 1.000000, 1.000000, 1.000000
X 0.000000, 0.051620, -0.998667
Y -1.000000, 0.000000, -0.000000
Z 0.000000, 0.998667, 0.051620

PART 44
OFFSET 16.763775, -1.285704, 53.609698
SCALE 1.000000, 1.000000, 1.000000
X -0.000000, 0.023131, -0.999732
Y -1.000000, -0.000000, 0.000000
Z -0.000000, 0.999732, 0.023131

PART 45
OFFSET 16.763818, -1.274604, 53.130598
SCALE 1.000000, 1.000000, 1.000000
X 0.000000, 0.002258, -0.999997
Y -1.000000, 0.000000, -0.000000
Z 0.000000, 0.999997, 0.002258

PART 46
OFFSET 16.763797, -1.273499, 52.644698
SCALE 1.000000, 1.000000, 1.000000
X -0.000000, -0.013184, -0.999913
Y -1.000000, -0.000000, 0.000000
Z -0.000000, 0.999913, -0.013184

PART 47
OFFSET 16.763870, -1.279767, 52.166398
SCALE 1.000000, 1.000000, 1.000000
X 0.000000, -0.025390, -0.999678
Y -1.000000, -0.000000, 0.000000
Z -0.000000, 0.999678, -0.025390

PART 48
OFFSET 16.763868, -1.292154, 51.680598
SCALE 1.000000, 1.000000, 1.000000
X 0.000000, -0.035518, -0.999369
Y -1.000000, 0.000000, -0.000000
Z 0.000000, 0.999369, -0.035518

PART 49
OFFSET 16.763929, -1.309153, 51.201698
SCALE 1.000000, 1.000000, 1.000000
X -0.000000, -0.043875, -0.999037
Y -1.000000, -0.000000, 0.000000
Z -0.000000, 0.999037, -0.043875

PART 50
OFFSET 16.763971, -1.330503, 50.716298
SCALE 1.000000, 1.000000, 1.000000
X 0.000000, -0.050767, -0.998711
Y -1.000000, -0.000000, 0.000000
Z -0.000000, 0.998711, -0.050767

PART 51
OFFSET 16.763921, -1.354773, 50.239398
SCALE 1.000000, 1.000000, 1.000000
X -0.000000, -0.056498, -0.998403
Y -1.000000, -0.000000, 0.000000
Z -0.000000, 0.998403, -0.056498

PART 52
OFFSET 16.763988, -1.381804, 49.761398
SCALE 1.000000, 1.000000, 1.000000
X -0.000000, -0.061252, -0.998122
Y -1.000000, -0.000000, 0.000000
Z -0.000000, 0.998122, -0.061252

PART 53
OFFSET 16.763984, -1.411673, 49.275698
SCALE 1.000000, 1.000000, 1.000000
X 0.000000, -0.064178, -0.997938
Y -1.000000, 0.000000, -0.000000
Z 0.000000, 0.997938, -0.064178

PART 54
OFFSET 16.763983, -1.442204, 48.800498
SCALE 1.000000, 1.000000, 1.000000
X 0.000000, -0.064178, -0.997938
Y -1.000000, 0.000000, -0.000000
Z 0.000000, 0.997938, -0.064178

PART 55
OFFSET 19.472009, -3.345778, 57.671327
SCALE 1.000000, 1.000000, 1.000000
X -0.000000, 1.000000, 0.000000
Y -1.000000, -0.000000, 0.000000
Z 0.000000, 0.000000, 1.000000

PART 56
OFFSET 6.717356, -3.354682, 58.569992
SCALE 1.000000, 1.000000, 1.000000
X -0.000000, 1.000000, 0.000000
Y -1.000000, -0.000000, 0.000000
Z 0.000000, 0.000000, 1.000000

PART 57
OFFSET 14.209039, -4.878161, 56.654585
SCALE 1.000000, 1.000000, 1.000000
X -0.000000, 1.000000, 0.000000
Y -1.000000, -0.000000, 0.000000
Z 0.000000, 0.000000, 1.000000

PART 58
OFFSET 18.527657, -3.338026, 57.403525
SCALE 1.000000, 1.000000, 1.000000
X -0.000000, 1.000000, 0.000000
Y -1.000000, -0.000000, 0.000000
Z 0.000000, 0.000000, 1.000000

PART 59
OFFSET 15.448712, -2.333272, 56.189738
SCALE 1.000000, 1.000000, 1.000000
X -0.000000, 1.000000, 0.000000
Y -1.000000, -0.000000, 0.000000
Z 0.000000, 0.000000, 1.000000

PART 60
OFFSET 12.999657, -1.973503, 53.461011
SCALE 1.000000, 1.000000, 1.000000
X 0.944705, -0.319582, 0.073476
Y -0.148828, -0.617519, -0.772347
Z 0.292201, 0.718705, -0.630937

PART 61
OFFSET 12.926881, -2.663604, 52.500023
SCALE 1.000000, 1.000000, 1.000000
X 0.290010, -0.894660, 0.339821
Y -0.359393, 0.227281, 0.905085
Z -0.886978, -0.384613, -0.255621

PART 62
OFFSET 9.855364, -2.749506, 51.700527
SCALE 1.000000, 1.000000, 1.000000
X 0.662949, -0.708345, 0.242374
Y -0.638554, -0.365988, 0.676980
Z -0.390829, -0.603572, -0.694948

PART 63
OFFSET 10.520306, -2.373816, 51.884682
SCALE 1.000000, 1.000000, 1.000000
X 0.820847, -0.555999, 0.130671
Y -0.468375, -0.524360, 0.711105
Z -0.326855, -0.644912, -0.690836

PART 64
OFFSET 10.377074, -0.994282, 53.629031
SCALE 1.000000, 1.000000, 1.000000
X 0.933242, -0.276914, 0.228864
Y -0.047368, -0.726349, -0.685692
Z 0.356113, 0.629075, -0.690976

PART 65
OFFSET 3.256971, -4.218107, 54.300101
SCALE 1.000000, 1.000000, 1.000000
X -0.960072, -0.056448, -0.273997
Y -0.279136, 0.258219, 0.924882
Z 0.018544, 0.964436, -0.263665

PART 66
OFFSET 3.327643, -4.637807, 53.209068
SCALE 1.000000, 1.000000, 1.000000
X -0.346746, -0.923173, 0.165889
Y 0.895042, -0.378551, -0.235796
Z 0.280478, 0.066716, 0.957539

PART 67
OFFSET 1.131694, -4.550019, 51.381790
SCALE 1.000000, 1.000000, 1.000000
X 0.974896, 0.217640, -0.047011
Y -0.052657, 0.020212, -0.998408
Z -0.216343, 0.975820, 0.031165

PART 68
OFFSET 1.456243, -4.716149, 52.064488
SCALE 1.000000, 1.000000, 1.000000
X 0.986086, 0.155307, 0.059281
Y 0.064502, -0.028790, -0.997502
Z -0.153212, 0.987447, -0.038407

PART 69
OFFSET 0.308415, -4.157338, 53.177837
SCALE 1.000000, 1.000000, 1.000000
X -0.575268, -0.715985, -0.395515
Y -0.813690, 0.451539, 0.366089
Z -0.083524, 0.532426, -0.842346

PART 70
OFFSET 13.121540, -2.031327, 53.213062
SCALE 1.000000, 1.000000, 1.000000
X 0.532738, -0.843894, -0.063499
Y -0.402939, -0.318919, 0.857864
Z -0.744198, -0.431431, -0.509938

PART 71
OFFSET 12.999657, -1.973503, 53.461011
SCALE 1.000000, 1.000000, 1.000000
X 0.944705, -0.319582, 0.073476
Y -0.148828, -0.617519, -0.772347
Z 0.292201, 0.718705, -0.630937

PART 72
OFFSET 13.519486, -4.491571, 53.194307
SCALE 1.000000, 1.000000, 1.000000
X -0.246748, -0.073278, 0.966305
Y -0.390429, 0.920147, -0.029919
Z -0.886950, -0.384656, -0.255654

PART 73
OFFSET 11.640580, -4.250153, 52.407291
SCALE 1.000000, 1.000000, 1.000000
X 0.173989, -0.476560, 0.861753
Y -0.422692, 0.754241, 0.502446
Z -0.889415, -0.451676, -0.070209

PART 74
OFFSET 12.382352, -3.645999, 52.306923
SCALE 1.000000, 1.000000, 1.000000
X 0.176374, -0.637609, 0.749898
Y -0.522674, 0.584897, 0.620247
Z -0.834088, -0.501348, -0.230101

PART 75
OFFSET 12.134462, -1.604840, 54.290695
SCALE 1.000000, 1.000000, 1.000000
X 0.948648, -0.315234, -0.026362
Y -0.287020, -0.822708, -0.490684
Z 0.132992, 0.473053, -0.870939

PART 76
OFFSET 3.067540, -4.452323, 54.126916
SCALE 1.000000, 1.000000, 1.000000
X -0.999436, 0.021196, 0.026043
Y -0.018419, -0.994554, 0.102586
Z 0.028075, 0.102048, 0.994383

PART 77
OFFSET 3.256971, -4.218107, 54.300101
SCALE 1.000000, 1.000000, 1.000000
X -0.960072, -0.056448, -0.273997
Y -0.279136, 0.258219, 0.924882
Z 0.018544, 0.964436, -0.263665

PART 78
OFFSET 4.036140, -2.751539, 52.870102
SCALE 1.000000, 1.000000, 1.000000
X 0.895412, -0.377591, -0.235926
Y 0.345830, 0.923567, -0.165604
Z 0.280424, 0.066693, 0.957556

PART 79
OFFSET 3.286222, -4.178144, 51.176575
SCALE 1.000000, 1.000000, 1.000000
X -0.008671, -0.984810, -0.173417
Y 0.849517, 0.084228, -0.520795
Z 0.527491, -0.151837, 0.835882

PART 80
OFFSET 3.393433, -4.365011, 52.179913
SCALE 1.000000, 1.000000, 1.000000
X -0.241589, -0.969583, 0.039300
Y 0.902698, -0.239414, -0.357516
Z 0.356050, -0.050896, 0.933080

PART 81
OFFSET 1.418188, -2.586246, 54.023953
SCALE 1.000000, 1.000000, 1.000000
X -0.959813, -0.279348, -0.026900
Y -0.266762, 0.878380, 0.396595
Z -0.087159, 0.387833, -0.917600

PART 82
OFFSET 14.070774, -3.534991, 53.099917
SCALE 1.000000, 1.000000, 1.000000
X 0.223022, -0.880145, 0.419054
Y -0.629599, 0.198139, 0.751230
Z -0.744222, -0.431376, -0.509949

PART 83
OFFSET 13.230224, -4.577488, 54.327188
SCALE 1.000000, 1.000000, 1.000000
X -0.388646, 0.322509, 0.863100
Y -0.249546, 0.864886, -0.435545
Z -0.886950, -0.384656, -0.255654

PART 84
OFFSET 11.867838, -4.872634, 53.532824
SCALE 1.000000, 1.000000, 1.000000
X -0.149745, 0.142792, 0.978359
Y -0.431876, 0.880681, -0.194637
Z -0.889415, -0.451676, -0.070209

PART 85
OFFSET 12.671477, -4.691034, 53.535993
SCALE 1.000000, 1.000000, 1.000000
X -0.322681, 0.105057, 0.940659
Y -0.447469, 0.858815, -0.249415
Z -0.834055, -0.501398, -0.230114

PART 86
OFFSET 13.436176, -2.068216, 54.262590
SCALE 1.000000, 1.000000, 1.000000
X 0.976576, 0.099966, 0.190541
Y 0.197431, -0.768402, -0.608752
Z 0.085558, 0.632112, -0.770139

PART 87
OFFSET 4.848399, -4.490141, 54.080455
SCALE 1.000000, 1.000000, 1.000000
X -0.284050, -0.952947, 0.105864
Y 0.958397, -0.285431, 0.002196
Z 0.028124, 0.102084, 0.994378

PART 88
OFFSET 2.986340, -2.308873, 53.146740
SCALE 1.000000, 1.000000, 1.000000
X 0.872922, 0.397214, -0.283246
Y -0.399252, 0.915299, 0.053148
Z 0.280366, 0.066692, 0.957574

PART 89
OFFSET 3.297566, -2.891820, 51.403047
SCALE 1.000000, 1.000000, 1.000000
X 0.705708, -0.469483, -0.530624
Y 0.473001, 0.869788, -0.140495
Z 0.527491, -0.151837, 0.835882

PART 90
OFFSET 3.789354, -2.775936, 52.115485
SCALE 1.000000, 1.000000, 1.000000
X 0.859935, -0.372882, -0.348527
Y 0.365682, 0.926479, -0.088960
Z 0.356075, -0.050950, 0.933067

PART 91
OFFSET 2.251022, -2.255146, 54.100625
SCALE 1.000000, 1.000000, 1.000000
X -0.879135, 0.331008, 0.342865
Y 0.438031, 0.844660, 0.307699
Z -0.187754, 0.420694, -0.887561

PART 92
OFFSET 14.282461, -4.370300, 53.497628
SCALE 1.000000, 1.000000, 1.000000
X -0.122829, -0.662065, 0.739312
Y -0.656542, 0.612849, 0.439738
Z -0.744222, -0.431376, -0.509949

PART 93
OFFSET 11.754300, -4.764363, 54.274621
SCALE 1.000000, 1.000000, 1.000000
X -0.295387, 0.450721, 0.842376
Y -0.348837, 0.769960, -0.534298
Z -0.889415, -0.451676, -0.070209

PART 94
OFFSET 12.325099, -4.578282, 54.545843
SCALE 1.000000, 1.000000, 1.000000
X -0.391911, 0.244936, 0.886799
Y -0.388275, 0.829823, -0.400794
Z -0.834055, -0.501398, -0.230114

PART 95
OFFSET 5.117902, -3.585752, 53.980009
SCALE 1.000000, 1.000000, 1.000000
X 0.213725, -0.972382, 0.093781
Y 0.976489, 0.209886, -0.049166
Z 0.028124, 0.102084, 0.994378

PART 96
OFFSET 2.762483, -2.535778, 51.805457
SCALE 1.000000, 1.000000, 1.000000
X 0.827488, 0.314647, -0.465038
Y -0.192398, 0.936986, 0.291617
Z 0.527491, -0.151837, 0.835882

PART 97
OFFSET 2.866114, -2.375609, 52.489630
SCALE 1.000000, 1.000000, 1.000000
X 0.851895, 0.428107, -0.301661
Y -0.384092, 0.902290, 0.195820
Z 0.356018, -0.050952, 0.933089

PART 98
OFFSET -0.106364, -0.000001, 59.999999
SCALE 1.000000, 1.000000, 1.000000
X 1.000000, 0.000000, 0.000000
Y 0.000000, 1.000000, 0.000000
Z 0.000000, 0.000000, 1.000000

PART 99
OFFSET -0.106364, -0.000001, 59.999999
SCALE 1.000000, 1.000000, 1.000000
X 1.000000, 0.000000, 0.000000
Y 0.000000, 1.000000, 0.000000
Z 0.000000, 0.000000, 1.000000

PART 100
OFFSET -4.738254, -0.000001, 58.623226
SCALE 1.000000, 1.000000, 1.000000
X 1.000000, 0.000000, 0.000000
Y 0.000000, 1.000000, 0.000000
Z 0.000000, 0.000000, 1.000000

PART 101
OFFSET 1.434187, -0.000001, 64.135821
SCALE 1.000000, 1.000000, 1.000000
X 1.000000, 0.000000, 0.000000
Y 0.000000, 1.000000, 0.000000
Z 0.000000, 0.000000, 1.000000

PART 102
OFFSET 1.434187, -0.000001, 64.135821
SCALE 1.000000, 1.000000, 1.000000
X 1.000000, 0.000000, 0.000000
Y 0.000000, 1.000000, 0.000000
Z 0.000000, 0.000000, 1.000000

FRAME 1
PART 0
OFFSET -1.009664, -0.000001, 52.513799
SCALE 1.000000, 1.000000, 1.000000
X 1.000000, 0.000000, 0.000000
Y 0.000000, 1.000000, 0.000000
Z 0.000000, 0.000000, 1.000000

PART 1
OFFSET -7.135354, 5.658551, 51.233635
SCALE 1.000000, 1.000000, 1.000000
X 0.917443, -0.005233, -0.397833
Y -0.273245, 0.718520, -0.639582
Z 0.289198, 0.695486, 0.657771

PART 2
OFFSET -10.641747, -6.045296, 52.130538
SCALE 1.000000, 1.000000, 1.000000
X -0.468958, 0.474916, 0.744670
Y 0.868281, 0.402316, 0.290224
Z -0.161760, 0.782686, -0.601030

PART 3
OFFSET 4.209596, -3.275472, 50.164819
SCALE 1.000000, 1.000000, 1.000000
X 0.999966, 0.007869, -0.002325
Y -0.007880, 0.999957, -0.004867
Z 0.002286, 0.004885, 0.999985

PART 4
OFFSET 4.212094, -3.277399, 50.163321
SCALE 1.000000, 1.000000, 1.000000
X 0.999964, 0.008112, -0.002643
Y -0.008124, 0.999957, -0.004567
Z 0.002606, 0.004588, 0.999986

PART 5
OFFSET 2.898083, 5.068189, 47.446197
SCALE 1.000000, 1.000000, 1.000000
X 0.651217, -0.646549, 0.397355
Y 0.701629, 0.313419, -0.639910
Z 0.289195, 0.695516, 0.657742

PART 6
OFFSET -5.360394, -10.476104, 44.940225
SCALE 1.000000, 1.000000, 1.000000
X -0.517847, -0.585669, -0.623559
Y -0.840059, 0.210391, 0.500037
Z -0.161665, 0.782769, -0.600947

PART 7
OFFSET 4.212094, -3.277399, 50.163321
SCALE 1.000000, 1.000000, 1.000000
X 0.999964, 0.008112, -0.002643
Y -0.008124, 0.999957, -0.004567
Z 0.002606, 0.004588, 0.999986

PART 8
OFFSET 2.898083, 5.068189, 47.446197
SCALE 1.000000, 1.000000, 1.000000
X 0.651217, -0.646549, 0.397355
Y 0.701629, 0.313419, -0.639910
Z 0.289195, 0.695516, 0.657742

PART 9
OFFSET 9.540571, -1.472706, 51.388421
SCALE 1.000000, 1.000000, 1.000000
X 0.947329, -0.311863, 0.072872
Y -0.145738, -0.622393, -0.769017
Z 0.285183, 0.717892, -0.635061

PART 10
OFFSET 7.687429, 0.312988, 50.367855
SCALE 1.000000, 1.000000, 1.000000
X 0.651217, -0.646549, 0.397355
Y -0.021505, -0.539111, -0.841960
Z 0.758587, 0.539754, -0.364982

PART 11
OFFSET 6.889205, 1.105521, 49.880915
SCALE 1.000000, 1.000000, 1.000000
X 0.651217, -0.646549, 0.397355
Y 0.137514, -0.414397, -0.899647
Z 0.746329, 0.640507, -0.180953

PART 12
OFFSET 6.090980, 1.898055, 49.393970
SCALE 1.000000, 1.000000, 1.000000
X 0.651217, -0.646549, 0.397355
Y 0.290493, -0.271345, -0.917598
Z 0.701092, 0.712984, 0.011113

PART 13
OFFSET 5.292754, 2.690590, 48.907028
SCALE 1.000000, 1.000000, 1.000000
X 0.651217, -0.646549, 0.397355
Y 0.422185, -0.126442, -0.897648
Z 0.630616, 0.752321, 0.190622

PART 14
OFFSET 4.494529, 3.483121, 48.420084
SCALE 1.000000, 1.000000, 1.000000
X 0.651217, -0.646549, 0.397355
Y 0.537110, 0.022772, -0.843205
Z 0.536125, 0.762532, 0.362097

PART 15
OFFSET 3.696306, 4.275656, 47.933143
SCALE 1.000000, 1.000000, 1.000000
X 0.651217, -0.646549, 0.397355
Y 0.631590, 0.171464, -0.756105
Z 0.420727, 0.743353, 0.520014

PART 16
OFFSET 8.485653, -0.479545, 50.854797
SCALE 1.000000, 1.000000, 1.000000
X 0.651217, -0.646549, 0.397355
Y -0.169438, -0.634255, -0.754329
Z 0.739735, 0.423905, -0.522587

PART 17
OFFSET -5.360394, -10.476104, 44.940225
SCALE 1.000000, 1.000000, 1.000000
X -0.517847, -0.585669, -0.623559
Y -0.840059, 0.210391, 0.500037
Z -0.161665, 0.782769, -0.600947

PART 18
OFFSET 0.256908, -4.574253, 51.336568
SCALE 1.000000, 1.000000, 1.000000
X -0.960316, -0.065552, -0.271100
Y -0.278737, 0.260132, 0.924466
Z 0.009921, 0.963345, -0.268081

PART 19
OFFSET -1.552841, -6.170698, 49.524653
SCALE 1.000000, 1.000000, 1.000000
X -0.517847, -0.585669, -0.623559
Y -0.763188, -0.013033, 0.646045
Z -0.386495, 0.810445, -0.440227

PART 20
OFFSET -2.187432, -6.888267, 48.760584
SCALE 1.000000, 1.000000, 1.000000
X -0.517847, -0.585669, -0.623559
Y -0.781050, 0.026323, 0.623914
Z -0.348993, 0.810123, -0.471068

PART 21
OFFSET -2.822027, -7.605833, 47.996510
SCALE 1.000000, 1.000000, 1.000000
X -0.517847, -0.585669, -0.623559
Y -0.797073, 0.065626, 0.600306
Z -0.310659, 0.807889, -0.500805

PART 22
OFFSET -3.456620, -8.323403, 47.232439
SCALE 1.000000, 1.000000, 1.000000
X -0.517847, -0.585669, -0.623559
Y -0.810369, 0.102278, 0.576923
Z -0.274110, 0.804071, -0.527573

PART 23
OFFSET -4.091213, -9.040968, 46.468368
SCALE 1.000000, 1.000000, 1.000000
X -0.517847, -0.585669, -0.623559
Y -0.821949, 0.138577, 0.552446
Z -0.237140, 0.798616, -0.553152

PART 24
OFFSET -4.725805, -9.758537, 45.704298
SCALE 1.000000, 1.000000, 1.000000
X -0.517847, -0.585669, -0.623559
Y -0.831864, 0.174679, 0.526773
Z -0.199592, 0.791504, -0.577654

PART 25
OFFSET -0.918249, -5.453130, 50.288722
SCALE 1.000000, 1.000000, 1.000000
X -0.517847, -0.585669, -0.623559
Y -0.744863, -0.049798, 0.665357
Z -0.420731, 0.809019, -0.410456

PART 26
OFFSET 18.414916, -3.144572, 53.982454
SCALE 1.000000, 1.000000, 1.000000
X 0.008124, -0.999957, 0.004567
Y 0.999964, 0.008112, -0.002643
Z 0.002606, 0.004588, 0.999986

PART 27
OFFSET 6.836609, -3.221415, 57.752831
SCALE 1.000000, 1.000000, 1.000000
X 0.999964, 0.008112, -0.002643
Y -0.008124, 0.999957, -0.004567
Z 0.002606, 0.004588, 0.999986

PART 28
OFFSET 14.950407, -3.167026, 55.228571
SCALE 1.000000, 1.000000, 1.000000
X 0.999964, 0.008112, -0.002643
Y -0.008124, 0.999957, -0.004567
Z 0.002606, 0.004588, 0.999986

PART 29
OFFSET 14.195036, -3.173154, 55.230568
SCALE 1.000000, 1.000000, 1.000000
X 0.999964, 0.008112, -0.002643
Y -0.008124, 0.999957, -0.004567
Z 0.002606, 0.004588, 0.999986

PART 30
OFFSET 11.556400, -2.412655, 57.165376
SCALE 1.000000, 1.000000, 1.000000
X 0.999964, 0.008112, -0.002643
Y -0.008124, 0.999957, -0.004567
Z 0.002606, 0.004588, 0.999986

PART 31
OFFSET 10.684738, -3.194305, 56.843539
SCALE 1.000000, 1.000000, 1.000000
X 0.999964, 0.008112, -0.002643
Y -0.008124, 0.999957, -0.004567
Z 0.002606, 0.004588, 0.999986

PART 32
OFFSET 39.293488, -2.972190, 54.587121
SCALE 1.000000, 1.000000, 1.000000
X 0.999964, 0.008112, -0.002643
Y -0.008124, 0.999957, -0.004567
Z 0.002606, 0.004588, 0.999986

PART 33
OFFSET 36.932973, -1.716452, 54.178780
SCALE 1.000000, 1.000000, 1.000000
X -0.999964, -0.008115, 0.002638
Y 0.006199, -0.478447, 0.878094
Z -0.005864, 0.878079, 0.478480

PART 34
OFFSET 36.953716, -4.269791, 54.190441
SCALE 1.000000, 1.000000, 1.000000
X -0.999964, -0.008100, 0.002636
Y -0.001638, 0.486493, 0.873683
Z -0.008359, 0.873647, -0.486488

PART 35
OFFSET 16.777364, -3.177456, 55.491165
SCALE 1.000000, 1.000000, 1.000000
X -0.005295, 0.967884, 0.251343
Y -0.999978, -0.006152, 0.002628
Z 0.004090, -0.251323, 0.967895

PART 36
OFFSET 16.775394, -2.709911, 55.621398
SCALE 1.000000, 1.000000, 1.000000
X -0.000792, 0.999667, 0.025797
Y -0.999996, -0.000861, 0.002634
Z 0.002655, -0.025794, 0.999664

PART 37
OFFSET 16.775242, -2.234568, 55.637879
SCALE 1.000000, 1.000000, 1.000000
X 0.008129, 0.949379, -0.314029
Y -0.999952, 0.009414, 0.002578
Z 0.005403, 0.313993, 0.949410

PART 38
OFFSET 16.779056, -1.766095, 55.473357
SCALE 1.000000, 1.000000, 1.000000
X 0.015315, 0.746692, -0.664994
Y -0.999737, 0.022772, 0.002545
Z 0.017044, 0.664780, 0.746845

PART 39
OFFSET 16.789156, -1.405536, 55.152132
SCALE 1.000000, 1.000000, 1.000000
X 0.013505, 0.475385, -0.879674
Y -0.999455, 0.032928, 0.002451
Z 0.030131, 0.879162, 0.475570

PART 40
OFFSET 16.804487, -1.174074, 54.722978
SCALE 1.000000, 1.000000, 1.000000
X 0.007593, 0.263279, -0.964690
Y -0.999284, 0.037745, 0.002436
Z 0.037054, 0.963981, 0.263377

PART 41
OFFSET 16.823392, -1.049574, 54.261367
SCALE 1.000000, 1.000000, 1.000000
X 0.002497, 0.123025, -0.992400
Y -0.999214, 0.039560, 0.002390
Z 0.039553, 0.991615, 0.123027

PART 42
OFFSET 16.845085, -0.991025, 53.781665
SCALE 1.000000, 1.000000, 1.000000
X -0.001122, 0.032775, -0.999462
Y -0.999194, 0.040079, 0.002436
Z 0.040137, 0.998659, 0.032703

PART 43
OFFSET 16.866409, -0.976085, 53.310381
SCALE 1.000000, 1.000000, 1.000000
X -0.003613, -0.029414, -0.999561
Y -0.999193, 0.040105, 0.002431
Z 0.040016, 0.998762, -0.029535

PART 44
OFFSET 16.890058, -0.991147, 52.824719
SCALE 1.000000, 1.000000, 1.000000
X -0.005437, -0.075542, -0.997128
Y -0.999199, 0.039948, 0.002422
Z 0.039650, 0.996342, -0.075698

PART 45
OFFSET 16.915101, -1.028290, 52.347972
SCALE 1.000000, 1.000000, 1.000000
X -0.006833, -0.111109, -0.993785
Y -0.999209, 0.039681, 0.002433
Z 0.039165, 0.993016, -0.111292

PART 46
OFFSET 16.940512, -1.083223, 51.865955
SCALE 1.000000, 1.000000, 1.000000
X -0.007944, -0.139638, -0.990171
Y -0.999226, 0.039268, 0.002479
Z 0.038536, 0.989424, -0.139842

PART 47
OFFSET 16.969151, -1.151555, 51.392345
SCALE 1.000000, 1.000000, 1.000000
X -0.008765, -0.164189, -0.986390
Y -0.999243, 0.038818, 0.002418
Z 0.037892, 0.985665, -0.164405

PART 48
OFFSET 16.995419, -1.232751, 50.912131
SCALE 1.000000, 1.000000, 1.000000
X -0.009532, -0.185590, -0.982581
Y -0.999258, 0.038433, 0.002434
Z 0.037312, 0.981875, -0.185819

PART 49
OFFSET 17.021734, -1.323517, 50.445600
SCALE 1.000000, 1.000000, 1.000000
X -0.010117, -0.204409, -0.978833
Y -0.999278, 0.037922, 0.002410
Z 0.036627, 0.978151, -0.204645

PART 50
OFFSET 17.053025, -1.422750, 49.966823
SCALE 1.000000, 1.000000, 1.000000
X -0.010631, -0.221285, -0.975151
Y -0.999298, 0.037380, 0.002411
Z 0.035918, 0.974493, -0.221527

PART 51
OFFSET 17.080240, -1.529985, 49.503506
SCALE 1.000000, 1.000000, 1.000000
X -0.011061, -0.236321, -0.971612
Y -0.999314, 0.036957, 0.002388
Z 0.035343, 0.970972, -0.236567

PART 52
OFFSET 17.113057, -1.646336, 49.039754
SCALE 1.000000, 1.000000, 1.000000
X -0.011539, -0.250035, -0.968168
Y -0.999334, 0.036396, 0.002511
Z 0.034610, 0.967552, -0.250289

PART 53
OFFSET 17.141904, -1.767210, 48.569079
SCALE 1.000000, 1.000000, 1.000000
X -0.011672, -0.260894, -0.965297
Y -0.999347, 0.036067, 0.002336
Z 0.034205, 0.964693, -0.261145

PART 54
OFFSET 17.176353, -1.891694, 48.109070
SCALE 1.000000, 1.000000, 1.000000
X -0.011672, -0.260894, -0.965297
Y -0.999347, 0.036067, 0.002336
Z 0.034205, 0.964693, -0.261145

PART 55
OFFSET 19.487728, -3.124622, 56.611731
SCALE 1.000000, 1.000000, 1.000000
X -0.008115, 0.999957, -0.004567
Y -0.999964, -0.008103, 0.002643
Z 0.002606, 0.004588, 0.999986

PART 56
OFFSET 6.735954, -3.232864, 57.544136
SCALE 1.000000, 1.000000, 1.000000
X -0.008115, 0.999957, -0.004567
Y -0.999964, -0.008103, 0.002643
Z 0.002606, 0.004588, 0.999986

PART 57
OFFSET 14.234749, -4.704295, 55.615912
SCALE 1.000000, 1.000000, 1.000000
X -0.008115, 0.999957, -0.004567
Y -0.999964, -0.008103, 0.002643
Z 0.002606, 0.004588, 0.999986

PART 58
OFFSET 18.542650, -3.125759, 56.346393
SCALE 1.000000, 1.000000, 1.000000
X -0.008115, 0.999957, -0.004567
Y -0.999964, -0.008103, 0.002643
Z 0.002606, 0.004588, 0.999986

PART 59
OFFSET 15.452492, -2.151594, 55.136172
SCALE 1.000000, 1.000000, 1.000000
X -0.008115, 0.999957, -0.004567
Y -0.999964, -0.008103, 0.002643
Z 0.002606, 0.004588, 0.999986

PART 60
OFFSET 12.990481, -1.824974, 52.417752
SCALE 1.000000, 1.000000, 1.000000
X 0.947329, -0.311863, 0.072872
Y -0.145738, -0.622393, -0.769017
Z 0.285183, 0.717892, -0.635061

PART 61
OFFSET 12.920949, -2.520235, 51.460273
SCALE 1.000000, 1.000000, 1.000000
X 0.297745, -0.890713, 0.343479
Y -0.359135, 0.228857, 0.904791
Z -0.884517, -0.392752, -0.251745

PART 62
OFFSET 9.848403, -2.633938, 50.668184
SCALE 1.000000, 1.000000, 1.000000
X 0.668992, -0.701980, 0.244281
Y -0.634170, -0.367673, 0.680180
Z -0.387657, -0.609951, -0.691145

PART 63
OFFSET 10.510810, -2.252189, 50.849008
SCALE 1.000000, 1.000000, 1.000000
X 0.825451, -0.548947, 0.131481
Y -0.462678, -0.524550, 0.714687
Z -0.323357, -0.650772, -0.686976

PART 64
OFFSET 10.360737, -0.865386, 52.587002
SCALE 1.000000, 1.000000, 1.000000
X 0.935880, -0.268538, 0.228072
Y -0.043247, -0.730008, -0.682069
Z 0.349656, 0.628471, -0.694813

PART 65
OFFSET 3.271251, -4.142947, 53.287012
SCALE 1.000000, 1.000000, 1.000000
X -0.960316, -0.065552, -0.271100
Y -0.278737, 0.260132, 0.924466
Z 0.009921, 0.963345, -0.268081

PART 66
OFFSET 3.342400, -4.566987, 52.197722
SCALE 1.000000, 1.000000, 1.000000
X -0.338708, -0.925219, 0.171015
Y 0.897477, -0.372272, -0.236533
Z 0.282509, 0.073366, 0.956455

PART 67
OFFSET 1.140865, -4.505525, 50.376086
SCALE 1.000000, 1.000000, 1.000000
X 0.972948, 0.225399, -0.050666
Y -0.055518, 0.015237, -0.998341
Z -0.224253, 0.974147, 0.027338

PART 68
OFFSET 1.468615, -4.665887, 51.058636
SCALE 1.000000, 1.000000, 1.000000
X 0.984937, 0.163639, 0.055873
Y 0.062037, -0.032800, -0.997535
Z -0.161403, 0.985975, -0.042458

PART 69
OFFSET 0.319268, -4.111425, 52.172588
SCALE 1.000000, 1.000000, 1.000000
X -0.570451, -0.722466, -0.390677
Y -0.816367, 0.446530, 0.366274
Z -0.090171, 0.527877, -0.844521

PART 70
OFFSET 13.112261, -1.883032, 52.169814
SCALE 1.000000, 1.000000, 1.000000
X 0.539158, -0.840019, -0.060637
Y -0.398528, -0.317893, 0.860302
Z -0.741946, -0.439673, -0.506165

PART 71
OFFSET 12.990481, -1.824974, 52.417752
SCALE 1.000000, 1.000000, 1.000000
X 0.947329, -0.311863, 0.072872
Y -0.145738, -0.622393, -0.769017
Z 0.285183, 0.717892, -0.635061

PART 72
OFFSET 13.529358, -4.340139, 52.162032
SCALE 1.000000, 1.000000, 1.000000
X -0.244006, -0.070513, 0.967207
Y -0.397663, 0.916921, -0.033475
Z -0.884491, -0.392791, -0.251775

PART 73
OFFSET 11.646840, -4.117201, 51.378122
SCALE 1.000000, 1.000000, 1.000000
X 0.179625, -0.471013, 0.863644
Y -0.427440, 0.753349, 0.499761
Z -0.886019, -0.458926, -0.066009

PART 74
OFFSET 12.383667, -3.507768, 51.273138
SCALE 1.000000, 1.000000, 1.000000
X 0.183029, -0.632581, 0.752557
Y -0.525835, 0.583795, 0.618612
Z -0.830661, -0.508945, -0.225782

PART 75
OFFSET 12.124304, -1.459050, 53.247599
SCALE 1.000000, 1.000000, 1.000000
X 0.951014, -0.307967, -0.026999
Y -0.281697, -0.827281, -0.486058
Z 0.127354, 0.469853, -0.873510

PART 76
OFFSET 3.083271, -4.379487, 53.115433
SCALE 1.000000, 1.000000, 1.000000
X -0.999502, 0.013124, 0.028684
Y -0.009980, -0.994194, 0.107138
Z 0.029923, 0.106799, 0.993830

PART 77
OFFSET 3.271251, -4.142947, 53.287012
SCALE 1.000000, 1.000000, 1.000000
X -0.960316, -0.065552, -0.271100
Y -0.278737, 0.260132, 0.924466
Z 0.009921, 0.963345, -0.268081

PART 78
OFFSET 4.034475, -2.676538, 51.848284
SCALE 1.000000, 1.000000, 1.000000
X 0.897834, -0.371323, -0.236670
Y 0.337799, 0.925602, -0.170744
Z 0.282464, 0.073353, 0.956469

PART 79
OFFSET 3.291709, -4.116960, 50.163290
SCALE 1.000000, 1.000000, 1.000000
X -0.001068, -0.985627, -0.168936
Y 0.847390, 0.088808, -0.523491
Z 0.530969, -0.143714, 0.835116

PART 80
OFFSET 3.403168, -4.298388, 51.167158
SCALE 1.000000, 1.000000, 1.000000
X -0.233531, -0.971337, 0.044351
Y 0.903662, -0.233648, -0.358893
Z 0.358969, -0.043735, 0.932324

PART 81
OFFSET 1.418417, -2.527457, 53.008506
SCALE 1.000000, 1.000000, 1.000000
X -0.957560, -0.287317, -0.022987
Y -0.272877, 0.877962, 0.393346
Z -0.092833, 0.382925, -0.919103

PART 82
OFFSET 14.072933, -3.379791, 52.061767
SCALE 1.000000, 1.000000, 1.000000
X 0.230813, -0.876342, 0.422787
Y -0.629450, 0.196863, 0.751690
Z -0.741969, -0.439624, -0.506176

PART 83
OFFSET 13.243310, -4.422813, 53.295969
SCALE 1.000000, 1.000000, 1.000000
X -0.389219, 0.323652, 0.862414
Y -0.257261, 0.860793, -0.439149
Z -0.884491, -0.392791, -0.251775

PART 84
OFFSET 11.881460, -4.732437, 52.506126
SCALE 1.000000, 1.000000, 1.000000
X -0.148673, 0.146353, 0.977996
Y -0.439165, 0.876338, -0.197901
Z -0.886019, -0.458925, -0.066015

PART 85
OFFSET 12.683698, -4.544561, 52.506566
SCALE 1.000000, 1.000000, 1.000000
X -0.321384, 0.107093, 0.940874
Y -0.454713, 0.854085, -0.252536
Z -0.830631, -0.508989, -0.225793

PART 86
OFFSET 13.429522, -1.912414, 53.218769
SCALE 1.000000, 1.000000, 1.000000
X 0.976192, 0.108477, 0.187834
Y 0.202045, -0.769780, -0.605489
Z 0.078909, 0.629025, -0.773370

PART 87
OFFSET 4.864248, -4.402922, 53.064266
SCALE 1.000000, 1.000000, 1.000000
X -0.275937, -0.954751, 0.110951
Y 0.960708, -0.277558, 0.000867
Z 0.029967, 0.106831, 0.993825

PART 88
OFFSET 2.981835, -2.241220, 52.125794
SCALE 1.000000, 1.000000, 1.000000
X 0.868860, 0.403056, -0.287452
Y -0.406599, 0.912232, 0.050102
Z 0.282417, 0.073346, 0.956484

PART 89
OFFSET 3.293121, -2.829570, 50.383908
SCALE 1.000000, 1.000000, 1.000000
X 0.708099, -0.466106, -0.530417
Y 0.465479, 0.872980, -0.145727
Z 0.530967, -0.143709, 0.835118

PART 90
OFFSET 3.785883, -2.706437, 51.094451
SCALE 1.000000, 1.000000, 1.000000
X 0.862018, -0.367415, -0.349188
Y 0.357834, 0.929026, -0.094157
Z 0.358999, -0.043786, 0.932310

PART 91
OFFSET 2.248713, -2.189203, 53.081379
SCALE 1.000000, 1.000000, 1.000000
X -0.880887, 0.325349, 0.343783
Y 0.431919, 0.849610, 0.302669
Z -0.193608, 0.415104, -0.888935

PART 92
OFFSET 14.292014, -4.211491, 52.463021
SCALE 1.000000, 1.000000, 1.000000
X -0.116014, -0.659416, 0.742773
Y -0.660321, 0.609838, 0.438263
Z -0.741969, -0.439624, -0.506176

PART 93
OFFSET 11.768735, -4.621467, 53.247647
SCALE 1.000000, 1.000000, 1.000000
X -0.297008, 0.452474, 0.840865
Y -0.356024, 0.764629, -0.537205
Z -0.886021, -0.458923, -0.066009

PART 94
OFFSET 12.338713, -4.429622, 53.516646
SCALE 1.000000, 1.000000, 1.000000
X -0.391824, 0.246166, 0.886497
Y -0.395634, 0.824823, -0.403907
Z -0.830631, -0.508989, -0.225793

PART 95
OFFSET 5.126051, -3.496822, 52.958992
SCALE 1.000000, 1.000000, 1.000000
X 0.221954, -0.970161, 0.097595
Y 0.974597, 0.217659, -0.052785
Z 0.029967, 0.106831, 0.993825

PART 96
OFFSET 2.756225, -2.476088, 50.786161
SCALE 1.000000, 1.000000, 1.000000
X 0.823627, 0.319285, -0.468718
Y -0.199282, 0.936699, 0.287892
Z 0.530967, -0.143709, 0.835118

PART 97
OFFSET 2.860407, -2.311980, 51.469306
SCALE 1.000000, 1.000000, 1.000000
X 0.847540, 0.433680, -0.305936
Y -0.390937, 0.900002, 0.192781
Z 0.358948, -0.043788, 0.932330

PART 98
OFFSET -0.106364, -0.000001, 59.999999
SCALE 1.000000, 1.000000, 1.000000
X 1.000000, 0.000000, 0.000000
Y 0.000000, 1.000000, 0.000000
Z 0.000000, 0.000000, 1.000000

PART 99
OFFSET -0.106364, -0.000001, 59.999999
SCALE 1.000000, 1.000000, 1.000000
X 1.000000, 0.000000, 0.000000
Y 0.000000, 1.000000, 0.000000
Z 0.000000, 0.000000, 1.000000

PART 100
OFFSET -4.738254, -0.000001, 58.623226
SCALE 1.000000, 1.000000, 1.000000
X 1.000000, 0.000000, 0.000000
Y 0.000000, 1.000000, 0.000000
Z 0.000000, 0.000000, 1.000000

PART 101
OFFSET 1.434187, -0.000001, 64.135821
SCALE 1.000000, 1.000000, 1.000000
X 1.000000, 0.000000, 0.000000
Y 0.000000, 1.000000, 0.000000
Z 0.000000, 0.000000, 1.000000

PART 102
OFFSET 1.434187, -0.000001, 64.135821
SCALE 1.000000, 1.000000, 1.000000
X 1.000000, 0.000000, 0.000000
Y 0.000000, 1.000000, 0.000000
Z 0.000000, 0.000000, 1.000000

FRAME 2
PART 0
OFFSET -1.009664, -0.000001, 52.513799
SCALE 1.000000, 1.000000, 1.000000
X 1.000000, 0.000000, 0.000000
Y 0.000000, 1.000000, 0.000000
Z 0.000000, 0.000000, 1.000000

PART 1
OFFSET -7.198633, 5.698133, 51.109348
SCALE 1.000000, 1.000000, 1.000000
