// Export filename: 'C:\Program Files (x86)\Steam\steamapps\common\Call of Duty Black Ops III\xanim_export\tbd\s2\lmg_m1919\vm_lmg_m1919_s2_putaway.xanim_export'
// Source filename: 'C:\Users\Ash\Documents\WW2 M1919\wpn_s2_lmg_m1919_rig.mb'
// Export time: Sun Nov 19 2017, 20:41:30

ANIMATION
VERSION 3

NUMPARTS 103
PART 0 "tag_torso"
PART 1 "j_shoulder_le"
PART 2 "j_shoulder_ri"
PART 3 "tag_weapon_left"
PART 4 "tag_weapon_right"
PART 5 "j_elbow_le"
PART 6 "j_elbow_ri"
PART 7 "tag_weapon"
PART 8 "j_elbow_bulge_le"
PART 9 "j_wrist_le"
PART 10 "j_wristtwist1_le"
PART 11 "j_wristtwist2_le"
PART 12 "j_wristtwist3_le"
PART 13 "j_wristtwist4_le"
PART 14 "j_wristtwist5_le"
PART 15 "j_wristtwist6_le"
PART 16 "j_wristtwist_le"
PART 17 "j_elbow_bulge_ri"
PART 18 "j_wrist_ri"
PART 19 "j_wristtwist1_ri"
PART 20 "j_wristtwist2_ri"
PART 21 "j_wristtwist3_ri"
PART 22 "j_wristtwist4_ri"
PART 23 "j_wristtwist5_ri"
PART 24 "j_wristtwist6_ri"
PART 25 "j_wristtwist_ri"
PART 26 "tag_brass"
PART 27 "tag_red_dot"
PART 28 "tag_sight_off"
PART 29 "tag_sight_on"
PART 30 "tag_ui_ammo"
PART 31 "tag_ui_ammo_ads"
PART 32 "tag_silencer"
PART 33 "bipod_l"
PART 34 "bipod_r"
PART 35 "tag_bullet01"
PART 36 "tag_bullet02"
PART 37 "tag_bullet03"
PART 38 "tag_bullet04"
PART 39 "tag_bullet05"
PART 40 "tag_bullet06"
PART 41 "tag_bullet07"
PART 42 "tag_bullet08"
PART 43 "tag_bullet09"
PART 44 "tag_bullet10"
PART 45 "tag_bullet11"
PART 46 "tag_bullet12"
PART 47 "tag_bullet13"
PART 48 "tag_bullet14"
PART 49 "tag_bullet15"
PART 50 "tag_bullet16"
PART 51 "tag_bullet17"
PART 52 "tag_bullet18"
PART 53 "tag_bullet19"
PART 54 "tag_bullet20"
PART 55 "front_pin"
PART 56 "peephole"
PART 57 "charging_handle"
PART 58 "hatch"
PART 59 "pin"
PART 60 "j_indexbase_le"
PART 61 "j_mid_le_1"
PART 62 "j_pinkybase_le"
PART 63 "j_ringbase_le"
PART 64 "j_thumb_le_1"
PART 65 "j_indexbase_ri"
PART 66 "j_mid_ri_1"
PART 67 "j_pinkybase_ri"
PART 68 "j_ringbase_ri"
PART 69 "j_thumb_ri_1"
PART 70 "j_index_le_1"
PART 71 "j_indexretract_le"
PART 72 "j_mid_le_2"
PART 73 "j_pinky_le_1"
PART 74 "j_ring_le_1"
PART 75 "j_thumb_le_2"
PART 76 "j_index_ri_1"
PART 77 "j_indexretract_ri"
PART 78 "j_mid_ri_2"
PART 79 "j_pinky_ri_1"
PART 80 "j_ring_ri_1"
PART 81 "j_thumb_ri_2"
PART 82 "j_index_le_2"
PART 83 "j_mid_le_3"
PART 84 "j_pinky_le_2"
PART 85 "j_ring_le_2"
PART 86 "j_thumb_le_3"
PART 87 "j_index_ri_2"
PART 88 "j_mid_ri_3"
PART 89 "j_pinky_ri_2"
PART 90 "j_ring_ri_2"
PART 91 "j_thumb_ri_3"
PART 92 "j_index_le_3"
PART 93 "j_pinky_le_3"
PART 94 "j_ring_le_3"
PART 95 "j_index_ri_3"
PART 96 "j_pinky_ri_3"
PART 97 "j_ring_ri_3"
PART 98 "tag_cambone"
PART 99 "tag_camera"
PART 100 "tag_fill_light"
PART 101 "tag_flashlight"
PART 102 "tag_gasmask"

FRAMERATE 30
NUMFRAMES 26

FRAME 0
PART 0
OFFSET -1.009664, -0.000001, 52.513799
SCALE 1.000000, 1.000000, 1.000000
X 1.000000, 0.000000, 0.000000
Y 0.000000, 1.000000, 0.000000
Z 0.000000, 0.000000, 1.000000

PART 1
OFFSET -7.111344, 5.639455, 51.294254
SCALE 1.000000, 1.000000, 1.000000
X 0.937787, -0.021399, -0.346552
Y -0.230631, 0.707709, -0.667800
Z 0.259548, 0.706180, 0.658744

PART 2
OFFSET -10.574599, -6.037421, 52.171387
SCALE 1.000000, 1.000000, 1.000000
X -0.525878, 0.468238, 0.710074
Y 0.843951, 0.391119, 0.367114
Z -0.105827, 0.792325, -0.600851

PART 3
OFFSET 4.213373, -3.344731, 51.181317
SCALE 1.000000, 1.000000, 1.000000
X 1.000000, 0.000099, -0.000051
Y -0.000099, 1.000000, -0.000054
Z 0.000051, 0.000054, 1.000000

PART 4
OFFSET 4.212718, -3.345018, 51.182410
SCALE 1.000000, 1.000000, 1.000000
X 1.000000, -0.000000, 0.000000
Y 0.000000, 1.000000, 0.000000
Z -0.000000, -0.000000, 1.000000

PART 5
OFFSET 3.115912, 4.886953, 48.070823
SCALE 1.000000, 1.000000, 1.000000
X 0.631207, -0.640292, 0.437726
Y 0.730902, 0.302193, -0.611932
Z 0.259538, 0.706191, 0.658737

PART 6
OFFSET -4.754222, -10.407577, 45.384310
SCALE 1.000000, 1.000000, 1.000000
X -0.457352, -0.575183, -0.678228
Y -0.882984, 0.203085, 0.423197
Z -0.105678, 0.792414, -0.600759

PART 7
OFFSET 4.212718, -3.345018, 51.182410
SCALE 1.000000, 1.000000, 1.000000
X 1.000000, 0.000000, 0.000000
Y 0.000000, 1.000000, 0.000000
Z 0.000000, 0.000000, 1.000000

PART 8
OFFSET 3.115912, 4.886953, 48.070823
SCALE 1.000000, 1.000000, 1.000000
X 0.631207, -0.640292, 0.437726
Y 0.730902, 0.302193, -0.611932
Z 0.259538, 0.706191, 0.658737

PART 9
OFFSET 9.555384, -1.589422, 52.425641
SCALE 1.000000, 1.000000, 1.000000
X 0.944705, -0.319582, 0.073476
Y -0.148828, -0.617519, -0.772347
Z 0.292201, 0.718705, -0.630937

PART 10
OFFSET 7.758126, 0.177758, 51.289393
SCALE 1.000000, 1.000000, 1.000000
X 0.631207, -0.640292, 0.437726
Y 0.018746, -0.551601, -0.833897
Z 0.775388, 0.534567, -0.336171

PART 11
OFFSET 6.984424, 0.962623, 50.752967
SCALE 1.000000, 1.000000, 1.000000
X 0.631207, -0.640292, 0.437726
Y 0.180025, -0.428002, -0.885667
Z 0.754433, 0.637840, -0.154890

PART 12
OFFSET 6.210721, 1.747489, 50.216538
SCALE 1.000000, 1.000000, 1.000000
X 0.631207, -0.640292, 0.437726
Y 0.333422, -0.285550, -0.898494
Z 0.700291, 0.713083, 0.033246

PART 13
OFFSET 5.437017, 2.532358, 49.680110
SCALE 1.000000, 1.000000, 1.000000
X 0.631207, -0.640292, 0.437726
Y 0.463846, -0.140692, -0.874673
Z 0.621631, 0.755137, 0.208191

PART 14
OFFSET 4.663314, 3.317221, 49.143681
SCALE 1.000000, 1.000000, 1.000000
X 0.631207, -0.640292, 0.437726
Y 0.575984, 0.009000, -0.817411
Z 0.519442, 0.768079, 0.374479

PART 15
OFFSET 3.889613, 4.102088, 48.607255
SCALE 1.000000, 1.000000, 1.000000
X 0.631207, -0.640292, 0.437726
Y 0.666272, 0.158705, -0.728625
Z 0.397063, 0.751557, 0.526785

PART 16
OFFSET 8.531828, -0.607108, 51.825819
SCALE 1.000000, 1.000000, 1.000000
X 0.631207, -0.640292, 0.437726
Y -0.132906, -0.645303, -0.752277
Z 0.764143, 0.416666, -0.492418

PART 17
OFFSET -4.754222, -10.407577, 45.384310
SCALE 1.000000, 1.000000, 1.000000
X -0.457352, -0.575183, -0.678228
Y -0.882984, 0.203085, 0.423197
Z -0.105678, 0.792414, -0.600759

PART 18
OFFSET 0.244699, -4.615432, 52.339429
SCALE 1.000000, 1.000000, 1.000000
X -0.960072, -0.056448, -0.273997
Y -0.279136, 0.258219, 0.924882
Z 0.018544, 0.964436, -0.263665

PART 19
OFFSET -1.391426, -6.179265, 50.370685
SCALE 1.000000, 1.000000, 1.000000
X -0.457352, -0.575183, -0.678228
Y -0.816284, -0.031090, 0.576814
Z -0.352860, 0.817434, -0.455294

PART 20
OFFSET -1.951892, -6.883985, 49.539626
SCALE 1.000000, 1.000000, 1.000000
X -0.457352, -0.575183, -0.678228
Y -0.833007, 0.010088, 0.553170
Z -0.311332, 0.817962, -0.483745

PART 21
OFFSET -2.512360, -7.588703, 48.708561
SCALE 1.000000, 1.000000, 1.000000
X -0.457352, -0.575183, -0.678228
Y -0.847623, 0.051249, 0.528118
Z -0.269006, 0.816418, -0.510977

PART 22
OFFSET -3.072827, -8.293423, 47.877498
SCALE 1.000000, 1.000000, 1.000000
X -0.457352, -0.575183, -0.678228
Y -0.859358, 0.089664, 0.503453
Z -0.228765, 0.813096, -0.535296

PART 23
OFFSET -3.633293, -8.998140, 47.046436
SCALE 1.000000, 1.000000, 1.000000
X -0.457352, -0.575183, -0.678228
Y -0.869148, 0.127731, 0.477772
Z -0.188176, 0.807991, -0.558337

PART 24
OFFSET -4.193759, -9.702860, 46.215375
SCALE 1.000000, 1.000000, 1.000000
X -0.457352, -0.575183, -0.678228
Y -0.877040, 0.165607, 0.450972
Z -0.147072, 0.801086, -0.580199

PART 25
OFFSET -0.830960, -5.474546, 51.201746
SCALE 1.000000, 1.000000, 1.000000
X -0.457352, -0.575183, -0.678228
Y -0.798778, -0.069514, 0.597596
Z -0.390874, 0.815066, -0.427651

PART 26
OFFSET 18.406005, -3.345018, 55.039111
SCALE 1.000000, 1.000000, 1.000000
X 0.000000, -1.000000, -0.000000
Y 1.000000, 0.000000, 0.000000
Z 0.000000, -0.000000, 1.000000

PART 27
OFFSET 6.817531, -3.345018, 58.778911
SCALE 1.000000, 1.000000, 1.000000
X 1.000000, 0.000000, 0.000000
Y 0.000000, 1.000000, 0.000000
Z 0.000000, 0.000000, 1.000000

PART 28
OFFSET 14.938147, -3.345018, 56.276080
SCALE 1.000000, 1.000000, 1.000000
X 1.000000, 0.000000, 0.000000
Y 0.000000, 1.000000, 0.000000
Z 0.000000, 0.000000, 1.000000

PART 29
OFFSET 14.182748, -3.345018, 56.276080
SCALE 1.000000, 1.000000, 1.000000
X 1.000000, 0.000000, 0.000000
Y 0.000000, 1.000000, 0.000000
Z 0.000000, 0.000000, 1.000000

PART 30
OFFSET 11.545264, -2.571953, 58.207474
SCALE 1.000000, 1.000000, 1.000000
X 1.000000, 0.000000, 0.000000
Y 0.000000, 1.000000, 0.000000
Z 0.000000, 0.000000, 1.000000

PART 31
OFFSET 10.668144, -3.345018, 57.879784
SCALE 1.000000, 1.000000, 1.000000
X 1.000000, 0.000000, 0.000000
Y 0.000000, 1.000000, 0.000000
Z 0.000000, 0.000000, 1.000000

PART 32
OFFSET 39.283617, -3.345018, 55.698969
SCALE 1.000000, 1.000000, 1.000000
X 1.000000, 0.000000, 0.000000
Y 0.000000, 1.000000, 0.000000
Z 0.000000, 0.000000, 1.000000

PART 33
OFFSET 36.934454, -2.068293, 55.290244
SCALE 1.000000, 1.000000, 1.000000
X -1.000000, 0.000000, -0.000000
Y -0.000000, -0.482487, 0.875903
Z 0.000000, 0.875903, 0.482487

PART 34
OFFSET 36.934454, -4.621743, 55.290244
SCALE 1.000000, 1.000000, 1.000000
X -1.000000, 0.000000, 0.000000
Y 0.000000, 0.482487, 0.875903
Z 0.000000, 0.875903, -0.482487

PART 35
OFFSET 16.764259, -3.371488, 56.543383
SCALE 1.000000, 1.000000, 1.000000
X 0.000000, 0.973996, 0.226565
Y -1.000000, 0.000000, -0.000000
Z -0.000000, -0.226565, 0.973996

PART 36
OFFSET 16.764316, -2.898202, 56.653513
SCALE 1.000000, 1.000000, 1.000000
X -0.000000, 0.995443, -0.095362
Y -1.000000, -0.000000, 0.000000
Z -0.000000, 0.095362, 0.995443

PART 37
OFFSET 16.764316, -2.421011, 56.607850
SCALE 1.000000, 1.000000, 1.000000
X 0.000000, 0.851807, -0.523855
Y -1.000000, 0.000000, 0.000000
Z 0.000000, 0.523855, 0.851807

PART 38
OFFSET 16.764316, -2.006320, 56.352701
SCALE 1.000000, 1.000000, 1.000000
X 0.000000, 0.587919, -0.808920
Y -1.000000, 0.000000, -0.000000
Z 0.000000, 0.808920, 0.587919

PART 39
OFFSET 16.764316, -1.722355, 55.963249
SCALE 1.000000, 1.000000, 1.000000
X 0.000000, 0.375115, -0.926978
Y -1.000000, 0.000000, -0.000000
Z 0.000000, 0.926978, 0.375115

PART 40
OFFSET 16.764316, -1.539646, 55.510220
SCALE 1.000000, 1.000000, 1.000000
X -0.000000, 0.237846, -0.971303
Y -1.000000, -0.000000, 0.000000
Z -0.000000, 0.971303, 0.237846

PART 41
OFFSET 16.764316, -1.426832, 55.045565
SCALE 1.000000, 1.000000, 1.000000
X 0.000000, 0.149063, -0.988828
Y -1.000000, 0.000000, -0.000000
Z 0.000000, 0.988828, 0.149063

PART 42
OFFSET 16.764316, -1.354156, 54.563662
SCALE 1.000000, 1.000000, 1.000000
X 0.000000, 0.091155, -0.995837
Y -1.000000, 0.000000, -0.000000
Z 0.000000, 0.995837, 0.091155

PART 43
OFFSET 16.764316, -1.311224, 54.097388
SCALE 1.000000, 1.000000, 1.000000
X 0.000000, 0.051620, -0.998667
Y -1.000000, 0.000000, -0.000000
Z 0.000000, 0.998667, 0.051620

PART 44
OFFSET 16.764316, -1.285664, 53.608830
SCALE 1.000000, 1.000000, 1.000000
X -0.000000, 0.023131, -0.999732
Y -1.000000, -0.000000, 0.000000
Z -0.000000, 0.999732, 0.023131

PART 45
OFFSET 16.764316, -1.274562, 53.131152
SCALE 1.000000, 1.000000, 1.000000
X 0.000000, 0.002258, -0.999997
Y -1.000000, 0.000000, -0.000000
Z 0.000000, 0.999997, 0.002258

PART 46
OFFSET 16.764316, -1.273468, 52.645186
SCALE 1.000000, 1.000000, 1.000000
X -0.000000, -0.013184, -0.999913
Y -1.000000, -0.000000, 0.000000
Z -0.000000, 0.999913, -0.013184

PART 47
OFFSET 16.764316, -1.279527, 52.168292
SCALE 1.000000, 1.000000, 1.000000
X 0.000000, -0.025390, -0.999678
Y -1.000000, -0.000000, 0.000000
Z -0.000000, 0.999678, -0.025390

PART 48
OFFSET 16.764316, -1.290189, 51.679944
SCALE 1.000000, 1.000000, 1.000000
X 0.000000, -0.035518, -0.999369
Y -1.000000, 0.000000, -0.000000
Z 0.000000, 0.999369, -0.035518

PART 49
OFFSET 16.763727, -1.313371, 51.203772
SCALE 1.000000, 1.000000, 1.000000
X -0.000000, -0.043875, -0.999037
Y -1.000000, -0.000000, 0.000000
Z -0.000000, 0.999037, -0.043875

PART 50
OFFSET 16.764349, -1.327784, 50.716318
SCALE 1.000000, 1.000000, 1.000000
X 0.000000, -0.050767, -0.998711
Y -1.000000, -0.000000, 0.000000
Z -0.000000, 0.998711, -0.050767

PART 51
OFFSET 16.763816, -1.352768, 50.239838
SCALE 1.000000, 1.000000, 1.000000
X -0.000000, -0.056498, -0.998403
Y -1.000000, -0.000000, 0.000000
Z -0.000000, 0.998403, -0.056498

PART 52
OFFSET 16.763987, -1.381233, 49.758020
SCALE 1.000000, 1.000000, 1.000000
X -0.000000, -0.061252, -0.998122
Y -1.000000, -0.000000, 0.000000
Z -0.000000, 0.998122, -0.061252

PART 53
OFFSET 16.763745, -1.405838, 49.275614
SCALE 1.000000, 1.000000, 1.000000
X 0.000000, -0.064178, -0.997938
Y -1.000000, 0.000000, -0.000000
Z 0.000000, 0.997938, -0.064178

PART 54
OFFSET 16.765188, -1.449602, 48.799711
SCALE 1.000000, 1.000000, 1.000000
X 0.000000, -0.064178, -0.997938
Y -1.000000, 0.000000, -0.000000
Z 0.000000, 0.997938, -0.064178

PART 55
OFFSET 19.471991, -3.345792, 57.671239
SCALE 1.000000, 1.000000, 1.000000
X -0.000000, 1.000000, 0.000000
Y -1.000000, -0.000000, 0.000000
Z 0.000000, 0.000000, 1.000000

PART 56
OFFSET 6.717339, -3.354696, 58.569904
SCALE 1.000000, 1.000000, 1.000000
X -0.000000, 1.000000, 0.000000
Y -1.000000, -0.000000, 0.000000
Z 0.000000, 0.000000, 1.000000

PART 57
OFFSET 14.209021, -4.878175, 56.654497
SCALE 1.000000, 1.000000, 1.000000
X -0.000000, 1.000000, 0.000000
Y -1.000000, -0.000000, 0.000000
Z 0.000000, 0.000000, 1.000000

PART 58
OFFSET 18.527639, -3.338040, 57.403437
SCALE 1.000000, 1.000000, 1.000000
X -0.000000, 1.000000, 0.000000
Y -1.000000, -0.000000, 0.000000
Z 0.000000, 0.000000, 1.000000

PART 59
OFFSET 15.448695, -2.333286, 56.189650
SCALE 1.000000, 1.000000, 1.000000
X -0.000000, 1.000000, 0.000000
Y -1.000000, -0.000000, 0.000000
Z 0.000000, 0.000000, 1.000000

PART 60
OFFSET 13.000102, -1.973522, 53.460959
SCALE 1.000000, 1.000000, 1.000000
X 0.944705, -0.319582, 0.073476
Y -0.148828, -0.617519, -0.772347
Z 0.292201, 0.718705, -0.630937

PART 61
OFFSET 12.927322, -2.663638, 52.499957
SCALE 1.000000, 1.000000, 1.000000
X 0.290010, -0.894660, 0.339821
Y -0.359393, 0.227281, 0.905085
Z -0.886978, -0.384613, -0.255621

PART 62
OFFSET 9.855857, -2.749571, 51.700432
SCALE 1.000000, 1.000000, 1.000000
X 0.662949, -0.708345, 0.242374
Y -0.638554, -0.365988, 0.676980
Z -0.390829, -0.603572, -0.694948

PART 63
OFFSET 10.520743, -2.373851, 51.884594
SCALE 1.000000, 1.000000, 1.000000
X 0.820847, -0.555999, 0.130671
Y -0.468375, -0.524360, 0.711105
Z -0.326855, -0.644912, -0.690836

PART 64
OFFSET 10.377524, -0.994293, 53.628972
SCALE 1.000000, 1.000000, 1.000000
X 0.933242, -0.276914, 0.228864
Y -0.047368, -0.726349, -0.685692
Z 0.356113, 0.629075, -0.690976

PART 65
OFFSET 3.257104, -4.217693, 54.299977
SCALE 1.000000, 1.000000, 1.000000
X -0.960072, -0.056448, -0.273997
Y -0.279136, 0.258219, 0.924882
Z 0.018544, 0.964436, -0.263665

PART 66
OFFSET 3.327743, -4.637461, 53.208935
SCALE 1.000000, 1.000000, 1.000000
X -0.346746, -0.923173, 0.165889
Y 0.895042, -0.378551, -0.235796
Z 0.280478, 0.066716, 0.957539

PART 67
OFFSET 1.131819, -4.549595, 51.381669
SCALE 1.000000, 1.000000, 1.000000
X 0.974896, 0.217640, -0.047011
Y -0.052657, 0.020212, -0.998408
Z -0.216343, 0.975820, 0.031165

PART 68
OFFSET 1.456390, -4.715750, 52.064379
SCALE 1.000000, 1.000000, 1.000000
X 0.986086, 0.155307, 0.059281
Y 0.064502, -0.028790, -0.997502
Z -0.153212, 0.987447, -0.038407

PART 69
OFFSET 0.308562, -4.156936, 53.177719
SCALE 1.000000, 1.000000, 1.000000
X -0.575268, -0.715985, -0.395515
Y -0.813690, 0.451539, 0.366089
Z -0.083524, 0.532426, -0.842346

PART 70
OFFSET 13.121996, -2.031355, 53.213065
SCALE 1.000000, 1.000000, 1.000000
X 0.532738, -0.843894, -0.063499
Y -0.402939, -0.318919, 0.857864
Z -0.744198, -0.431431, -0.509938

PART 71
OFFSET 13.000102, -1.973522, 53.460959
SCALE 1.000000, 1.000000, 1.000000
X 0.944705, -0.319582, 0.073476
Y -0.148828, -0.617519, -0.772347
Z 0.292201, 0.718705, -0.630937

PART 72
OFFSET 13.519837, -4.491630, 53.194291
SCALE 1.000000, 1.000000, 1.000000
X -0.246748, -0.073278, 0.966305
Y -0.390429, 0.920147, -0.029919
Z -0.886950, -0.384656, -0.255654

PART 73
OFFSET 11.641013, -4.250163, 52.407174
SCALE 1.000000, 1.000000, 1.000000
X 0.173989, -0.476560, 0.861753
Y -0.422692, 0.754241, 0.502446
Z -0.889415, -0.451676, -0.070209

PART 74
OFFSET 12.382801, -3.645980, 52.306844
SCALE 1.000000, 1.000000, 1.000000
X 0.176374, -0.637609, 0.749898
Y -0.522674, 0.584897, 0.620247
Z -0.834088, -0.501348, -0.230101

PART 75
OFFSET 12.134884, -1.604859, 54.290641
SCALE 1.000000, 1.000000, 1.000000
X 0.948648, -0.315234, -0.026362
Y -0.287020, -0.822708, -0.490684
Z 0.132992, 0.473053, -0.870939

PART 76
OFFSET 3.067677, -4.451935, 54.126787
SCALE 1.000000, 1.000000, 1.000000
X -0.999436, 0.021196, 0.026043
Y -0.018419, -0.994554, 0.102586
Z 0.028075, 0.102048, 0.994383

PART 77
OFFSET 3.257104, -4.217693, 54.299977
SCALE 1.000000, 1.000000, 1.000000
X -0.960072, -0.056448, -0.273997
Y -0.279136, 0.258219, 0.924882
Z 0.018544, 0.964436, -0.263665

PART 78
OFFSET 4.036282, -2.751156, 52.869958
SCALE 1.000000, 1.000000, 1.000000
X 0.895412, -0.377591, -0.235926
Y 0.345830, 0.923567, -0.165604
Z 0.280424, 0.066693, 0.957556

PART 79
OFFSET 3.286420, -4.177685, 51.176443
SCALE 1.000000, 1.000000, 1.000000
X -0.008671, -0.984810, -0.173417
Y 0.849517, 0.084228, -0.520795
Z 0.527491, -0.151837, 0.835882

PART 80
OFFSET 3.393495, -4.364580, 52.179809
SCALE 1.000000, 1.000000, 1.000000
X -0.241589, -0.969583, 0.039300
Y 0.902698, -0.239414, -0.357516
Z 0.356050, -0.050896, 0.933080

PART 81
OFFSET 1.418356, -2.585870, 54.023801
SCALE 1.000000, 1.000000, 1.000000
X -0.959813, -0.279348, -0.026900
Y -0.266762, 0.878380, 0.396595
Z -0.087159, 0.387833, -0.917600

PART 82
OFFSET 14.071274, -3.535039, 53.099911
SCALE 1.000000, 1.000000, 1.000000
X 0.223022, -0.880145, 0.419054
Y -0.629599, 0.198139, 0.751230
Z -0.744222, -0.431376, -0.509949

PART 83
OFFSET 13.230553, -4.577536, 54.327146
SCALE 1.000000, 1.000000, 1.000000
X -0.388646, 0.322509, 0.863100
Y -0.249546, 0.864886, -0.435545
Z -0.886950, -0.384656, -0.255654

PART 84
OFFSET 11.868273, -4.872655, 53.532749
SCALE 1.000000, 1.000000, 1.000000
X -0.149745, 0.142792, 0.978359
Y -0.431876, 0.880681, -0.194637
Z -0.889415, -0.451676, -0.070209

PART 85
OFFSET 12.671877, -4.691038, 53.535898
SCALE 1.000000, 1.000000, 1.000000
X -0.322681, 0.105057, 0.940659
Y -0.447469, 0.858815, -0.249415
Z -0.834055, -0.501398, -0.230114

PART 86
OFFSET 13.436595, -2.068244, 54.262547
SCALE 1.000000, 1.000000, 1.000000
X 0.976576, 0.099966, 0.190541
Y 0.197431, -0.768402, -0.608752
Z 0.085558, 0.632112, -0.770139

PART 87
OFFSET 4.848522, -4.489732, 54.080355
SCALE 1.000000, 1.000000, 1.000000
X -0.284050, -0.952947, 0.105864
Y 0.958397, -0.285431, 0.002196
Z 0.028124, 0.102084, 0.994378

PART 88
OFFSET 2.986477, -2.308488, 53.146576
SCALE 1.000000, 1.000000, 1.000000
X 0.872922, 0.397214, -0.283246
Y -0.399252, 0.915299, 0.053148
Z 0.280366, 0.066692, 0.957574

PART 89
OFFSET 3.297771, -2.891376, 51.402919
SCALE 1.000000, 1.000000, 1.000000
X 0.705708, -0.469483, -0.530624
Y 0.473001, 0.869788, -0.140495
Z 0.527491, -0.151837, 0.835882

PART 90
OFFSET 3.789447, -2.775516, 52.115390
SCALE 1.000000, 1.000000, 1.000000
X 0.859935, -0.372882, -0.348527
Y 0.365682, 0.926479, -0.088960
Z 0.356075, -0.050950, 0.933067

PART 91
OFFSET 2.251201, -2.254728, 54.100462
SCALE 1.000000, 1.000000, 1.000000
X -0.879135, 0.331008, 0.342865
Y 0.438031, 0.844660, 0.307699
Z -0.187754, 0.420694, -0.887561

PART 92
OFFSET 14.282952, -4.370373, 53.497604
SCALE 1.000000, 1.000000, 1.000000
X -0.122829, -0.662065, 0.739312
Y -0.656542, 0.612849, 0.439738
Z -0.744222, -0.431376, -0.509949

PART 93
OFFSET 11.754714, -4.764382, 54.274546
SCALE 1.000000, 1.000000, 1.000000
X -0.295387, 0.450721, 0.842376
Y -0.348837, 0.769960, -0.534298
Z -0.889415, -0.451676, -0.070209

PART 94
OFFSET 12.325457, -4.578249, 54.545781
SCALE 1.000000, 1.000000, 1.000000
X -0.391911, 0.244936, 0.886799
Y -0.388275, 0.829823, -0.400794
Z -0.834055, -0.501398, -0.230114

PART 95
OFFSET 5.118035, -3.585325, 53.979899
SCALE 1.000000, 1.000000, 1.000000
X 0.213725, -0.972382, 0.093781
Y 0.976489, 0.209886, -0.049166
Z 0.028124, 0.102084, 0.994378

PART 96
OFFSET 2.762682, -2.535347, 51.805322
SCALE 1.000000, 1.000000, 1.000000
X 0.827488, 0.314647, -0.465038
Y -0.192398, 0.936986, 0.291617
Z 0.527491, -0.151837, 0.835882

PART 97
OFFSET 2.866203, -2.375211, 52.489581
SCALE 1.000000, 1.000000, 1.000000
X 0.851895, 0.428107, -0.301661
Y -0.384092, 0.902290, 0.195820
Z 0.356018, -0.050952, 0.933089

PART 98
OFFSET -0.106364, -0.000001, 59.999999
SCALE 1.000000, 1.000000, 1.000000
X 1.000000, 0.000000, 0.000000
Y 0.000000, 1.000000, 0.000000
Z 0.000000, 0.000000, 1.000000

PART 99
OFFSET -0.106364, -0.000001, 59.999999
SCALE 1.000000, 1.000000, 1.000000
X 1.000000, 0.000000, 0.000000
Y 0.000000, 1.000000, 0.000000
Z 0.000000, 0.000000, 1.000000

PART 100
OFFSET -4.738254, -0.000001, 58.623226
SCALE 1.000000, 1.000000, 1.000000
X 1.000000, 0.000000, 0.000000
Y 0.000000, 1.000000, 0.000000
Z 0.000000, 0.000000, 1.000000

PART 101
OFFSET 1.434187, -0.000001, 64.135821
SCALE 1.000000, 1.000000, 1.000000
X 1.000000, 0.000000, 0.000000
Y 0.000000, 1.000000, 0.000000
Z 0.000000, 0.000000, 1.000000

PART 102
OFFSET 1.434187, -0.000001, 64.135821
SCALE 1.000000, 1.000000, 1.000000
X 1.000000, 0.000000, 0.000000
Y 0.000000, 1.000000, 0.000000
Z 0.000000, 0.000000, 1.000000

FRAME 1
PART 0
OFFSET -1.009664, -0.000001, 52.513799
SCALE 1.000000, 1.000000, 1.000000
X 1.000000, 0.000000, 0.000000
Y 0.000000, 1.000000, 0.000000
Z 0.000000, 0.000000, 1.000000

PART 1
OFFSET -7.111085, 5.638622, 51.295007
SCALE 1.000000, 1.000000, 1.000000
X 0.938006, -0.022104, -0.345914
Y -0.229834, 0.707369, -0.668435
Z 0.259464, 0.706498, 0.658436

PART 2
OFFSET -10.576258, -6.039621, 52.171611
SCALE 1.000000, 1.000000, 1.000000
X -0.524469, 0.470102, 0.709885
Y 0.845308, 0.387291, 0.368049
Z -0.101912, 0.793102, -0.600503

PART 3
OFFSET 4.214279, -3.381136, 51.197319
SCALE 1.000000, 1.000000, 1.000000
X 0.999990, 0.003756, 0.002285
Y -0.003744, 0.999981, -0.004947
Z -0.002303, 0.004939, 0.999985

PART 4
OFFSET 4.215333, -3.400348, 51.202102
SCALE 1.000000, 1.000000, 1.000000
X 0.999990, 0.003790, 0.002310
Y -0.003779, 0.999981, -0.004826
Z -0.002329, 0.004817, 0.999986

PART 5
OFFSET 3.117609, 4.878669, 48.079138
SCALE 1.000000, 1.000000, 1.000000
X 0.630207, -0.640482, 0.438888
Y 0.731768, 0.301016, -0.611478
Z 0.259528, 0.706521, 0.658386

PART 6
OFFSET -4.768240, -10.431168, 45.386776
SCALE 1.000000, 1.000000, 1.000000
X -0.460036, -0.572639, -0.678566
Y -0.882049, 0.207149, 0.423176
Z -0.101763, 0.793205, -0.600392

PART 7
OFFSET 4.215333, -3.400348, 51.202102
SCALE 1.000000, 1.000000, 1.000000
X 0.999990, 0.003790, 0.002310
Y -0.003779, 0.999981, -0.004826
Z -0.002329, 0.004817, 0.999986

PART 8
OFFSET 3.117609, 4.878669, 48.079138
SCALE 1.000000, 1.000000, 1.000000
X 0.630207, -0.640482, 0.438888
Y 0.731768, 0.301016, -0.611478
Z 0.259528, 0.706521, 0.658386

PART 9
OFFSET 9.546910, -1.600228, 52.445498
SCALE 1.000000, 1.000000, 1.000000
X 0.945689, -0.315761, 0.077250
Y -0.144757, -0.621833, -0.769655
Z 0.291064, 0.716672, -0.633769

PART 10
OFFSET 7.752470, 0.168079, 51.306252
SCALE 1.000000, 1.000000, 1.000000
X 0.630207, -0.640482, 0.438888
Y 0.016976, -0.553764, -0.832500
Z 0.776242, 0.532098, -0.338114

PART 11
OFFSET 6.979994, 0.953177, 50.768403
SCALE 1.000000, 1.000000, 1.000000
X 0.630207, -0.640482, 0.438888
Y 0.178825, -0.430335, -0.884779
Z 0.755553, 0.636078, -0.156666

PART 12
OFFSET 6.207516, 1.738275, 50.230549
SCALE 1.000000, 1.000000, 1.000000
X 0.630207, -0.640482, 0.438888
Y 0.332812, -0.287865, -0.897981
Z 0.701481, 0.711981, 0.031745

PART 13
OFFSET 5.435038, 2.523376, 49.692697
SCALE 1.000000, 1.000000, 1.000000
X 0.630207, -0.640482, 0.438888
Y 0.463754, -0.142847, -0.874373
Z 0.622713, 0.754571, 0.207003

PART 14
OFFSET 4.662560, 3.308471, 49.154844
SCALE 1.000000, 1.000000, 1.000000
X 0.630207, -0.640482, 0.438888
Y 0.576332, 0.007113, -0.817185
Z 0.520270, 0.767940, 0.373613

PART 15
OFFSET 3.890084, 4.093571, 48.616994
SCALE 1.000000, 1.000000, 1.000000
X 0.630207, -0.640482, 0.438888
Y 0.666949, 0.157157, -0.728341
Z 0.397515, 0.751721, 0.526210

PART 16
OFFSET 8.524947, -0.617019, 51.844103
SCALE 1.000000, 1.000000, 1.000000
X 0.630207, -0.640482, 0.438888
Y -0.135144, -0.647124, -0.750311
Z 0.764575, 0.413538, -0.494379

PART 17
OFFSET -4.768240, -10.431168, 45.386776
SCALE 1.000000, 1.000000, 1.000000
X -0.460036, -0.572639, -0.678566
Y -0.882049, 0.207149, 0.423176
Z -0.101763, 0.793205, -0.600392

PART 18
OFFSET 0.258336, -4.663803, 52.346221
SCALE 1.000000, 1.000000, 1.000000
X -0.959500, -0.060897, -0.275048
Y -0.281265, 0.261863, 0.923210
Z 0.015804, 0.963182, -0.268386

PART 19
OFFSET -1.385715, -6.221563, 50.375635
SCALE 1.000000, 1.000000, 1.000000
X -0.460036, -0.572639, -0.678566
Y -0.817819, -0.024314, 0.574962
Z -0.345744, 0.819447, -0.457130

PART 20
OFFSET -1.949469, -6.923165, 49.544161
SCALE 1.000000, 1.000000, 1.000000
X -0.460036, -0.572639, -0.678566
Y -0.833981, 0.016415, 0.551548
Z -0.304699, 0.819643, -0.485122

PART 21
OFFSET -2.513225, -7.624764, 48.712682
SCALE 1.000000, 1.000000, 1.000000
X -0.460036, -0.572639, -0.678566
Y -0.848089, 0.057113, 0.526768
Z -0.262893, 0.817816, -0.511922

PART 22
OFFSET -3.076980, -8.326367, 47.881206
SCALE 1.000000, 1.000000, 1.000000
X -0.460036, -0.572639, -0.678566
Y -0.859397, 0.095083, 0.502391
Z -0.223168, 0.814275, -0.535866

PART 23
OFFSET -3.640735, -9.027966, 47.049730
SCALE 1.000000, 1.000000, 1.000000
X -0.460036, -0.572639, -0.678566
Y -0.868812, 0.132701, 0.477028
Z -0.183119, 0.808996, -0.558563

PART 24
OFFSET -4.204489, -9.729568, 46.218255
SCALE 1.000000, 1.000000, 1.000000
X -0.460036, -0.572639, -0.678566
Y -0.876378, 0.170124, 0.450577
Z -0.142577, 0.801962, -0.580111

PART 25
OFFSET -0.821961, -5.519961, 51.207109
SCALE 1.000000, 1.000000, 1.000000
X -0.460036, -0.572639, -0.678566
Y -0.800883, -0.062336, 0.595567
Z -0.383344, 0.817434, -0.429940

PART 26
OFFSET 18.399500, -3.327978, 55.091538
SCALE 1.000000, 1.000000, 1.000000
X 0.003779, -0.999981, 0.004826
Y 0.999990, 0.003790, 0.002310
Z -0.002329, 0.004817, 0.999986

PART 27
OFFSET 6.802431, -3.353880, 58.804512
SCALE 1.000000, 1.000000, 1.000000
X 0.999990, 0.003790, 0.002310
Y -0.003779, 0.999981, -0.004826
Z -0.002329, 0.004817, 0.999986

PART 28
OFFSET 14.928796, -3.335162, 56.320477
SCALE 1.000000, 1.000000, 1.000000
X 0.999990, 0.003790, 0.002310
Y -0.003779, 0.999981, -0.004826
Z -0.002329, 0.004817, 0.999986

PART 29
OFFSET 14.173404, -3.338025, 56.318732
SCALE 1.000000, 1.000000, 1.000000
X 0.999990, 0.003790, 0.002310
Y -0.003779, 0.999981, -0.004826
Z -0.002329, 0.004817, 0.999986

PART 30
OFFSET 11.528527, -2.565665, 58.240274
SCALE 1.000000, 1.000000, 1.000000
X 0.999990, 0.003790, 0.002310
Y -0.003779, 0.999981, -0.004826
Z -0.002329, 0.004817, 0.999986

PART 31
OFFSET 10.655100, -3.343619, 57.914293
SCALE 1.000000, 1.000000, 1.000000
X 0.999990, 0.003790, 0.002310
Y -0.003779, 0.999981, -0.004826
Z -0.002329, 0.004817, 0.999986

PART 32
OFFSET 39.275370, -3.245676, 55.799619
SCALE 1.000000, 1.000000, 1.000000
X 0.999990, 0.003790, 0.002310
Y -0.003779, 0.999981, -0.004826
Z -0.002329, 0.004817, 0.999986

PART 33
OFFSET 36.922357, -1.979847, 55.379311
SCALE 1.000000, 1.000000, 1.000000
X -0.999990, -0.003790, -0.002310
Y -0.000216, -0.478262, 0.878217
Z -0.004433, 0.878209, 0.478256

PART 34
OFFSET 36.932006, -4.533250, 55.391634
SCALE 1.000000, 1.000000, 1.000000
X -0.999990, -0.003788, -0.002309
Y -0.003861, 0.486698, 0.873562
Z -0.002185, 0.873562, -0.486708

PART 35
OFFSET 16.754367, -3.353423, 56.592123
SCALE 1.000000, 1.000000, 1.000000
X -0.003390, 0.974626, 0.223812
Y -0.999993, -0.002939, -0.002346
Z -0.001629, -0.223818, 0.974630

PART 36
OFFSET 16.758716, -2.880137, 56.700912
SCALE 1.000000, 1.000000, 1.000000
X -0.002485, 0.994979, -0.100054
Y -0.999994, -0.002733, -0.002344
Z -0.002606, 0.100048, 0.994979

PART 37
OFFSET 16.755862, -2.403658, 56.650441
SCALE 1.000000, 1.000000, 1.000000
X -0.001484, 0.847867, -0.530206
Y -0.999992, -0.003215, -0.002342
Z -0.003690, 0.530198, 0.847866

PART 38
OFFSET 16.754864, -1.991562, 56.393683
SCALE 1.000000, 1.000000, 1.000000
X 0.000137, 0.580718, -0.814105
Y -0.999993, -0.003018, -0.002321
Z -0.003805, 0.814099, 0.580713

PART 39
OFFSET 16.755859, -1.715218, 55.998913
SCALE 1.000000, 1.000000, 1.000000
X 0.001100, 0.366827, -0.930289
Y -0.999993, -0.002916, -0.002333
Z -0.003569, 0.930285, 0.366821

PART 40
OFFSET 16.757454, -1.541001, 55.543252
SCALE 1.000000, 1.000000, 1.000000
X 0.001608, 0.229458, -0.973317
Y -0.999993, -0.002866, -0.002328
Z -0.003324, 0.973314, 0.229452

PART 41
OFFSET 16.759483, -1.435245, 55.077083
SCALE 1.000000, 1.000000, 1.000000
X 0.001943, 0.140540, -0.990073
Y -0.999993, -0.002868, -0.002370
Z -0.003173, 0.990071, 0.140533

PART 42
OFFSET 16.761232, -1.369593, 54.594133
SCALE 1.000000, 1.000000, 1.000000
X 0.002125, 0.082674, -0.996574
Y -0.999993, -0.002780, -0.002363
Z -0.002966, 0.996573, 0.082667

PART 43
OFFSET 16.760558, -1.328566, 54.127690
SCALE 1.000000, 1.000000, 1.000000
X 0.002137, 0.043118, -0.999068
Y -0.999993, -0.002845, -0.002262
Z -0.002939, 0.999066, 0.043112

PART 44
OFFSET 16.761973, -1.308848, 53.639523
SCALE 1.000000, 1.000000, 1.000000
X 0.002356, 0.014623, -0.999890
Y -0.999993, -0.002782, -0.002397
Z -0.002817, 0.999889, 0.014616

PART 45
OFFSET 16.763862, -1.303142, 53.160865
SCALE 1.000000, 1.000000, 1.000000
X 0.002334, -0.006343, -0.999977
Y -0.999993, -0.002813, -0.002316
Z -0.002799, 0.999976, -0.006350

PART 46
OFFSET 16.765961, -1.307811, 52.675119
SCALE 1.000000, 1.000000, 1.000000
X 0.002415, -0.021937, -0.999756
Y -0.999993, -0.002783, -0.002354
Z -0.002731, 0.999755, -0.021943

PART 47
OFFSET 16.767911, -1.319925, 52.198666
SCALE 1.000000, 1.000000, 1.000000
X 0.002455, -0.034201, -0.999412
Y -0.999993, -0.002845, -0.002359
Z -0.002762, 0.999411, -0.034208

PART 48
OFFSET 16.770234, -1.335992, 51.711066
SCALE 1.000000, 1.000000, 1.000000
X 0.002457, -0.044418, -0.999010
Y -0.999993, -0.002814, -0.002334
Z -0.002707, 0.999009, -0.044424

PART 49
OFFSET 16.772180, -1.360747, 51.233720
SCALE 1.000000, 1.000000, 1.000000
X 0.002514, -0.052925, -0.998595
Y -0.999993, -0.002784, -0.002370
Z -0.002655, 0.998595, -0.052931

PART 50
OFFSET 16.776799, -1.384379, 50.745604
SCALE 1.000000, 1.000000, 1.000000
X 0.002506, -0.059904, -0.998201
Y -0.999993, -0.002814, -0.002342
Z -0.002668, 0.998200, -0.059911

PART 51
OFFSET 16.772274, -1.410016, 50.274619
SCALE 1.000000, 1.000000, 1.000000
X 0.002556, -0.065664, -0.997839
Y -0.999993, -0.002845, -0.002374
Z -0.002683, 0.997838, -0.065671

PART 52
OFFSET 16.775015, -1.439955, 49.792333
SCALE 1.000000, 1.000000, 1.000000
X 0.002513, -0.070659, -0.997497
Y -0.999993, -0.002904, -0.002313
Z -0.002734, 0.997496, -0.070666

PART 53
OFFSET 16.782925, -1.473831, 49.306546
SCALE 1.000000, 1.000000, 1.000000
X 0.002523, -0.073949, -0.997259
Y -0.999993, -0.002904, -0.002315
Z -0.002725, 0.997258, -0.073955

PART 54
OFFSET 16.779540, -1.515182, 48.833096
SCALE 1.000000, 1.000000, 1.000000
X 0.002523, -0.073949, -0.997259
Y -0.999993, -0.002904, -0.002315
Z -0.002725, 0.997258, -0.073955

PART 55
OFFSET 19.459349, -3.312032, 57.726095
SCALE 1.000000, 1.000000, 1.000000
X -0.003780, 0.999981, -0.004826
Y -0.999990, -0.003792, -0.002310
Z -0.002329, 0.004817, 0.999986

PART 56
OFFSET 6.702763, -3.364945, 58.595323
SCALE 1.000000, 1.000000, 1.000000
X -0.003780, 0.999981, -0.004826
Y -0.999990, -0.003792, -0.002310
Z -0.002329, 0.004817, 0.999986

PART 57
OFFSET 14.204589, -4.869230, 56.704604
SCALE 1.000000, 1.000000, 1.000000
X -0.003780, 0.999981, -0.004826
Y -0.999990, -0.003792, -0.002310
Z -0.002329, 0.004817, 0.999986

PART 58
OFFSET 18.515601, -3.309149, 57.456077
SCALE 1.000000, 1.000000, 1.000000
X -0.003780, 0.999981, -0.004826
Y -0.999990, -0.003792, -0.002310
Z -0.002329, 0.004817, 0.999986

PART 59
OFFSET 15.435717, -2.321930, 56.230345
SCALE 1.000000, 1.000000, 1.000000
X -0.003780, 0.999981, -0.004826
Y -0.999990, -0.003792, -0.002310
Z -0.002329, 0.004817, 0.999986

PART 60
OFFSET 12.990558, -1.966652, 53.490733
SCALE 1.000000, 1.000000, 1.000000
X 0.945689, -0.315761, 0.077250
Y -0.144757, -0.621833, -0.769655
Z 0.291064, 0.716672, -0.633769

PART 61
OFFSET 12.922555, -2.661733, 52.532967
SCALE 1.000000, 1.000000, 1.000000
X 0.292470, -0.891917, 0.344885
Y -0.362353, 0.230395, 0.903116
Z -0.884964, -0.389104, -0.255805

PART 62
OFFSET 9.853316, -2.762806, 51.726691
SCALE 1.000000, 1.000000, 1.000000
X 0.664955, -0.704720, 0.247395
Y -0.638809, -0.365003, 0.677271
Z -0.386986, -0.608393, -0.692892

PART 63
OFFSET 10.516394, -2.383757, 51.910560
SCALE 1.000000, 1.000000, 1.000000
X 0.822563, -0.552340, 0.135314
Y -0.468128, -0.522583, 0.712575
Z -0.322871, -0.649482, -0.688424

PART 64
OFFSET 10.364041, -0.996212, 53.647814
SCALE 1.000000, 1.000000, 1.000000
X 0.933704, -0.272377, 0.232397
Y -0.043108, -0.729865, -0.682231
Z 0.355442, 0.626983, -0.693219

PART 65
OFFSET 3.266688, -4.246691, 54.308965
SCALE 1.000000, 1.000000, 1.000000
X -0.959500, -0.060897, -0.275048
Y -0.281265, 0.261863, 0.923210
Z 0.015804, 0.963182, -0.268386

PART 66
OFFSET 3.340210, -4.671586, 53.220107
SCALE 1.000000, 1.000000, 1.000000
X -0.344001, -0.923461, 0.169950
Y 0.896588, -0.376813, -0.232684
Z 0.278914, 0.072332, 0.957588

PART 67
OFFSET 1.146582, -4.599814, 51.389381
SCALE 1.000000, 1.000000, 1.000000
X 0.974255, 0.220556, -0.046726
Y -0.051317, 0.015131, -0.998568
Z -0.219533, 0.975257, 0.026060

PART 68
OFFSET 1.470730, -4.761557, 52.073350
SCALE 1.000000, 1.000000, 1.000000
X 0.985496, 0.158782, 0.059884
Y 0.065994, -0.033490, -0.997258
Z -0.156341, 0.986746, -0.043483

PART 69
OFFSET 0.319543, -4.200983, 53.182330
SCALE 1.000000, 1.000000, 1.000000
X -0.572399, -0.719780, -0.392781
Y -0.815655, 0.450703, 0.362730
Z -0.084058, 0.528000, -0.845074

PART 70
OFFSET 13.113245, -2.025250, 53.243425
SCALE 1.000000, 1.000000, 1.000000
X 0.535961, -0.842241, -0.058110
Y -0.403795, -0.316185, 0.858473
Z -0.741415, -0.436643, -0.509555

PART 71
OFFSET 12.990558, -1.966652, 53.490733
SCALE 1.000000, 1.000000, 1.000000
X 0.945689, -0.315761, 0.077250
Y -0.144757, -0.621833, -0.769655
Z 0.291064, 0.716672, -0.633769

PART 72
OFFSET 13.520096, -4.484121, 53.237648
SCALE 1.000000, 1.000000, 1.000000
X -0.248756, -0.069444, 0.966074
Y -0.393709, 0.918555, -0.035349
Z -0.884937, -0.389145, -0.255837

PART 73
OFFSET 11.642263, -4.253380, 52.444958
SCALE 1.000000, 1.000000, 1.000000
X 0.173692, -0.471697, 0.864484
Y -0.426622, 0.755140, 0.497752
Z -0.887595, -0.455264, -0.070074

PART 74
OFFSET 12.382089, -3.646970, 52.343394
SCALE 1.000000, 1.000000, 1.000000
X 0.176942, -0.633277, 0.753427
Y -0.526266, 0.586007, 0.616149
Z -0.831706, -0.505525, -0.229583

PART 75
OFFSET 12.122053, -1.597103, 54.316570
SCALE 1.000000, 1.000000, 1.000000
X 0.949851, -0.311886, -0.022602
Y -0.282863, -0.826145, -0.487312
Z 0.133314, 0.469267, -0.872936

PART 76
OFFSET 3.078259, -4.482396, 54.136673
SCALE 1.000000, 1.000000, 1.000000
X -0.999535, 0.018096, 0.024549
Y -0.015358, -0.994091, 0.107456
Z 0.026348, 0.107029, 0.993907

PART 77
OFFSET 3.266688, -4.246691, 54.308965
SCALE 1.000000, 1.000000, 1.000000
X -0.959500, -0.060897, -0.275048
Y -0.281265, 0.261863, 0.923210
Z 0.015804, 0.963182, -0.268386

PART 78
OFFSET 4.043141, -2.784692, 52.872832
SCALE 1.000000, 1.000000, 1.000000
X 0.896955, -0.375856, -0.232819
Y 0.343087, 0.923853, -0.169667
Z 0.278861, 0.072306, 0.957605

PART 79
OFFSET 3.300259, -4.221957, 51.185325
SCALE 1.000000, 1.000000, 1.000000
X -0.005255, -0.985674, -0.168580
Y 0.849972, 0.084407, -0.520022
Z 0.526802, -0.146021, 0.837352

PART 80
OFFSET 3.406528, -4.403567, 52.189737
SCALE 1.000000, 1.000000, 1.000000
X -0.238518, -0.970153, 0.043739
Y 0.903967, -0.238254, -0.355075
Z 0.354898, -0.045153, 0.933814

PART 81
OFFSET 1.423074, -2.622190, 54.022199
SCALE 1.000000, 1.000000, 1.000000
X -0.958868, -0.282580, -0.026854
Y -0.270151, 0.879452, 0.391895
Z -0.087125, 0.383030, -0.919618

PART 82
OFFSET 14.068264, -3.525988, 53.139872
SCALE 1.000000, 1.000000, 1.000000
X 0.225243, -0.877259, 0.423889
Y -0.632088, 0.199511, 0.748772
Z -0.741438, -0.436591, -0.509566

PART 83
OFFSET 13.228458, -4.565532, 54.370231
SCALE 1.000000, 1.000000, 1.000000
X -0.391852, 0.325309, 0.860596
Y -0.251671, 0.861823, -0.440366
Z -0.884937, -0.389145, -0.255837

PART 84
OFFSET 11.869135, -4.869520, 53.574100
SCALE 1.000000, 1.000000, 1.000000
X -0.152570, 0.147028, 0.977295
Y -0.434624, 0.878133, -0.199961
Z -0.887595, -0.455264, -0.070074

PART 85
OFFSET 12.672096, -4.684927, 53.578232
SCALE 1.000000, 1.000000, 1.000000
X -0.325274, 0.108482, 0.939377
Y -0.450017, 0.855937, -0.254671
Z -0.831674, -0.505573, -0.229595

PART 86
OFFSET 13.425509, -2.055855, 54.293786
SCALE 1.000000, 1.000000, 1.000000
X 0.975755, 0.104468, 0.192326
Y 0.201662, -0.770646, -0.604515
Z 0.085063, 0.628643, -0.773028

PART 87
OFFSET 4.859280, -4.514670, 54.092903
SCALE 1.000000, 1.000000, 1.000000
X -0.281126, -0.953328, 0.110157
Y 0.959308, -0.282319, 0.004936
Z 0.026393, 0.107062, 0.993902

PART 88
OFFSET 2.991528, -2.344059, 53.145807
SCALE 1.000000, 1.000000, 1.000000
X 0.872034, 0.398633, -0.283987
Y -0.402273, 0.914256, 0.048091
Z 0.278807, 0.072303, 0.957621

PART 89
OFFSET 3.307149, -2.934519, 51.405482
SCALE 1.000000, 1.000000, 1.000000
X 0.707960, -0.469808, -0.527327
Y 0.470396, 0.870608, -0.144118
Z 0.526803, -0.146023, 0.837351

PART 90
OFFSET 3.797447, -2.813569, 52.118044
SCALE 1.000000, 1.000000, 1.000000
X 0.861623, -0.371816, -0.345484
Y 0.362820, 0.927205, -0.093015
Z 0.354919, -0.045204, 0.933803

PART 91
OFFSET 2.254738, -2.287983, 54.098382
SCALE 1.000000, 1.000000, 1.000000
X -0.880678, 0.329846, 0.340011
Y 0.434871, 0.847575, 0.304143
Z -0.187864, 0.415713, -0.889882

PART 92
OFFSET 14.282050, -4.358583, 53.542154
SCALE 1.000000, 1.000000, 1.000000
X -0.122156, -0.658881, 0.742263
Y -0.659809, 0.612589, 0.435187
Z -0.741438, -0.436591, -0.509566

PART 93
OFFSET 11.753434, -4.758036, 54.315090
SCALE 1.000000, 1.000000, 1.000000
X -0.299013, 0.453753, 0.839463
Y -0.350381, 0.766057, -0.538879
Z -0.887595, -0.455264, -0.070074

PART 94
OFFSET 12.322892, -4.568460, 54.586737
SCALE 1.000000, 1.000000, 1.000000
X -0.394888, 0.247843, 0.884668
Y -0.390361, 0.826420, -0.405770
Z -0.831674, -0.505573, -0.229595

PART 95
OFFSET 5.126017, -3.609902, 53.988374
SCALE 1.000000, 1.000000, 1.000000
X 0.216729, -0.971213, 0.098863
Y 0.975875, 0.212798, -0.048837
Z 0.026393, 0.107062, 0.993902

PART 96
OFFSET 2.770352, -2.578244, 51.805385
SCALE 1.000000, 1.000000, 1.000000
X 0.827124, 0.315021, -0.465434
Y -0.195819, 0.937784, 0.286733
Z 0.526803, -0.146023, 0.837351

PART 97
OFFSET 2.872392, -2.414409, 52.488968
SCALE 1.000000, 1.000000, 1.000000
X 0.850934, 0.429367, -0.302580
Y -0.387275, 0.901998, 0.190835
Z 0.354865, -0.045206, 0.933824

PART 98
OFFSET -0.106364, -0.000001, 59.999999
SCALE 1.000000, 1.000000, 1.000000
X 1.000000, 0.000000, 0.000000
Y 0.000000, 1.000000, 0.000000
Z 0.000000, 0.000000, 1.000000

PART 99
OFFSET -0.106364, -0.000001, 59.999999
SCALE 1.000000, 1.000000, 1.000000
X 1.000000, 0.000000, 0.000000
Y 0.000000, 1.000000, 0.000000
Z 0.000000, 0.000000, 1.000000

PART 100
OFFSET -4.738254, -0.000001, 58.623226
SCALE 1.000000, 1.000000, 1.000000
X 1.000000, 0.000000, 0.000000
Y 0.000000, 1.000000, 0.000000
Z 0.000000, 0.000000, 1.000000

PART 101
OFFSET 1.434187, -0.000001, 64.135821
SCALE 1.000000, 1.000000, 1.000000
X 1.000000, 0.000000, 0.000000
Y 0.000000, 1.000000, 0.000000
Z 0.000000, 0.000000, 1.000000

PART 102
OFFSET 1.434187, -0.000001, 64.135821
SCALE 1.000000, 1.000000, 1.000000
X 1.000000, 0.000000, 0.000000
Y 0.000000, 1.000000, 0.000000
Z 0.000000, 0.000000, 1.000000

FRAME 2
PART 0
OFFSET -1.009664, -0.000001, 52.513799
SCALE 1.000000, 1.000000, 1.000000
X 1.000000, 0.000000, 0.000000
Y 0.000000, 1.000000, 0.000000
Z 0.000000, 0.000000, 1.000000

PART 1
