// Export filename: 'C:\Program Files (x86)\Steam\steamapps\common\Call of Duty Black Ops III\xanim_export\tbd\s2\lmg_m1919\vm_lmg_m1919_s2_pullout.xanim_export'
// Source filename: 'C:\Users\Ash\Documents\WW2 M1919\wpn_s2_lmg_m1919_rig.mb'
// Export time: Sun Nov 19 2017, 20:38:07

ANIMATION
VERSION 3

NUMPARTS 103
PART 0 "tag_torso"
PART 1 "j_shoulder_le"
PART 2 "j_shoulder_ri"
PART 3 "tag_weapon_left"
PART 4 "tag_weapon_right"
PART 5 "j_elbow_le"
PART 6 "j_elbow_ri"
PART 7 "tag_weapon"
PART 8 "j_elbow_bulge_le"
PART 9 "j_wrist_le"
PART 10 "j_wristtwist1_le"
PART 11 "j_wristtwist2_le"
PART 12 "j_wristtwist3_le"
PART 13 "j_wristtwist4_le"
PART 14 "j_wristtwist5_le"
PART 15 "j_wristtwist6_le"
PART 16 "j_wristtwist_le"
PART 17 "j_elbow_bulge_ri"
PART 18 "j_wrist_ri"
PART 19 "j_wristtwist1_ri"
PART 20 "j_wristtwist2_ri"
PART 21 "j_wristtwist3_ri"
PART 22 "j_wristtwist4_ri"
PART 23 "j_wristtwist5_ri"
PART 24 "j_wristtwist6_ri"
PART 25 "j_wristtwist_ri"
PART 26 "tag_brass"
PART 27 "tag_red_dot"
PART 28 "tag_sight_off"
PART 29 "tag_sight_on"
PART 30 "tag_ui_ammo"
PART 31 "tag_ui_ammo_ads"
PART 32 "tag_silencer"
PART 33 "bipod_l"
PART 34 "bipod_r"
PART 35 "tag_bullet01"
PART 36 "tag_bullet02"
PART 37 "tag_bullet03"
PART 38 "tag_bullet04"
PART 39 "tag_bullet05"
PART 40 "tag_bullet06"
PART 41 "tag_bullet07"
PART 42 "tag_bullet08"
PART 43 "tag_bullet09"
PART 44 "tag_bullet10"
PART 45 "tag_bullet11"
PART 46 "tag_bullet12"
PART 47 "tag_bullet13"
PART 48 "tag_bullet14"
PART 49 "tag_bullet15"
PART 50 "tag_bullet16"
PART 51 "tag_bullet17"
PART 52 "tag_bullet18"
PART 53 "tag_bullet19"
PART 54 "tag_bullet20"
PART 55 "front_pin"
PART 56 "peephole"
PART 57 "charging_handle"
PART 58 "hatch"
PART 59 "pin"
PART 60 "j_indexbase_le"
PART 61 "j_mid_le_1"
PART 62 "j_pinkybase_le"
PART 63 "j_ringbase_le"
PART 64 "j_thumb_le_1"
PART 65 "j_indexbase_ri"
PART 66 "j_mid_ri_1"
PART 67 "j_pinkybase_ri"
PART 68 "j_ringbase_ri"
PART 69 "j_thumb_ri_1"
PART 70 "j_index_le_1"
PART 71 "j_indexretract_le"
PART 72 "j_mid_le_2"
PART 73 "j_pinky_le_1"
PART 74 "j_ring_le_1"
PART 75 "j_thumb_le_2"
PART 76 "j_index_ri_1"
PART 77 "j_indexretract_ri"
PART 78 "j_mid_ri_2"
PART 79 "j_pinky_ri_1"
PART 80 "j_ring_ri_1"
PART 81 "j_thumb_ri_2"
PART 82 "j_index_le_2"
PART 83 "j_mid_le_3"
PART 84 "j_pinky_le_2"
PART 85 "j_ring_le_2"
PART 86 "j_thumb_le_3"
PART 87 "j_index_ri_2"
PART 88 "j_mid_ri_3"
PART 89 "j_pinky_ri_2"
PART 90 "j_ring_ri_2"
PART 91 "j_thumb_ri_3"
PART 92 "j_index_le_3"
PART 93 "j_pinky_le_3"
PART 94 "j_ring_le_3"
PART 95 "j_index_ri_3"
PART 96 "j_pinky_ri_3"
PART 97 "j_ring_ri_3"
PART 98 "tag_cambone"
PART 99 "tag_camera"
PART 100 "tag_fill_light"
PART 101 "tag_flashlight"
PART 102 "tag_gasmask"

FRAMERATE 30
NUMFRAMES 38

FRAME 0
PART 0
OFFSET -1.009664, -0.000001, 52.513799
SCALE 1.000000, 1.000000, 1.000000
X 1.000000, 0.000000, 0.000000
Y 0.000000, 1.000000, 0.000000
Z 0.000000, 0.000000, 1.000000

PART 1
OFFSET -7.839489, 6.078553, 50.663638
SCALE 1.000000, 1.000000, 1.000000
X 0.321361, 0.350190, -0.879826
Y -0.687706, 0.725026, 0.037388
Z 0.650989, 0.593047, 0.473823

PART 2
OFFSET -10.559510, -5.755559, 52.052795
SCALE 1.000000, 1.000000, 1.000000
X -0.538890, 0.229415, 0.810534
Y 0.594958, 0.784825, 0.173424
Z -0.596341, 0.575690, -0.559427

PART 3
OFFSET 3.991675, 1.138129, 37.654750
SCALE 1.000000, 1.000000, 1.000000
X 0.280246, 0.770705, -0.572255
Y -0.914896, 0.033999, -0.402255
Z -0.290564, 0.636284, 0.714644

PART 4
OFFSET 3.993043, 1.138793, 37.656300
SCALE 1.000000, 1.000000, 1.000000
X 0.280061, 0.770814, -0.572199
Y -0.914877, 0.033750, -0.402319
Z -0.290802, 0.636166, 0.714652

PART 5
OFFSET -3.908955, 9.437885, 41.058074
SCALE 1.000000, 1.000000, 1.000000
X 0.730157, -0.318683, -0.604410
Y -0.207461, 0.739415, -0.640489
Z 0.651023, 0.593049, 0.473775

PART 6
OFFSET -4.342572, -7.632154, 43.495189
SCALE 1.000000, 1.000000, 1.000000
X -0.772624, -0.600747, 0.205319
Y -0.217858, 0.554652, 0.803056
Z -0.596314, 0.575730, -0.559415

PART 7
OFFSET 3.993043, 1.138793, 37.656300
SCALE 1.000000, 1.000000, 1.000000
X 0.280061, 0.770814, -0.572199
Y -0.914877, 0.033750, -0.402319
Z -0.290802, 0.636166, 0.714652

PART 8
OFFSET -3.908955, 9.437885, 41.058074
SCALE 1.000000, 1.000000, 1.000000
X 0.730157, -0.318683, -0.604410
Y -0.207461, 0.739415, -0.640489
Z 0.651023, 0.593049, 0.473775

PART 9
OFFSET 3.520742, 6.106796, 34.781364
SCALE 1.000000, 1.000000, 1.000000
X 0.535693, 0.764088, -0.359447
Y 0.747782, -0.626999, -0.218391
Z -0.392243, -0.151797, -0.907250

PART 10
OFFSET 1.460399, 7.094127, 36.612549
SCALE 1.000000, 1.000000, 1.000000
X 0.730157, -0.318683, -0.604410
Y 0.471450, -0.405305, 0.783238
Z -0.494576, -0.856836, -0.145693

PART 11
OFFSET 0.565509, 7.484752, 37.353471
SCALE 1.000000, 1.000000, 1.000000
X 0.730157, -0.318683, -0.604410
Y 0.643986, 0.025318, 0.764618
Z -0.228369, -0.947523, 0.223714

PART 12
OFFSET -0.329385, 7.875378, 38.094392
SCALE 1.000000, 1.000000, 1.000000
X 0.730157, -0.318683, -0.604410
Y 0.677700, 0.450575, 0.581124
Z 0.087138, -0.833920, 0.544962

PART 13
OFFSET -1.224278, 8.266006, 38.835315
SCALE 1.000000, 1.000000, 1.000000
X 0.730157, -0.318683, -0.604410
Y 0.576512, 0.762127, 0.294613
Z 0.366749, -0.563563, 0.740197

PART 14
OFFSET -2.119171, 8.656630, 39.576235
SCALE 1.000000, 1.000000, 1.000000
X 0.730157, -0.318683, -0.604410
Y 0.367125, 0.929017, -0.046332
Z 0.576272, -0.188064, 0.795325

PART 15
OFFSET -3.014061, 9.047257, 40.317156
SCALE 1.000000, 1.000000, 1.000000
X 0.730157, -0.318683, -0.604410
Y 0.088024, 0.921073, -0.379310
Z 0.677586, 0.223753, 0.700580

PART 16
OFFSET 2.355289, 6.703501, 35.871628
SCALE 1.000000, 1.000000, 1.000000
X 0.730157, -0.318683, -0.604410
Y 0.217177, -0.730460, 0.647505
Z -0.647846, -0.604044, -0.464140

PART 17
OFFSET -4.342572, -7.632154, 43.495189
SCALE 1.000000, 1.000000, 1.000000
X -0.772624, -0.600747, 0.205319
Y -0.217858, 0.554652, 0.803056
Z -0.596314, 0.575730, -0.559415

PART 18
OFFSET 3.708031, -1.226011, 41.264023
SCALE 1.000000, 1.000000, 1.000000
X -0.137551, -0.916177, 0.376429
Y -0.583185, 0.382096, 0.716867
Z -0.800609, -0.120922, -0.586858

PART 19
OFFSET 1.338031, -3.215942, 41.985624
SCALE 1.000000, 1.000000, 1.000000
X -0.772624, -0.600747, 0.205319
Y -0.327386, 0.654104, 0.681885
Z -0.543940, 0.459621, -0.702052

PART 20
OFFSET 0.391267, -3.951978, 42.237220
SCALE 1.000000, 1.000000, 1.000000
X -0.772624, -0.600747, 0.205319
Y -0.309052, 0.638401, 0.704933
Z -0.554562, 0.481194, -0.678906

PART 21
OFFSET -0.555504, -4.688012, 42.488814
SCALE 1.000000, 1.000000, 1.000000
X -0.772624, -0.600747, 0.205319
Y -0.290369, 0.621984, 0.727201
Z -0.564569, 0.502234, -0.654998

PART 22
OFFSET -1.502272, -5.424049, 42.740410
SCALE 1.000000, 1.000000, 1.000000
X -0.772624, -0.600747, 0.205319
Y -0.272587, 0.605987, 0.747312
Z -0.573366, 0.521424, -0.631956

PART 23
OFFSET -2.449039, -6.160082, 42.992003
SCALE 1.000000, 1.000000, 1.000000
X -0.772624, -0.600747, 0.205319
Y -0.254610, 0.589465, 0.766619
Z -0.581572, 0.540032, -0.608391

PART 24
OFFSET -3.395805, -6.896118, 43.243599
SCALE 1.000000, 1.000000, 1.000000
X -0.772624, -0.600747, 0.205319
Y -0.236341, 0.572330, 0.785227
Z -0.589233, 0.558159, -0.584177

PART 25
OFFSET 2.284796, -2.479908, 41.734028
SCALE 1.000000, 1.000000, 1.000000
X -0.772624, -0.600747, 0.205319
Y -0.344196, 0.668124, 0.659651
Z -0.533462, 0.438992, -0.722983

PART 26
OFFSET 6.846492, 14.532676, 32.291109
SCALE 1.000000, 1.000000, 1.000000
X 0.914877, -0.033750, 0.402319
Y 0.280061, 0.770814, -0.572199
Z -0.290802, 0.636166, 0.714652

PART 27
OFFSET 2.513474, 7.979254, 41.594681
SCALE 1.000000, 1.000000, 1.000000
X 0.280061, 0.770814, -0.572199
Y -0.914877, 0.033750, -0.402319
Z -0.290802, 0.636166, 0.714652

PART 28
OFFSET 5.515568, 12.646521, 35.159417
SCALE 1.000000, 1.000000, 1.000000
X 0.280061, 0.770814, -0.572199
Y -0.914877, 0.033750, -0.402319
Z -0.290802, 0.636166, 0.714652

PART 29
OFFSET 5.304011, 12.064249, 35.591656
SCALE 1.000000, 1.000000, 1.000000
X 0.280061, 0.770814, -0.572199
Y -0.914877, 0.033750, -0.402319
Z -0.290802, 0.636166, 0.714652

PART 30
OFFSET 3.296442, 11.286018, 38.170078
SCALE 1.000000, 1.000000, 1.000000
X 0.280061, 0.770814, -0.572199
Y -0.914877, 0.033750, -0.402319
Z -0.290802, 0.636166, 0.714652

PART 31
OFFSET 3.853348, 10.375365, 38.748800
SCALE 1.000000, 1.000000, 1.000000
X 0.280061, 0.770814, -0.572199
Y -0.914877, 0.033750, -0.402319
Z -0.290802, 0.636166, 0.714652

PART 32
OFFSET 12.501607, 31.045206, 20.816523
SCALE 1.000000, 1.000000, 1.000000
X 0.280061, 0.770814, -0.572199
Y -0.914877, 0.033750, -0.402319
Z -0.290802, 0.636166, 0.714652

PART 33
OFFSET 10.794510, 29.017511, 21.354965
SCALE 1.000000, 1.000000, 1.000000
X -0.280061, -0.770814, 0.572199
Y 0.186781, 0.540908, 0.820080
Z -0.941636, 0.336549, -0.007514

PART 34
OFFSET 13.130603, 28.931333, 22.382267
SCALE 1.000000, 1.000000, 1.000000
X -0.280004, -0.770835, 0.572198
Y -0.696145, 0.573463, 0.431882
Z -0.661044, -0.277405, -0.697185

PART 35
OFFSET 5.973475, 14.223269, 34.316196
SCALE 1.000000, 1.000000, 1.000000
X -0.956985, 0.176975, -0.229914
Y -0.280020, -0.770818, 0.572213
Z -0.075955, 0.611980, 0.787218

PART 36
OFFSET 5.507892, 14.309690, 34.204536
SCALE 1.000000, 1.000000, 1.000000
X -0.882957, -0.027157, -0.468668
Y -0.280022, -0.770814, 0.572218
Z -0.376796, 0.636481, 0.672991

PART 37
OFFSET 5.084699, 14.296156, 33.979321
SCALE 1.000000, 1.000000, 1.000000
X -0.626870, -0.304610, -0.717110
Y -0.280003, -0.770834, 0.572199
Z -0.727070, 0.559488, 0.397922

PART 38
OFFSET 4.779859, 14.147890, 33.630505
SCALE 1.000000, 1.000000, 1.000000
X -0.302656, -0.494757, -0.814626
Y -0.279973, -0.770853, 0.572190
Z -0.911051, 0.401250, 0.094785

PART 39
OFFSET 4.632555, 13.911127, 33.238915
SCALE 1.000000, 1.000000, 1.000000
X -0.073502, -0.577013, -0.813421
Y -0.280022, -0.770875, 0.572136
Z -0.957176, 0.269828, -0.104915

PART 40
OFFSET 4.597152, 13.628189, 32.840963
SCALE 1.000000, 1.000000, 1.000000
X 0.064831, -0.609784, -0.789912
Y -0.279981, -0.770897, 0.572126
Z -0.957814, 0.184069, -0.220706

PART 41
OFFSET 4.625613, 13.338574, 32.464738
SCALE 1.000000, 1.000000, 1.000000
X 0.151253, -0.623989, -0.766656
Y -0.280047, -0.770852, 0.572154
Z -0.947996, 0.128160, -0.291340

PART 42
OFFSET 4.702216, 13.031768, 32.090692
SCALE 1.000000, 1.000000, 1.000000
X 0.206248, -0.630374, -0.748392
Y -0.280010, -0.770874, 0.572144
Z -0.937580, 0.091554, -0.335502

PART 43
OFFSET 4.797776, 12.737125, 31.739793
SCALE 1.000000, 1.000000, 1.000000
X 0.243278, -0.633487, -0.734514
Y -0.279972, -0.770894, 0.572134
Z -0.928672, 0.066455, -0.364900

PART 44
OFFSET 4.917095, 12.426449, 31.376566
SCALE 1.000000, 1.000000, 1.000000
X 0.269613, -0.635074, -0.723871
Y -0.279954, -0.770933, 0.572092
Z -0.921377, 0.048407, -0.385644

PART 45
OFFSET 5.048201, 12.121034, 31.031035
SCALE 1.000000, 1.000000, 1.000000
X 0.288769, -0.635994, -0.715628
Y -0.280026, -0.770891, 0.572112
Z -0.915532, 0.035186, -0.400704

PART 46
OFFSET 5.189991, 11.816390, 30.688064
SCALE 1.000000, 1.000000, 1.000000
X 0.302891, -0.636486, -0.709325
Y -0.280062, -0.770871, 0.572122
Z -0.910946, 0.025364, -0.411745

PART 47
OFFSET 5.332014, 11.508264, 30.343442
SCALE 1.000000, 1.000000, 1.000000
X 0.313914, -0.636723, -0.704303
Y -0.280024, -0.770891, 0.572113
Z -0.907218, 0.017627, -0.420292

PART 48
OFFSET 5.481980, 11.198731, 30.004240
SCALE 1.000000, 1.000000, 1.000000
X 0.323128, -0.636845, -0.700012
Y -0.279986, -0.770912, 0.572104
Z -0.903989, 0.011131, -0.427411

PART 49
OFFSET 5.643787, 10.897308, 29.673202
SCALE 1.000000, 1.000000, 1.000000
X 0.330752, -0.637012, -0.696290
Y -0.280079, -0.770833, 0.572165
Z -0.901198, 0.005771, -0.433368

PART 50
OFFSET 5.800008, 10.585476, 29.334752
SCALE 1.000000, 1.000000, 1.000000
X 0.336944, -0.637012, -0.693314
Y -0.280042, -0.770853, 0.572156
Z -0.898913, 0.001372, -0.438124

PART 51
OFFSET 5.960682, 10.279316, 29.001159
SCALE 1.000000, 1.000000, 1.000000
X 0.342023, -0.636985, -0.690847
Y -0.280004, -0.770873, 0.572148
Z -0.897005, -0.002248, -0.442015

PART 52
OFFSET 6.124295, 9.977934, 28.671655
SCALE 1.000000, 1.000000, 1.000000
X 0.346328, -0.636945, -0.688737
Y -0.280022, -0.770892, 0.572114
Z -0.895346, -0.005277, -0.445339

PART 53
OFFSET 6.299041, 9.663467, 28.332091
SCALE 1.000000, 1.000000, 1.000000
X 0.348935, -0.636972, -0.687395
Y -0.279986, -0.770853, 0.572182
Z -0.894345, -0.007193, -0.447321

PART 54
OFFSET 6.450049, 9.366898, 28.005918
SCALE 1.000000, 1.000000, 1.000000
X 0.348935, -0.636972, -0.687395
Y -0.279986, -0.770853, 0.572182
Z -0.894345, -0.007193, -0.447321

PART 55
OFFSET 6.380314, 17.028797, 33.562520
SCALE 1.000000, 1.000000, 1.000000
X -0.914877, 0.033689, -0.402325
Y -0.280009, -0.770843, 0.572186
Z -0.290853, 0.636134, 0.714659

PART 56
OFFSET 2.555047, 7.768735, 41.506538
SCALE 1.000000, 1.000000, 1.000000
X -0.914877, 0.033689, -0.402325
Y -0.280009, -0.770843, 0.572186
Z -0.290853, 0.636134, 0.714659

PART 57
OFFSET 6.603975, 12.273494, 36.463878
SCALE 1.000000, 1.000000, 1.000000
X -0.914877, 0.033689, -0.402325
Y -0.280009, -0.770843, 0.572186
Z -0.290853, 0.636134, 0.714659

PART 58
OFFSET 6.186623, 16.130772, 33.908373
SCALE 1.000000, 1.000000, 1.000000
X -0.914877, 0.033689, -0.402325
Y -0.280009, -0.770843, 0.572186
Z -0.290853, 0.636134, 0.714659

PART 59
OFFSET 4.758076, 13.019220, 34.398476
SCALE 1.000000, 1.000000, 1.000000
X -0.914877, 0.033689, -0.402325
Y -0.280009, -0.770843, 0.572186
Z -0.290853, 0.636134, 0.714659

PART 60
OFFSET 4.536271, 9.407602, 33.704854
SCALE 1.000000, 1.000000, 1.000000
X 0.535693, 0.764088, -0.359447
Y 0.747782, -0.626999, -0.218391
Z -0.392243, -0.151797, -0.907250

PART 61
OFFSET 5.426388, 8.717031, 33.337447
SCALE 1.000000, 1.000000, 1.000000
X 0.800855, 0.409552, 0.436919
Y -0.571856, 0.306389, 0.760990
Z 0.177798, -0.859298, 0.479578

PART 62
OFFSET 4.877111, 5.837695, 34.557901
SCALE 1.000000, 1.000000, 1.000000
X 0.763246, 0.641271, 0.078908
Y -0.040843, -0.073997, 0.996422
Z 0.644816, -0.763738, -0.030286

PART 63
OFFSET 4.666067, 6.480130, 34.157878
SCALE 1.000000, 1.000000, 1.000000
X 0.700552, 0.697068, -0.152718
Y 0.141879, 0.073680, 0.987138
Z 0.699355, -0.713209, -0.047283

PART 64
OFFSET 2.856818, 7.526201, 34.931585
SCALE 1.000000, 1.000000, 1.000000
X 0.448292, 0.855557, -0.258952
Y 0.850562, -0.497368, -0.170793
Z -0.274918, -0.143690, -0.950670

PART 65
OFFSET 3.617864, 2.356578, 40.780854
SCALE 1.000000, 1.000000, 1.000000
X -0.137551, -0.916177, 0.376429
Y -0.583185, 0.382096, 0.716867
Z -0.800609, -0.120922, -0.586858

PART 66
OFFSET 4.338572, 1.702672, 40.129522
SCALE 1.000000, 1.000000, 1.000000
X 0.699358, -0.192860, 0.688261
Y 0.665517, 0.526957, -0.528587
Z -0.260741, 0.827721, 0.496883

PART 67
OFFSET 4.174575, -1.149510, 40.045395
SCALE 1.000000, 1.000000, 1.000000
X 0.087522, 0.728821, -0.679087
Y 0.256896, -0.675158, -0.691495
Z -0.962468, -0.113934, -0.246323

PART 68
OFFSET 4.219007, -0.470532, 40.414339
SCALE 1.000000, 1.000000, 1.000000
X 0.116747, 0.802987, -0.584451
Y 0.334321, -0.585906, -0.738203
Z -0.935200, -0.109211, -0.336858

PART 69
OFFSET 3.062757, -0.627920, 41.642117
SCALE 1.000000, 1.000000, 1.000000
X 0.608987, -0.719143, 0.334617
Y -0.747386, -0.378995, 0.545689
Z -0.265610, -0.582405, -0.768281

PART 70
OFFSET 4.695215, 9.342018, 33.481242
SCALE 1.000000, 1.000000, 1.000000
X 0.939767, 0.341651, -0.010626
Y -0.070564, 0.224327, 0.971956
Z 0.334453, -0.912662, 0.234924

PART 71
OFFSET 4.536271, 9.407602, 33.704854
SCALE 1.000000, 1.000000, 1.000000
X 0.535693, 0.764088, -0.359447
Y 0.747782, -0.626999, -0.218391
Z -0.392243, -0.151797, -0.907250

PART 72
OFFSET 7.062703, 9.553830, 34.230150
SCALE 1.000000, 1.000000, 1.000000
X -0.283146, 0.422017, 0.861237
Y -0.942456, -0.288887, -0.168290
Z 0.177779, -0.859329, 0.479530

PART 73
OFFSET 6.544447, 7.612662, 34.645360
SCALE 1.000000, 1.000000, 1.000000
X 0.234101, 0.666167, 0.708109
Y -0.954543, 0.019264, 0.297449
Z 0.184510, -0.745554, 0.640395

PART 74
OFFSET 6.228570, 8.141060, 33.905747
SCALE 1.000000, 1.000000, 1.000000
X 0.414805, 0.591598, 0.691338
Y -0.861724, 0.011439, 0.507248
Z 0.292178, -0.806152, 0.514539

PART 75
OFFSET 3.715492, 9.280971, 34.644706
SCALE 1.000000, 1.000000, 1.000000
X 0.561837, 0.703753, -0.434822
Y 0.814900, -0.561306, 0.144474
Z -0.142394, -0.435507, -0.888852

PART 76
OFFSET 3.829247, 2.092478, 40.859710
SCALE 1.000000, 1.000000, 1.000000
X -0.306760, -0.753007, 0.582133
Y 0.875007, 0.017549, 0.483793
Z -0.374515, 0.657778, 0.653503

PART 77
OFFSET 3.617864, 2.356578, 40.780854
SCALE 1.000000, 1.000000, 1.000000
X -0.137551, -0.916177, 0.376429
Y -0.583185, 0.382096, 0.716867
Z -0.800609, -0.120922, -0.586858

PART 78
OFFSET 2.909667, 2.096776, 38.723191
SCALE 1.000000, 1.000000, 1.000000
X 0.664901, 0.527158, -0.529160
Y -0.699921, 0.192369, -0.687826
Z -0.260799, 0.827707, 0.496876

PART 79
OFFSET 4.497248, 0.393058, 38.516073
SCALE 1.000000, 1.000000, 1.000000
X 0.949015, -0.150360, 0.277061
Y 0.312179, 0.326273, -0.892239
Z 0.043759, 0.933240, 0.356577

PART 80
OFFSET 4.406507, 1.107791, 39.246957
SCALE 1.000000, 1.000000, 1.000000
X 0.808037, -0.194105, 0.556236
Y 0.575747, 0.460297, -0.675754
Z -0.124867, 0.866285, 0.483692

PART 81
OFFSET 1.690065, 0.818632, 40.979596
SCALE 1.000000, 1.000000, 1.000000
X -0.005283, -0.766292, 0.642471
Y -0.993627, 0.076361, 0.082907
Z -0.112591, -0.637939, -0.761812

PART 82
OFFSET 6.369723, 9.950796, 33.462314
SCALE 1.000000, 1.000000, 1.000000
X 0.745794, 0.408714, 0.526065
Y -0.576136, -0.000739, 0.817354
Z 0.334453, -0.912662, 0.234924

PART 83
OFFSET 6.730763, 10.048563, 35.239830
SCALE 1.000000, 1.000000, 1.000000
X -0.654957, 0.260352, 0.709400
Y -0.734443, -0.440239, -0.516510
Z 0.177831, -0.859306, 0.479551

PART 84
OFFSET 6.850206, 8.482783, 35.570252
SCALE 1.000000, 1.000000, 1.000000
X -0.457048, 0.511706, 0.727506
Y -0.870093, -0.426907, -0.246353
Z 0.184517, -0.745592, 0.640348

PART 85
OFFSET 6.908451, 9.110685, 35.038842
SCALE 1.000000, 1.000000, 1.000000
X -0.459920, 0.353304, 0.814647
Y -0.838534, -0.474626, -0.267566
Z 0.292120, -0.806168, 0.514548

PART 86
OFFSET 4.512265, 10.250757, 34.066214
SCALE 1.000000, 1.000000, 1.000000
X 0.126753, 0.877354, -0.462799
Y 0.935255, -0.261160, -0.238944
Z -0.330503, -0.402548, -0.853653

PART 87
OFFSET 4.375877, 3.434186, 39.822451
SCALE 1.000000, 1.000000, 1.000000
X 0.761601, -0.183718, 0.621459
Y 0.528856, 0.730430, -0.432184
Z -0.374533, 0.657814, 0.653457

PART 88
OFFSET 2.130152, 1.478716, 39.343592
SCALE 1.000000, 1.000000, 1.000000
X -0.036609, 0.505817, -0.861864
Y -0.964684, -0.243010, -0.101643
Z -0.260855, 0.827705, 0.496850

PART 89
OFFSET 3.257674, 0.589452, 38.154153
SCALE 1.000000, 1.000000, 1.000000
X 0.781379, 0.190432, -0.594292
Y -0.622521, 0.304627, -0.720881
Z 0.043759, 0.933240, 0.356577

PART 90
OFFSET 3.082222, 1.425917, 38.335337
SCALE 1.000000, 1.000000, 1.000000
X 0.683207, 0.428587, -0.591221
Y -0.719470, 0.256638, -0.645368
Z -0.124867, 0.866285, 0.483692

PART 91
OFFSET 1.597943, 1.520481, 40.424544
SCALE 1.000000, 1.000000, 1.000000
X -0.648614, -0.448258, 0.615114
Y -0.739637, 0.561867, -0.370464
Z -0.179548, -0.695249, -0.695982

PART 92
OFFSET 7.077516, 10.338702, 33.961591
SCALE 1.000000, 1.000000, 1.000000
X 0.356200, 0.353209, 0.865081
Y -0.872504, -0.205649, 0.443222
Z 0.334453, -0.912662, 0.234924

PART 93
OFFSET 6.503685, 8.870748, 36.121840
SCALE 1.000000, 1.000000, 1.000000
X -0.740022, 0.323364, 0.589749
Y -0.646778, -0.582690, -0.492088
Z 0.184517, -0.745592, 0.640348

PART 94
OFFSET 6.414690, 9.489991, 35.913440
SCALE 1.000000, 1.000000, 1.000000
X -0.591672, 0.270361, 0.759493
Y -0.751392, -0.526306, -0.398009
Z 0.292120, -0.806168, 0.514548

PART 95
OFFSET 3.653018, 3.608514, 39.232727
SCALE 1.000000, 1.000000, 1.000000
X 0.922266, 0.191587, 0.335737
Y 0.095659, 0.728406, -0.678436
Z -0.374533, 0.657814, 0.653457

PART 96
OFFSET 2.665128, 0.445090, 38.604759
SCALE 1.000000, 1.000000, 1.000000
X 0.079068, 0.352587, -0.932433
Y -0.995906, 0.069048, -0.058340
Z 0.043813, 0.933228, 0.356603

PART 97
OFFSET 2.348741, 0.965761, 38.970093
SCALE 1.000000, 1.000000, 1.000000
X -0.065647, 0.479226, -0.875233
Y -0.989999, -0.141040, -0.002970
Z -0.124867, 0.866285, 0.483692

PART 98
OFFSET -0.106364, -0.000001, 59.999999
SCALE 1.000000, 1.000000, 1.000000
X 1.000000, 0.000000, 0.000000
Y 0.000000, 1.000000, 0.000000
Z 0.000000, 0.000000, 1.000000

PART 99
OFFSET -0.106364, -0.000001, 59.999999
SCALE 1.000000, 1.000000, 1.000000
X 1.000000, 0.000000, 0.000000
Y 0.000000, 1.000000, 0.000000
Z 0.000000, 0.000000, 1.000000

PART 100
OFFSET -4.738254, -0.000001, 58.623226
SCALE 1.000000, 1.000000, 1.000000
X 1.000000, 0.000000, 0.000000
Y 0.000000, 1.000000, 0.000000
Z 0.000000, 0.000000, 1.000000

PART 101
OFFSET 1.434187, -0.000001, 64.135821
SCALE 1.000000, 1.000000, 1.000000
X 1.000000, 0.000000, 0.000000
Y 0.000000, 1.000000, 0.000000
Z 0.000000, 0.000000, 1.000000

PART 102
OFFSET 1.434187, -0.000001, 64.135821
SCALE 1.000000, 1.000000, 1.000000
X 1.000000, 0.000000, 0.000000
Y 0.000000, 1.000000, 0.000000
Z 0.000000, 0.000000, 1.000000

FRAME 1
PART 0
OFFSET -1.009664, -0.000001, 52.513799
SCALE 1.000000, 1.000000, 1.000000
X 1.000000, 0.000000, 0.000000
Y 0.000000, 1.000000, 0.000000
Z 0.000000, 0.000000, 1.000000

PART 1
OFFSET -7.803062, 6.051381, 50.667145
SCALE 1.000000, 1.000000, 1.000000
X 0.352188, 0.327201, -0.876871
Y -0.679687, 0.733502, 0.000712
Z 0.643420, 0.595747, 0.480725

PART 2
OFFSET -10.527015, -5.725679, 52.067088
SCALE 1.000000, 1.000000, 1.000000
X -0.566438, 0.204088, 0.798433
Y 0.582295, 0.784708, 0.212522
Z -0.583164, 0.585305, -0.563328

PART 3
OFFSET 4.427728, 1.151711, 37.694857
SCALE 1.000000, 1.000000, 1.000000
X 0.272123, 0.763117, -0.586176
Y -0.916283, 0.019442, -0.400060
Z -0.293896, 0.645968, 0.704521

PART 4
OFFSET 4.428641, 1.151791, 37.695315
SCALE 1.000000, 1.000000, 1.000000
X 0.271909, 0.763170, -0.586206
Y -0.916316, 0.019230, -0.399994
Z -0.293991, 0.645912, 0.704533

PART 5
OFFSET -3.551265, 9.189848, 41.086257
SCALE 1.000000, 1.000000, 1.000000
X 0.732905, -0.298161, -0.611515
Y -0.221026, 0.745739, -0.628507
Z 0.643427, 0.595797, 0.480654

PART 6
OFFSET -4.013624, -7.356502, 43.630609
SCALE 1.000000, 1.000000, 1.000000
X -0.786296, -0.580957, 0.210302
Y -0.204166, 0.565571, 0.799028
Z -0.583142, 0.585336, -0.563318

PART 7
OFFSET 4.428641, 1.151791, 37.695315
SCALE 1.000000, 1.000000, 1.000000
X 0.271909, 0.763170, -0.586206
Y -0.916316, 0.019230, -0.399994
Z -0.293991, 0.645912, 0.704533

PART 8
OFFSET -3.551265, 9.189848, 41.086257
SCALE 1.000000, 1.000000, 1.000000
X 0.732905, -0.298161, -0.611515
Y -0.221026, 0.745739, -0.628507
Z 0.643427, 0.595797, 0.480654

PART 9
OFFSET 3.906851, 6.066343, 34.738363
SCALE 1.000000, 1.000000, 1.000000
X 0.528222, 0.762280, -0.374046
Y 0.752416, -0.624363, -0.209860
Z -0.393513, -0.170585, -0.903354

PART 10
OFFSET 1.838295, 6.997018, 36.588481
SCALE 1.000000, 1.000000, 1.000000
X 0.732905, -0.298161, -0.611515
Y 0.480083, -0.410219, 0.775397
Z -0.482049, -0.861870, -0.157510

PART 11
OFFSET 0.940038, 7.362488, 37.338111
SCALE 1.000000, 1.000000, 1.000000
X 0.732905, -0.298161, -0.611515
Y 0.646050, 0.023290, 0.762940
Z -0.213237, -0.954231, 0.209696

PART 12
OFFSET 0.041776, 7.727960, 38.087740
SCALE 1.000000, 1.000000, 1.000000
X 0.732905, -0.298161, -0.611515
Y 0.672698, 0.451869, 0.585912
Z 0.101628, -0.840782, 0.531749

PART 13
OFFSET -0.856484, 8.093433, 38.837372
SCALE 1.000000, 1.000000, 1.000000
X 0.732905, -0.298161, -0.611515
Y 0.565797, 0.766259, 0.304500
Z 0.377789, -0.569163, 0.730294

PART 14
OFFSET -1.754745, 8.458902, 39.587000
SCALE 1.000000, 1.000000, 1.000000
X 0.732905, -0.298161, -0.611515
Y 0.352698, 0.935147, -0.033246
Z 0.581769, -0.191314, 0.790534

PART 15
OFFSET -2.653003, 8.824375, 40.336630
SCALE 1.000000, 1.000000, 1.000000
X 0.732905, -0.298161, -0.611515
Y 0.072573, 0.927984, -0.365485
Z 0.676449, 0.223486, 0.701762

PART 16
OFFSET 2.736554, 6.631546, 35.838851
SCALE 1.000000, 1.000000, 1.000000
X 0.732905, -0.298161, -0.611515
Y 0.230256, -0.737094, 0.635354
Z -0.640182, -0.606459, -0.471567

PART 17
OFFSET -4.013624, -7.356502, 43.630609
SCALE 1.000000, 1.000000, 1.000000
X -0.786296, -0.580957, 0.210302
Y -0.204166, 0.565571, 0.799028
Z -0.583142, 0.585336, -0.563318

PART 18
OFFSET 4.174045, -1.153435, 41.343480
SCALE 1.000000, 1.000000, 1.000000
X -0.128827, -0.910705, 0.392453
Y -0.584276, 0.389472, 0.711992
Z -0.801265, -0.137577, -0.582278

PART 19
OFFSET 1.767490, -3.085792, 42.084414
SCALE 1.000000, 1.000000, 1.000000
X -0.786296, -0.580957, 0.210302
Y -0.314923, 0.669694, 0.672558
Z -0.531565, 0.462601, -0.709534

PART 20
OFFSET 0.803974, -3.797578, 42.342115
SCALE 1.000000, 1.000000, 1.000000
X -0.786296, -0.580957, 0.210302
Y -0.296391, 0.653330, 0.696644
Z -0.542117, 0.485437, -0.685901

PART 21
OFFSET -0.159549, -4.509362, 42.599814
SCALE 1.000000, 1.000000, 1.000000
X -0.786296, -0.580957, 0.210302
Y -0.277501, 0.636184, 0.719905
Z -0.552025, 0.507700, -0.661445

PART 22
OFFSET -1.123068, -5.221148, 42.857514
SCALE 1.000000, 1.000000, 1.000000
X -0.786296, -0.580957, 0.210302
Y -0.259518, 0.619446, 0.740903
Z -0.560703, 0.527992, -0.637837

PART 23
OFFSET -2.086587, -5.932931, 43.115213
SCALE 1.000000, 1.000000, 1.000000
X -0.786296, -0.580957, 0.210302
Y -0.241336, 0.602131, 0.761049
Z -0.568766, 0.547657, -0.613659

PART 24
OFFSET -3.050105, -6.644717, 43.372913
SCALE 1.000000, 1.000000, 1.000000
X -0.786296, -0.580957, 0.210302
Y -0.222859, 0.584147, 0.780452
Z -0.576257, 0.566799, -0.588784

PART 25
OFFSET 2.731008, -2.374007, 41.826713
SCALE 1.000000, 1.000000, 1.000000
X -0.786296, -0.580957, 0.210302
Y -0.331909, 0.684270, 0.649316
Z -0.521128, 0.440754, -0.730863

PART 26
OFFSET 7.154088, 14.474766, 32.092293
SCALE 1.000000, 1.000000, 1.000000
X 0.916316, -0.019230, 0.399994
Y 0.271909, 0.763170, -0.586206
Z -0.293991, 0.645912, 0.704533

PART 27
OFFSET 2.903612, 8.046377, 41.520344
SCALE 1.000000, 1.000000, 1.000000
X 0.271909, 0.763170, -0.586206
Y -0.916316, 0.019230, -0.399994
Z -0.293991, 0.645912, 0.704533

PART 28
OFFSET 5.847489, 12.627175, 34.996659
SCALE 1.000000, 1.000000, 1.000000
X 0.271909, 0.763170, -0.586206
Y -0.916316, 0.019230, -0.399994
Z -0.293991, 0.645912, 0.704533

PART 29
OFFSET 5.642089, 12.050678, 35.439479
SCALE 1.000000, 1.000000, 1.000000
X 0.271909, 0.763170, -0.586206
Y -0.916316, 0.019230, -0.399994
Z -0.293991, 0.645912, 0.704533

PART 30
OFFSET 3.648750, 11.300207, 38.037099
SCALE 1.000000, 1.000000, 1.000000
X 0.271909, 0.763170, -0.586206
Y -0.916316, 0.019230, -0.399994
Z -0.293991, 0.645912, 0.704533

PART 31
OFFSET 4.214963, 10.404291, 38.629625
SCALE 1.000000, 1.000000, 1.000000
X 0.271909, 0.763170, -0.586206
Y -0.916316, 0.019230, -0.399994
Z -0.293991, 0.645912, 0.704533

PART 32
OFFSET 12.636903, 30.834133, 20.318597
SCALE 1.000000, 1.000000, 1.000000
X 0.271909, 0.763170, -0.586206
Y -0.916316, 0.019230, -0.399994
Z -0.293991, 0.645912, 0.704533

PART 33
OFFSET 10.948423, 28.801874, 20.897049
SCALE 1.000000, 1.000000, 1.000000
X -0.271909, -0.763170, 0.586206
Y 0.184680, 0.556452, 0.810096
Z -0.944436, 0.328533, -0.010362

PART 34
OFFSET 13.288190, 28.752772, 21.918413
SCALE 1.000000, 1.000000, 1.000000
X -0.271853, -0.763190, 0.586205
Y -0.699632, 0.574995, 0.424141
Z -0.660765, -0.294824, -0.690266

PART 35
OFFSET 6.289695, 14.192953, 34.125093
SCALE 1.000000, 1.000000, 1.000000
X -0.958762, 0.162497, -0.233174
Y -0.271917, -0.763142, 0.586238
Z -0.082682, 0.625467, 0.775857

PART 36
OFFSET 5.823331, 14.274524, 34.013354
SCALE 1.000000, 1.000000, 1.000000
X -0.882373, -0.045379, -0.468358
Y -0.271924, -0.763142, 0.586236
Z -0.384026, 0.644636, 0.661036

PART 37
OFFSET 5.399700, 14.251869, 33.787459
SCALE 1.000000, 1.000000, 1.000000
X -0.626813, -0.321765, -0.709628
Y -0.271869, -0.763193, 0.586194
Z -0.730201, 0.560360, 0.390902

PART 38
OFFSET 5.093169, 14.097162, 33.442694
SCALE 1.000000, 1.000000, 1.000000
X -0.306309, -0.508872, -0.804503
Y -0.271967, -0.763119, 0.586245
Z -0.912255, 0.398371, 0.095354

PART 39
OFFSET 4.944013, 13.854280, 33.055467
SCALE 1.000000, 1.000000, 1.000000
X -0.079235, -0.589354, -0.803980
Y -0.271941, -0.763146, 0.586222
Z -0.959046, 0.265084, -0.099802

PART 40
OFFSET 4.905452, 13.566456, 32.662396
SCALE 1.000000, 1.000000, 1.000000
X 0.059412, -0.621385, -0.781249
Y -0.271896, -0.763114, 0.586284
Z -0.960491, 0.177587, -0.214290

PART 41
OFFSET 4.926546, 13.268340, 32.289095
SCALE 1.000000, 1.000000, 1.000000
X 0.146849, -0.635000, -0.758426
Y -0.271958, -0.763109, 0.586263
Z -0.951039, 0.120168, -0.284755

PART 42
OFFSET 4.995015, 12.958025, 31.917882
SCALE 1.000000, 1.000000, 1.000000
X 0.203154, -0.641025, -0.740146
Y -0.271903, -0.763112, 0.586284
Z -0.940637, 0.082142, -0.329326

PART 43
OFFSET 5.082589, 12.657236, 31.566875
SCALE 1.000000, 1.000000, 1.000000
X 0.241109, -0.643802, -0.726214
Y -0.271982, -0.763128, 0.586227
Z -0.931608, 0.056172, -0.359099

PART 44
OFFSET 5.207344, 12.340453, 31.209290
SCALE 1.000000, 1.000000, 1.000000
X 0.268190, -0.645167, -0.715426
Y -0.271926, -0.763130, 0.586250
Z -0.924192, 0.037317, -0.380101

PART 45
OFFSET 5.333577, 12.030420, 30.865902
SCALE 1.000000, 1.000000, 1.000000
X 0.287667, -0.645835, -0.707210
Y -0.271964, -0.763110, 0.586259
Z -0.918305, 0.023688, -0.395165

PART 46
OFFSET 5.471701, 11.721275, 30.525567
SCALE 1.000000, 1.000000, 1.000000
X 0.302016, -0.646103, -0.700955
Y -0.271927, -0.763130, 0.586249
Z -0.913697, 0.013552, -0.406171

PART 47
OFFSET 5.640516, 11.405250, 30.193366
SCALE 1.000000, 1.000000, 1.000000
X 0.313092, -0.646220, -0.695969
Y -0.271983, -0.763129, 0.586224
Z -0.909944, 0.005750, -0.414691

PART 48
OFFSET 5.789420, 11.093951, 29.855429
SCALE 1.000000, 1.000000, 1.000000
X 0.322222, -0.646222, -0.691788
Y -0.271946, -0.763150, 0.586215
Z -0.906763, -0.000762, -0.421641

PART 49
OFFSET 5.947828, 10.785639, 29.529435
SCALE 1.000000, 1.000000, 1.000000
X 0.329592, -0.646217, -0.688311
Y -0.271983, -0.763130, 0.586224
Z -0.904098, -0.006006, -0.427282

PART 50
OFFSET 6.102839, 10.473279, 29.191125
SCALE 1.000000, 1.000000, 1.000000
X 0.335676, -0.646185, -0.685395
Y -0.271965, -0.763110, 0.586257
Z -0.901863, -0.010389, -0.431898

PART 51
OFFSET 6.259499, 10.159022, 28.863451
SCALE 1.000000, 1.000000, 1.000000
X 0.340516, -0.646120, -0.683065
Y -0.271966, -0.763110, 0.586257
Z -0.900046, -0.013860, -0.435574

PART 52
OFFSET 6.420376, 9.853483, 28.536794
SCALE 1.000000, 1.000000, 1.000000
X 0.344486, -0.646007, -0.681178
Y -0.272002, -0.763150, 0.586189
Z -0.898523, -0.016652, -0.438610

PART 53
OFFSET 6.591739, 9.534796, 28.199952
SCALE 1.000000, 1.000000, 1.000000
X 0.347012, -0.646026, -0.679877
Y -0.272003, -0.763091, 0.586265
Z -0.897551, -0.018512, -0.440523

PART 54
OFFSET 6.766556, 9.227170, 27.879989
SCALE 1.000000, 1.000000, 1.000000
X 0.347012, -0.646026, -0.679877
Y -0.272003, -0.763091, 0.586265
Z -0.897551, -0.018512, -0.440523

PART 55
OFFSET 6.670827, 16.988402, 33.322137
SCALE 1.000000, 1.000000, 1.000000
X -0.916315, 0.019170, -0.399999
Y -0.271858, -0.763197, 0.586194
Z -0.294041, 0.645881, 0.704541

PART 56
OFFSET 2.946683, 7.834728, 41.435696
SCALE 1.000000, 1.000000, 1.000000
X -0.916315, 0.019170, -0.399999
Y -0.271858, -0.763197, 0.586194
Z -0.294041, 0.645881, 0.704541

PART 57
OFFSET 6.942839, 12.285671, 36.303939
SCALE 1.000000, 1.000000, 1.000000
X -0.916315, 0.019170, -0.399999
Y -0.271858, -0.763197, 0.586194
Z -0.294041, 0.645881, 0.704541

PART 58
OFFSET 6.485677, 16.094874, 33.683946
SCALE 1.000000, 1.000000, 1.000000
X -0.916315, 0.019170, -0.399999
Y -0.271858, -0.763197, 0.586194
Z -0.294041, 0.645881, 0.704541

PART 59
OFFSET 5.084655, 12.980439, 34.231794
SCALE 1.000000, 1.000000, 1.000000
X -0.916315, 0.019170, -0.399999
Y -0.271858, -0.763197, 0.586194
Z -0.294041, 0.645881, 0.704541

PART 60
OFFSET 4.891500, 9.356623, 33.602573
SCALE 1.000000, 1.000000, 1.000000
X 0.528222, 0.762280, -0.374046
Y 0.752416, -0.624363, -0.209860
Z -0.393513, -0.170585, -0.903354

PART 61
OFFSET 5.786367, 8.667332, 33.244380
SCALE 1.000000, 1.000000, 1.000000
X 0.798612, 0.423658, 0.427473
Y -0.572261, 0.314576, 0.757337
Z 0.186380, -0.849444, 0.493667

PART 62
OFFSET 5.264801, 5.804821, 34.515506
SCALE 1.000000, 1.000000, 1.000000
X 0.758040, 0.648893, 0.065667
Y -0.037404, -0.057265, 0.997658
Z 0.651134, -0.758721, -0.019138

PART 63
OFFSET 5.047227, 6.438524, 34.105190
SCALE 1.000000, 1.000000, 1.000000
X 0.694226, 0.700190, -0.166688
Y 0.144039, 0.091751, 0.985309
Z 0.705198, -0.708036, -0.037159

PART 64
OFFSET 3.231423, 7.482503, 34.866267
SCALE 1.000000, 1.000000, 1.000000
X 0.440337, 0.854722, -0.274871
Y 0.854235, -0.493080, -0.164788
Z -0.276382, -0.162242, -0.947254

PART 65
OFFSET 4.052643, 2.419487, 40.799406
SCALE 1.000000, 1.000000, 1.000000
X -0.128827, -0.910705, 0.392453
Y -0.584276, 0.389472, 0.711992
Z -0.801265, -0.137577, -0.582278

PART 66
OFFSET 4.776895, 1.760513, 40.157168
SCALE 1.000000, 1.000000, 1.000000
X 0.702924, -0.175250, 0.689337
Y 0.659575, 0.523322, -0.539532
Z -0.266192, 0.833919, 0.483446

PART 67
OFFSET 4.636417, -1.093950, 40.122315
SCALE 1.000000, 1.000000, 1.000000
X 0.079487, 0.717786, -0.691711
Y 0.260515, -0.684749, -0.680625
Z -0.962192, -0.126101, -0.241423

PART 68
OFFSET 4.676257, -0.408410, 40.479459
SCALE 1.000000, 1.000000, 1.000000
X 0.108367, 0.793800, -0.598446
Y 0.337057, -0.595673, -0.729086
Z -0.935227, -0.122702, -0.332108

PART 69
OFFSET 3.524906, -0.554321, 41.713247
SCALE 1.000000, 1.000000, 1.000000
X 0.615919, -0.708243, 0.345016
Y -0.742625, -0.375770, 0.554352
Z -0.262969, -0.597653, -0.757402

PART 70
OFFSET 5.050365, 9.288549, 33.379643
SCALE 1.000000, 1.000000, 1.000000
X 0.936823, 0.349274, -0.019256
Y -0.069703, 0.240336, 0.968184
Z 0.342789, -0.905675, 0.249497

PART 71
OFFSET 4.891500, 9.356623, 33.602573
SCALE 1.000000, 1.000000, 1.000000
X 0.528222, 0.762280, -0.374046
Y 0.752416, -0.624363, -0.209860
Z -0.393513, -0.170585, -0.903354

PART 72
OFFSET 7.418098, 9.532952, 34.117783
SCALE 1.000000, 1.000000, 1.000000
X -0.284252, 0.434315, 0.854735
Y -0.940463, -0.299603, -0.160525
Z 0.186362, -0.849476, 0.493620

PART 73
OFFSET 6.917376, 7.594917, 34.567657
SCALE 1.000000, 1.000000, 1.000000
X 0.230486, 0.680128, 0.695918
Y -0.953827, 0.016365, 0.299910
Z 0.192589, -0.732910, 0.652497

PART 74
OFFSET 6.594975, 8.107913, 33.820073
SCALE 1.000000, 1.000000, 1.000000
X 0.411758, 0.606793, 0.679895
Y -0.860357, 0.012909, 0.509528
Z 0.300402, -0.794755, 0.527374

PART 75
OFFSET 4.074473, 9.239232, 34.546881
SCALE 1.000000, 1.000000, 1.000000
X 0.554660, 0.700886, -0.448454
Y 0.820004, -0.551908, 0.151630
Z -0.141230, -0.451837, -0.880850

PART 76
OFFSET 4.266451, 2.158533, 40.882124
SCALE 1.000000, 1.000000, 1.000000
X -0.298796, -0.745443, 0.595849
Y 0.876223, 0.033073, 0.480770
Z -0.378093, 0.665748, 0.643292

PART 77
OFFSET 4.052643, 2.419487, 40.799406
SCALE 1.000000, 1.000000, 1.000000
X -0.128827, -0.910705, 0.392453
Y -0.584276, 0.389472, 0.711992
Z -0.801265, -0.137577, -0.582278

PART 78
OFFSET 3.340703, 2.118635, 38.748638
SCALE 1.000000, 1.000000, 1.000000
X 0.658953, 0.523510, -0.540109
Y -0.703486, 0.174761, -0.688888
Z -0.266250, 0.833904, 0.483441

PART 79
OFFSET 4.941812, 0.424823, 38.565871
SCALE 1.000000, 1.000000, 1.000000
X 0.951031, -0.137729, 0.276716
Y 0.306873, 0.313520, -0.898629
Z 0.037011, 0.939540, 0.340432

PART 80
OFFSET 4.847234, 1.151189, 39.284697
SCALE 1.000000, 1.000000, 1.000000
X 0.811229, -0.177851, 0.557025
Y 0.569938, 0.453406, -0.685269
Z -0.130683, 0.873380, 0.469180

PART 81
OFFSET 2.138307, 0.869263, 41.030255
SCALE 1.000000, 1.000000, 1.000000
X 0.002953, -0.755196, 0.655492
Y -0.993986, 0.069541, 0.084597
Z -0.109471, -0.651799, -0.750449

PART 82
OFFSET 6.719627, 9.910911, 33.345336
SCALE 1.000000, 1.000000, 1.000000
X 0.743811, 0.423888, 0.516782
Y -0.573795, 0.008432, 0.818955
Z 0.342788, -0.905675, 0.249497

PART 83
OFFSET 7.084862, 10.042103, 35.119840
SCALE 1.000000, 1.000000, 1.000000
X -0.655117, 0.266968, 0.706788
Y -0.732169, -0.455147, -0.506724
Z 0.186413, -0.849453, 0.493640

PART 84
OFFSET 7.218414, 8.483274, 35.476625
SCALE 1.000000, 1.000000, 1.000000
X -0.459282, 0.520244, 0.720004
Y -0.867160, -0.438330, -0.236433
Z 0.192596, -0.732948, 0.652452

PART 85
OFFSET 7.269862, 9.102443, 34.934412
SCALE 1.000000, 1.000000, 1.000000
X -0.460577, 0.363335, 0.809850
Y -0.835261, -0.486136, -0.256927
Z 0.300346, -0.794770, 0.527382

PART 86
OFFSET 4.861414, 10.205610, 33.949533
SCALE 1.000000, 1.000000, 1.000000
X 0.118052, 0.870333, -0.478104
Y 0.936743, -0.257372, -0.237219
Z -0.329510, -0.419856, -0.845662

PART 87
OFFSET 4.798890, 3.486764, 39.820426
SCALE 1.000000, 1.000000, 1.000000
X 0.764896, -0.166738, 0.622200
Y 0.521504, 0.727276, -0.446209
Z -0.378111, 0.665783, 0.643245

PART 88
OFFSET 2.568162, 1.504853, 39.381877
SCALE 1.000000, 1.000000, 1.000000
X -0.043311, 0.490669, -0.870269
Y -0.962916, -0.252693, -0.094550
Z -0.266304, 0.833900, 0.483417

PART 89
OFFSET 3.699605, 0.604720, 38.204401
SCALE 1.000000, 1.000000, 1.000000
X 0.778046, 0.186691, -0.599826
Y -0.627116, 0.287072, -0.724096
Z 0.037011, 0.939540, 0.340432

PART 90
OFFSET 3.517718, 1.442676, 38.371785
SCALE 1.000000, 1.000000, 1.000000
X 0.677904, 0.424038, -0.600531
Y -0.723442, 0.239581, -0.647482
Z -0.130681, 0.873380, 0.469180

PART 91
OFFSET 2.038741, 1.560719, 40.463565
SCALE 1.000000, 1.000000, 1.000000
X -0.643080, -0.443014, 0.624649
Y -0.745357, 0.549299, -0.377776
Z -0.175759, -0.708526, -0.683447

PART 92
OFFSET 7.425537, 10.313218, 33.835804
SCALE 1.000000, 1.000000, 1.000000
X 0.355660, 0.370936, 0.857853
Y -0.869484, -0.205325, 0.449265
Z 0.342788, -0.905675, 0.249497

PART 93
OFFSET 6.870198, 8.877712, 36.022526
SCALE 1.000000, 1.000000, 1.000000
X -0.741049, 0.327210, 0.586328
Y -0.643237, -0.596423, -0.480131
Z 0.192596, -0.732948, 0.652452

PART 94
OFFSET 6.775396, 9.492518, 35.803859
SCALE 1.000000, 1.000000, 1.000000
X -0.591780, 0.278361, 0.756513
Y -0.748057, -0.539310, -0.386724
Z 0.300346, -0.794770, 0.527382

PART 95
OFFSET 4.072905, 3.644978, 39.229999
SCALE 1.000000, 1.000000, 1.000000
X 0.921604, 0.204937, 0.329618
Y 0.087629, 0.717449, -0.691077
Z -0.378111, 0.665783, 0.643245

PART 96
OFFSET 3.109586, 0.463193, 38.659202
SCALE 1.000000, 1.000000, 1.000000
X 0.073433, 0.337210, -0.938561
Y -0.996611, 0.059787, -0.056494
Z 0.037063, 0.939529, 0.340458

PART 97
OFFSET 2.789929, 0.987404, 39.016537
SCALE 1.000000, 1.000000, 1.000000
X -0.072159, 0.463606, -0.883098
Y -0.988795, -0.149261, 0.002437
Z -0.130682, 0.873379, 0.469181

PART 98
OFFSET -0.106364, -0.000001, 59.999999
SCALE 1.000000, 1.000000, 1.000000
X 1.000000, 0.000000, 0.000000
Y 0.000000, 1.000000, 0.000000
Z 0.000000, 0.000000, 1.000000

PART 99
OFFSET -0.106364, -0.000001, 59.999999
SCALE 1.000000, 1.000000, 1.000000
X 0.999998, 0.001077, -0.001934
Y -0.001080, 0.999999, -0.001342
Z 0.001932, 0.001344, 0.999997

PART 100
OFFSET -4.740903, -0.006840, 58.632185
SCALE 1.000000, 1.000000, 1.000000
X 0.999998, 0.001077, -0.001934
Y -0.001080, 0.999999, -0.001342
Z 0.001932, 0.001344, 0.999997

PART 101
OFFSET 1.442174, 0.007216, 64.132831
SCALE 1.000000, 1.000000, 1.000000
X 0.999998, 0.001077, -0.001934
Y -0.001080, 0.999999, -0.001342
Z 0.001932, 0.001344, 0.999997

PART 102
OFFSET 1.442174, 0.007216, 64.132831
SCALE 1.000000, 1.000000, 1.000000
X 0.999998, 0.001077, -0.001934
Y -0.001080, 0.999999, -0.001342
Z 0.001932, 0.001344, 0.999997

FRAME 2
PART 0
OFFSET -1.009664, -0.000001, 52.513799
SCALE 1.000000, 1.000000, 1.000000
X 1.000000, 0.000000, 0.000000
Y 0.000000, 1.000000, 0.000000
Z 0.000000, 0.000000, 1.000000

PART 1
OFFSET -7.789125, 6.038415, 50.668085
SCALE 1.000000, 1.000000, 1.000000
X 0.363986, 0.316223, -0.876081
Y -0.683388, 0.729767, -0.020517
