// Export filename: 'C:\Program Files (x86)\Steam\steamapps\common\Call of Duty Black Ops III\xanim_export\tbd\s2\lmg_m1919\vm_lmg_m1919_s2_fire_ads.xanim_export'
// Source filename: 'C:\Users\Ash\Documents\WW2 M1919\wpn_s2_lmg_m1919_rig.mb'
// Export time: Sun Nov 19 2017, 20:37:06

ANIMATION
VERSION 3

NUMPARTS 103
PART 0 "tag_torso"
PART 1 "j_shoulder_le"
PART 2 "j_shoulder_ri"
PART 3 "tag_weapon_left"
PART 4 "tag_weapon_right"
PART 5 "j_elbow_le"
PART 6 "j_elbow_ri"
PART 7 "tag_weapon"
PART 8 "j_elbow_bulge_le"
PART 9 "j_wrist_le"
PART 10 "j_wristtwist1_le"
PART 11 "j_wristtwist2_le"
PART 12 "j_wristtwist3_le"
PART 13 "j_wristtwist4_le"
PART 14 "j_wristtwist5_le"
PART 15 "j_wristtwist6_le"
PART 16 "j_wristtwist_le"
PART 17 "j_elbow_bulge_ri"
PART 18 "j_wrist_ri"
PART 19 "j_wristtwist1_ri"
PART 20 "j_wristtwist2_ri"
PART 21 "j_wristtwist3_ri"
PART 22 "j_wristtwist4_ri"
PART 23 "j_wristtwist5_ri"
PART 24 "j_wristtwist6_ri"
PART 25 "j_wristtwist_ri"
PART 26 "tag_brass"
PART 27 "tag_red_dot"
PART 28 "tag_sight_off"
PART 29 "tag_sight_on"
PART 30 "tag_ui_ammo"
PART 31 "tag_ui_ammo_ads"
PART 32 "tag_silencer"
PART 33 "bipod_l"
PART 34 "bipod_r"
PART 35 "tag_bullet01"
PART 36 "tag_bullet02"
PART 37 "tag_bullet03"
PART 38 "tag_bullet04"
PART 39 "tag_bullet05"
PART 40 "tag_bullet06"
PART 41 "tag_bullet07"
PART 42 "tag_bullet08"
PART 43 "tag_bullet09"
PART 44 "tag_bullet10"
PART 45 "tag_bullet11"
PART 46 "tag_bullet12"
PART 47 "tag_bullet13"
PART 48 "tag_bullet14"
PART 49 "tag_bullet15"
PART 50 "tag_bullet16"
PART 51 "tag_bullet17"
PART 52 "tag_bullet18"
PART 53 "tag_bullet19"
PART 54 "tag_bullet20"
PART 55 "front_pin"
PART 56 "peephole"
PART 57 "charging_handle"
PART 58 "hatch"
PART 59 "pin"
PART 60 "j_indexbase_le"
PART 61 "j_mid_le_1"
PART 62 "j_pinkybase_le"
PART 63 "j_ringbase_le"
PART 64 "j_thumb_le_1"
PART 65 "j_indexbase_ri"
PART 66 "j_mid_ri_1"
PART 67 "j_pinkybase_ri"
PART 68 "j_ringbase_ri"
PART 69 "j_thumb_ri_1"
PART 70 "j_index_le_1"
PART 71 "j_indexretract_le"
PART 72 "j_mid_le_2"
PART 73 "j_pinky_le_1"
PART 74 "j_ring_le_1"
PART 75 "j_thumb_le_2"
PART 76 "j_index_ri_1"
PART 77 "j_indexretract_ri"
PART 78 "j_mid_ri_2"
PART 79 "j_pinky_ri_1"
PART 80 "j_ring_ri_1"
PART 81 "j_thumb_ri_2"
PART 82 "j_index_le_2"
PART 83 "j_mid_le_3"
PART 84 "j_pinky_le_2"
PART 85 "j_ring_le_2"
PART 86 "j_thumb_le_3"
PART 87 "j_index_ri_2"
PART 88 "j_mid_ri_3"
PART 89 "j_pinky_ri_2"
PART 90 "j_ring_ri_2"
PART 91 "j_thumb_ri_3"
PART 92 "j_index_le_3"
PART 93 "j_pinky_le_3"
PART 94 "j_ring_le_3"
PART 95 "j_index_ri_3"
PART 96 "j_pinky_ri_3"
PART 97 "j_ring_ri_3"
PART 98 "tag_cambone"
PART 99 "tag_camera"
PART 100 "tag_fill_light"
PART 101 "tag_flashlight"
PART 102 "tag_gasmask"

FRAMERATE 30
NUMFRAMES 6

FRAME 0
PART 0
OFFSET -1.009764, -0.000001, 52.513799
SCALE 1.000000, 1.000000, 1.000000
X 1.000000, 0.000000, 0.000000
Y 0.000000, 1.000000, 0.000000
Z 0.000000, 0.000000, 1.000000

PART 1
OFFSET -7.111539, 5.639293, 51.294322
SCALE 1.000000, 1.000000, 1.000000
X 0.937787, -0.021399, -0.346552
Y -0.230631, 0.707709, -0.667800
Z 0.259548, 0.706180, 0.658744

PART 2
OFFSET -10.574693, -6.037583, 52.171454
SCALE 1.000000, 1.000000, 1.000000
X -0.525878, 0.468238, 0.710074
Y 0.843951, 0.391119, 0.367114
Z -0.105827, 0.792325, -0.600851

PART 3
OFFSET 4.212639, -3.344564, 51.181822
SCALE 1.000000, 1.000000, 1.000000
X 1.000000, 0.000099, -0.000051
Y -0.000099, 1.000000, -0.000054
Z 0.000051, 0.000054, 1.000000

PART 4
OFFSET 4.212736, -3.345001, 51.182499
SCALE 1.000000, 1.000000, 1.000000
X 1.000000, -0.000000, 0.000000
Y 0.000000, 1.000000, 0.000000
Z -0.000000, -0.000000, 1.000000

PART 5
OFFSET 3.115717, 4.886850, 48.071292
SCALE 1.000000, 1.000000, 1.000000
X 0.631207, -0.640292, 0.437726
Y 0.730902, 0.302193, -0.611932
Z 0.259538, 0.706191, 0.658737

PART 6
OFFSET -4.754418, -10.407796, 45.384226
SCALE 1.000000, 1.000000, 1.000000
X -0.457352, -0.575183, -0.678228
Y -0.882984, 0.203085, 0.423197
Z -0.105678, 0.792414, -0.600759

PART 7
OFFSET 4.212736, -3.345001, 51.182499
SCALE 1.000000, 1.000000, 1.000000
X 1.000000, 0.000000, 0.000000
Y 0.000000, 1.000000, 0.000000
Z 0.000000, 0.000000, 1.000000

PART 8
OFFSET 3.115717, 4.886850, 48.071292
SCALE 1.000000, 1.000000, 1.000000
X 0.631207, -0.640292, 0.437726
Y 0.730902, 0.302193, -0.611932
Z 0.259538, 0.706191, 0.658737

PART 9
OFFSET 9.554830, -1.589355, 52.426100
SCALE 1.000000, 1.000000, 1.000000
X 0.944705, -0.319582, 0.073476
Y -0.148828, -0.617519, -0.772347
Z 0.292201, 0.718705, -0.630937

PART 10
OFFSET 7.757931, 0.177655, 51.289861
SCALE 1.000000, 1.000000, 1.000000
X 0.631207, -0.640292, 0.437726
Y 0.018746, -0.551601, -0.833897
Z 0.775388, 0.534567, -0.336171

PART 11
OFFSET 6.984229, 0.962520, 50.753436
SCALE 1.000000, 1.000000, 1.000000
X 0.631207, -0.640292, 0.437726
Y 0.180025, -0.428002, -0.885667
Z 0.754433, 0.637840, -0.154890

PART 12
OFFSET 6.210526, 1.747386, 50.217006
SCALE 1.000000, 1.000000, 1.000000
X 0.631207, -0.640292, 0.437726
Y 0.333422, -0.285550, -0.898494
Z 0.700291, 0.713083, 0.033246

PART 13
OFFSET 5.436822, 2.532254, 49.680578
SCALE 1.000000, 1.000000, 1.000000
X 0.631207, -0.640292, 0.437726
Y 0.463846, -0.140692, -0.874673
Z 0.621631, 0.755137, 0.208191

PART 14
OFFSET 4.663119, 3.317118, 49.144149
SCALE 1.000000, 1.000000, 1.000000
X 0.631207, -0.640292, 0.437726
Y 0.575984, 0.009000, -0.817411
Z 0.519442, 0.768079, 0.374479

PART 15
OFFSET 3.889418, 4.101984, 48.607723
SCALE 1.000000, 1.000000, 1.000000
X 0.631207, -0.640292, 0.437726
Y 0.666272, 0.158705, -0.728625
Z 0.397063, 0.751557, 0.526785

PART 16
OFFSET 8.531633, -0.607211, 51.826288
SCALE 1.000000, 1.000000, 1.000000
X 0.631207, -0.640292, 0.437726
Y -0.132906, -0.645303, -0.752277
Z 0.764143, 0.416666, -0.492418

PART 17
OFFSET -4.754418, -10.407796, 45.384226
SCALE 1.000000, 1.000000, 1.000000
X -0.457352, -0.575183, -0.678228
Y -0.882984, 0.203085, 0.423197
Z -0.105678, 0.792414, -0.600759

PART 18
OFFSET 0.244551, -4.615752, 52.339355
SCALE 1.000000, 1.000000, 1.000000
X -0.960072, -0.056448, -0.273997
Y -0.279136, 0.258219, 0.924882
Z 0.018544, 0.964436, -0.263665

PART 19
OFFSET -1.391622, -6.179484, 50.370601
SCALE 1.000000, 1.000000, 1.000000
X -0.457352, -0.575183, -0.678228
Y -0.816284, -0.031090, 0.576814
Z -0.352860, 0.817434, -0.455294

PART 20
OFFSET -1.952088, -6.884203, 49.539542
SCALE 1.000000, 1.000000, 1.000000
X -0.457352, -0.575183, -0.678228
Y -0.833007, 0.010088, 0.553170
Z -0.311332, 0.817962, -0.483745

PART 21
OFFSET -2.512556, -7.588921, 48.708476
SCALE 1.000000, 1.000000, 1.000000
X -0.457352, -0.575183, -0.678228
Y -0.847623, 0.051249, 0.528118
Z -0.269006, 0.816418, -0.510977

PART 22
OFFSET -3.073023, -8.293642, 47.877414
SCALE 1.000000, 1.000000, 1.000000
X -0.457352, -0.575183, -0.678228
Y -0.859358, 0.089664, 0.503453
Z -0.228765, 0.813096, -0.535296

PART 23
OFFSET -3.633489, -8.998358, 47.046351
SCALE 1.000000, 1.000000, 1.000000
X -0.457352, -0.575183, -0.678228
Y -0.869148, 0.127731, 0.477772
Z -0.188176, 0.807991, -0.558337

PART 24
OFFSET -4.193955, -9.703078, 46.215291
SCALE 1.000000, 1.000000, 1.000000
X -0.457352, -0.575183, -0.678228
Y -0.877040, 0.165607, 0.450972
Z -0.147072, 0.801086, -0.580199

PART 25
OFFSET -0.831156, -5.474764, 51.201662
SCALE 1.000000, 1.000000, 1.000000
X -0.457352, -0.575183, -0.678228
Y -0.798778, -0.069514, 0.597596
Z -0.390874, 0.815066, -0.427651

PART 26
OFFSET 18.406023, -3.345001, 55.039200
SCALE 1.000000, 1.000000, 1.000000
X 0.000000, -1.000000, -0.000000
Y 1.000000, 0.000000, 0.000000
Z 0.000000, -0.000000, 1.000000

PART 27
OFFSET 6.817549, -3.345001, 58.779000
SCALE 1.000000, 1.000000, 1.000000
X 1.000000, 0.000000, 0.000000
Y 0.000000, 1.000000, 0.000000
Z 0.000000, 0.000000, 1.000000

PART 28
OFFSET 14.938165, -3.345001, 56.276169
SCALE 1.000000, 1.000000, 1.000000
X 1.000000, 0.000000, 0.000000
Y 0.000000, 1.000000, 0.000000
Z 0.000000, 0.000000, 1.000000

PART 29
OFFSET 14.182766, -3.345001, 56.276169
SCALE 1.000000, 1.000000, 1.000000
X 1.000000, 0.000000, 0.000000
Y 0.000000, 1.000000, 0.000000
Z 0.000000, 0.000000, 1.000000

PART 30
OFFSET 11.545282, -2.571936, 58.207563
SCALE 1.000000, 1.000000, 1.000000
X 1.000000, 0.000000, 0.000000
Y 0.000000, 1.000000, 0.000000
Z 0.000000, 0.000000, 1.000000

PART 31
OFFSET 10.668162, -3.345001, 57.879873
SCALE 1.000000, 1.000000, 1.000000
X 1.000000, 0.000000, 0.000000
Y 0.000000, 1.000000, 0.000000
Z 0.000000, 0.000000, 1.000000

PART 32
OFFSET 39.283635, -3.345001, 55.699058
SCALE 1.000000, 1.000000, 1.000000
X 1.000000, 0.000000, 0.000000
Y 0.000000, 1.000000, 0.000000
Z 0.000000, 0.000000, 1.000000

PART 33
OFFSET 36.934472, -2.068276, 55.290333
SCALE 1.000000, 1.000000, 1.000000
X -1.000000, 0.000000, -0.000000
Y -0.000000, -0.482487, 0.875903
Z 0.000000, 0.875903, 0.482487

PART 34
OFFSET 36.934472, -4.621726, 55.290333
SCALE 1.000000, 1.000000, 1.000000
X -1.000000, 0.000000, 0.000000
Y 0.000000, 0.482487, 0.875903
Z 0.000000, 0.875903, -0.482487

PART 35
OFFSET 16.764332, -3.371501, 56.543500
SCALE 1.000000, 1.000000, 1.000000
X 0.000000, 0.973996, 0.226565
Y -1.000000, 0.000000, -0.000000
Z -0.000000, -0.226565, 0.973996

PART 36
OFFSET 16.764334, -2.898201, 56.653512
SCALE 1.000000, 1.000000, 1.000000
X -0.000000, 0.995443, -0.095362
Y -1.000000, -0.000000, 0.000000
Z -0.000000, 0.095362, 0.995443

PART 37
OFFSET 16.764331, -2.421001, 56.608136
SCALE 1.000000, 1.000000, 1.000000
X 0.000000, 0.851807, -0.523855
Y -1.000000, 0.000000, 0.000000
Z 0.000000, 0.523855, 0.851807

PART 38
OFFSET 16.764325, -2.006501, 56.352899
SCALE 1.000000, 1.000000, 1.000000
X 0.000000, 0.587919, -0.808920
Y -1.000000, 0.000000, -0.000000
Z 0.000000, 0.808920, 0.587919

PART 39
OFFSET 16.764336, -1.722621, 55.962299
SCALE 1.000000, 1.000000, 1.000000
X 0.000000, 0.375115, -0.926978
Y -1.000000, 0.000000, -0.000000
Z 0.000000, 0.926978, 0.375115

PART 40
OFFSET 16.764352, -1.540225, 55.511299
SCALE 1.000000, 1.000000, 1.000000
X -0.000000, 0.237846, -0.971303
Y -1.000000, -0.000000, 0.000000
Z -0.000000, 0.971303, 0.237846

PART 41
OFFSET 16.764339, -1.426700, 55.045923
SCALE 1.000000, 1.000000, 1.000000
X 0.000000, 0.149063, -0.988828
Y -1.000000, 0.000000, -0.000000
Z 0.000000, 0.988828, 0.149063

PART 42
OFFSET 16.764347, -1.354029, 54.564949
SCALE 1.000000, 1.000000, 1.000000
X 0.000000, 0.091155, -0.995837
Y -1.000000, 0.000000, -0.000000
Z 0.000000, 0.995837, 0.091155

PART 43
OFFSET 16.764337, -1.310337, 54.094603
SCALE 1.000000, 1.000000, 1.000000
X 0.000000, 0.051620, -0.998667
Y -1.000000, 0.000000, -0.000000
Z 0.000000, 0.998667, 0.051620

PART 44
OFFSET 16.764346, -1.285390, 53.608120
SCALE 1.000000, 1.000000, 1.000000
X -0.000000, 0.023131, -0.999732
Y -1.000000, -0.000000, 0.000000
Z -0.000000, 0.999732, 0.023131

PART 45
OFFSET 16.764347, -1.273687, 53.129023
SCALE 1.000000, 1.000000, 1.000000
X 0.000000, 0.002258, -0.999997
Y -1.000000, 0.000000, -0.000000
Z 0.000000, 0.999997, 0.002258

PART 46
OFFSET 16.764322, -1.274528, 52.643123
SCALE 1.000000, 1.000000, 1.000000
X -0.000000, -0.013184, -0.999913
Y -1.000000, -0.000000, 0.000000
Z -0.000000, 0.999913, -0.013184

PART 47
OFFSET 16.764305, -1.280300, 52.164922
SCALE 1.000000, 1.000000, 1.000000
X 0.000000, -0.025390, -0.999678
Y -1.000000, -0.000000, 0.000000
Z -0.000000, 0.999678, -0.025390

PART 48
OFFSET 16.764311, -1.292526, 51.679224
SCALE 1.000000, 1.000000, 1.000000
X 0.000000, -0.035518, -0.999369
Y -1.000000, 0.000000, -0.000000
Z 0.000000, 0.999369, -0.035518

PART 49
OFFSET 16.764334, -1.309179, 51.200628
SCALE 1.000000, 1.000000, 1.000000
X -0.000000, -0.043875, -0.999037
Y -1.000000, -0.000000, 0.000000
Z -0.000000, 0.999037, -0.043875

PART 50
OFFSET 16.764334, -1.330501, 50.716033
SCALE 1.000000, 1.000000, 1.000000
X 0.000000, -0.050767, -0.998711
Y -1.000000, -0.000000, 0.000000
Z -0.000000, 0.998711, -0.050767

PART 51
OFFSET 16.764334, -1.354801, 50.240337
SCALE 1.000000, 1.000000, 1.000000
X -0.000000, -0.056498, -0.998403
Y -1.000000, -0.000000, 0.000000
Z -0.000000, 0.998403, -0.056498

PART 52
OFFSET 16.764334, -1.381801, 49.761141
SCALE 1.000000, 1.000000, 1.000000
X -0.000000, -0.061252, -0.998122
Y -1.000000, -0.000000, 0.000000
Z -0.000000, 0.998122, -0.061252

PART 53
OFFSET 16.764334, -1.411701, 49.275645
SCALE 1.000000, 1.000000, 1.000000
X 0.000000, -0.064178, -0.997938
Y -1.000000, 0.000000, -0.000000
Z 0.000000, 0.997938, -0.064178

PART 54
OFFSET 16.764334, -1.442201, 48.800399
SCALE 1.000000, 1.000000, 1.000000
X 0.000000, -0.064178, -0.997938
Y -1.000000, 0.000000, -0.000000
Z 0.000000, 0.997938, -0.064178

PART 55
OFFSET 19.472009, -3.345775, 57.671328
SCALE 1.000000, 1.000000, 1.000000
X -0.000000, 1.000000, 0.000000
Y -1.000000, -0.000000, 0.000000
Z 0.000000, 0.000000, 1.000000

PART 56
OFFSET 6.717356, -3.354679, 58.569993
SCALE 1.000000, 1.000000, 1.000000
X -0.000000, 1.000000, 0.000000
Y -1.000000, -0.000000, 0.000000
Z 0.000000, 0.000000, 1.000000

PART 57
OFFSET 14.209039, -4.878158, 56.654586
SCALE 1.000000, 1.000000, 1.000000
X -0.000000, 1.000000, 0.000000
Y -1.000000, -0.000000, 0.000000
Z 0.000000, 0.000000, 1.000000

PART 58
OFFSET 18.527657, -3.338023, 57.403526
SCALE 1.000000, 1.000000, 1.000000
X -0.000000, 1.000000, 0.000000
Y -1.000000, -0.000000, 0.000000
Z 0.000000, 0.000000, 1.000000

PART 59
OFFSET 15.448713, -2.333269, 56.189739
SCALE 1.000000, 1.000000, 1.000000
X -0.000000, 1.000000, 0.000000
Y -1.000000, -0.000000, 0.000000
Z 0.000000, 0.000000, 1.000000

PART 60
OFFSET 12.999548, -1.973456, 53.461418
SCALE 1.000000, 1.000000, 1.000000
X 0.944705, -0.319582, 0.073476
Y -0.148828, -0.617519, -0.772347
Z 0.292201, 0.718705, -0.630937

PART 61
OFFSET 12.926804, -2.663570, 52.500439
SCALE 1.000000, 1.000000, 1.000000
X 0.290010, -0.894660, 0.339821
Y -0.359393, 0.227281, 0.905085
Z -0.886978, -0.384613, -0.255621

PART 62
OFFSET 9.855262, -2.749497, 51.700904
SCALE 1.000000, 1.000000, 1.000000
X 0.662949, -0.708345, 0.242374
Y -0.638554, -0.365988, 0.676980
Z -0.390829, -0.603572, -0.694948

PART 63
OFFSET 10.520194, -2.373827, 51.885075
SCALE 1.000000, 1.000000, 1.000000
X 0.820847, -0.555999, 0.130671
Y -0.468375, -0.524360, 0.711105
Z -0.326855, -0.644912, -0.690836

PART 64
OFFSET 10.376961, -0.994231, 53.629426
SCALE 1.000000, 1.000000, 1.000000
X 0.933242, -0.276914, 0.228864
Y -0.047368, -0.726349, -0.685692
Z 0.356113, 0.629075, -0.690976

PART 65
OFFSET 3.256956, -4.218012, 54.299903
SCALE 1.000000, 1.000000, 1.000000
X -0.960072, -0.056448, -0.273997
Y -0.279136, 0.258219, 0.924882
Z 0.018544, 0.964436, -0.263665

PART 66
OFFSET 3.327578, -4.637699, 53.208786
SCALE 1.000000, 1.000000, 1.000000
X -0.346746, -0.923173, 0.165889
Y 0.895042, -0.378551, -0.235796
Z 0.280478, 0.066716, 0.957539

PART 67
OFFSET 1.131611, -4.549978, 51.381556
SCALE 1.000000, 1.000000, 1.000000
X 0.974896, 0.217640, -0.047011
Y -0.052657, 0.020212, -0.998408
Z -0.216343, 0.975820, 0.031165

PART 68
OFFSET 1.456227, -4.716098, 52.064286
SCALE 1.000000, 1.000000, 1.000000
X 0.986086, 0.155307, 0.059281
Y 0.064502, -0.028790, -0.997502
Z -0.153212, 0.987447, -0.038407

PART 69
OFFSET 0.308401, -4.157288, 53.177653
SCALE 1.000000, 1.000000, 1.000000
X -0.575268, -0.715985, -0.395515
Y -0.813690, 0.451539, 0.366089
Z -0.083524, 0.532426, -0.842346

PART 70
OFFSET 13.121438, -2.031348, 53.213468
SCALE 1.000000, 1.000000, 1.000000
X 0.532738, -0.843894, -0.063499
Y -0.402939, -0.318919, 0.857864
Z -0.744198, -0.431431, -0.509938

PART 71
OFFSET 12.999548, -1.973456, 53.461418
SCALE 1.000000, 1.000000, 1.000000
X 0.944705, -0.319582, 0.073476
Y -0.148828, -0.617519, -0.772347
Z 0.292201, 0.718705, -0.630937

PART 72
OFFSET 13.519366, -4.491502, 53.194813
SCALE 1.000000, 1.000000, 1.000000
X -0.246748, -0.073278, 0.966305
Y -0.390429, 0.920147, -0.029919
Z -0.886950, -0.384656, -0.255654

PART 73
OFFSET 11.640395, -4.250132, 52.407652
SCALE 1.000000, 1.000000, 1.000000
X 0.173989, -0.476560, 0.861753
Y -0.422692, 0.754241, 0.502446
Z -0.889415, -0.451676, -0.070209

PART 74
OFFSET 12.382239, -3.645925, 52.307277
SCALE 1.000000, 1.000000, 1.000000
X 0.176374, -0.637609, 0.749898
Y -0.522674, 0.584897, 0.620247
Z -0.834088, -0.501348, -0.230101

PART 75
OFFSET 12.134304, -1.604854, 54.291050
SCALE 1.000000, 1.000000, 1.000000
X 0.948648, -0.315234, -0.026362
Y -0.287020, -0.822708, -0.490684
Z 0.132992, 0.473053, -0.870939

PART 76
OFFSET 3.067538, -4.452335, 54.126738
SCALE 1.000000, 1.000000, 1.000000
X -0.999436, 0.021196, 0.026043
Y -0.018419, -0.994554, 0.102586
Z 0.028075, 0.102048, 0.994383

PART 77
OFFSET 3.256956, -4.218012, 54.299903
SCALE 1.000000, 1.000000, 1.000000
X -0.960072, -0.056448, -0.273997
Y -0.279136, 0.258219, 0.924882
Z 0.018544, 0.964436, -0.263665

PART 78
OFFSET 4.036056, -2.751431, 52.869812
SCALE 1.000000, 1.000000, 1.000000
X 0.895412, -0.377591, -0.235926
Y 0.345830, 0.923567, -0.165604
Z 0.280424, 0.066693, 0.957556

PART 79
OFFSET 3.286158, -4.178049, 51.176337
SCALE 1.000000, 1.000000, 1.000000
X -0.008671, -0.984810, -0.173417
Y 0.849517, 0.084228, -0.520795
Z 0.527491, -0.151837, 0.835882

PART 80
OFFSET 3.393397, -4.364990, 52.179732
SCALE 1.000000, 1.000000, 1.000000
X -0.241589, -0.969583, 0.039300
Y 0.902698, -0.239414, -0.357516
Z 0.356050, -0.050896, 0.933080

PART 81
OFFSET 1.418158, -2.586252, 54.023738
SCALE 1.000000, 1.000000, 1.000000
X -0.959813, -0.279348, -0.026900
Y -0.266762, 0.878380, 0.396595
Z -0.087159, 0.387833, -0.917600

PART 82
OFFSET 14.070717, -3.534974, 53.100401
SCALE 1.000000, 1.000000, 1.000000
X 0.223022, -0.880145, 0.419054
Y -0.629599, 0.198139, 0.751230
Z -0.744222, -0.431376, -0.509949

PART 83
OFFSET 13.230127, -4.577409, 54.327692
SCALE 1.000000, 1.000000, 1.000000
X -0.388646, 0.322509, 0.863100
Y -0.249546, 0.864886, -0.435545
Z -0.886950, -0.384656, -0.255654

PART 84
OFFSET 11.867636, -4.872609, 53.533288
SCALE 1.000000, 1.000000, 1.000000
X -0.149745, 0.142792, 0.978359
Y -0.431876, 0.880681, -0.194637
Z -0.889415, -0.451676, -0.070209

PART 85
OFFSET 12.671319, -4.690933, 53.536313
SCALE 1.000000, 1.000000, 1.000000
X -0.322681, 0.105057, 0.940659
Y -0.447469, 0.858815, -0.249415
Z -0.834055, -0.501398, -0.230114

PART 86
OFFSET 13.436023, -2.068213, 54.262931
SCALE 1.000000, 1.000000, 1.000000
X 0.976576, 0.099966, 0.190541
Y 0.197431, -0.768402, -0.608752
Z 0.085558, 0.632112, -0.770139

PART 87
OFFSET 4.848352, -4.490106, 54.080334
SCALE 1.000000, 1.000000, 1.000000
X -0.284050, -0.952947, 0.105864
Y 0.958397, -0.285431, 0.002196
Z 0.028124, 0.102084, 0.994378

PART 88
OFFSET 2.986319, -2.308755, 53.146399
SCALE 1.000000, 1.000000, 1.000000
X 0.872922, 0.397214, -0.283246
Y -0.399252, 0.915299, 0.053148
Z 0.280366, 0.066692, 0.957574

PART 89
OFFSET 3.297492, -2.891727, 51.402813
SCALE 1.000000, 1.000000, 1.000000
X 0.705708, -0.469483, -0.530624
Y 0.473001, 0.869788, -0.140495
Z 0.527491, -0.151837, 0.835882

PART 90
OFFSET 3.789342, -2.775857, 52.115301
SCALE 1.000000, 1.000000, 1.000000
X 0.859935, -0.372882, -0.348527
Y 0.365682, 0.926479, -0.088960
Z 0.356075, -0.050950, 0.933067

PART 91
OFFSET 2.251030, -2.255097, 54.100420
SCALE 1.000000, 1.000000, 1.000000
X -0.879135, 0.331008, 0.342865
Y 0.438031, 0.844660, 0.307699
Z -0.187754, 0.420694, -0.887561

PART 92
OFFSET 14.282370, -4.370314, 53.498125
SCALE 1.000000, 1.000000, 1.000000
X -0.122829, -0.662065, 0.739312
Y -0.656542, 0.612849, 0.439738
Z -0.744222, -0.431376, -0.509949

PART 93
OFFSET 11.754095, -4.764335, 54.275050
SCALE 1.000000, 1.000000, 1.000000
X -0.295387, 0.450721, 0.842376
Y -0.348837, 0.769960, -0.534298
Z -0.889415, -0.451676, -0.070209

PART 94
OFFSET 12.324870, -4.578210, 54.546162
SCALE 1.000000, 1.000000, 1.000000
X -0.391911, 0.244936, 0.886799
Y -0.388275, 0.829823, -0.400794
Z -0.834055, -0.501398, -0.230114

PART 95
OFFSET 5.117916, -3.585701, 53.979911
SCALE 1.000000, 1.000000, 1.000000
X 0.213725, -0.972382, 0.093781
Y 0.976489, 0.209886, -0.049166
Z 0.028124, 0.102084, 0.994378

PART 96
OFFSET 2.762406, -2.535697, 51.805204
SCALE 1.000000, 1.000000, 1.000000
X 0.827488, 0.314647, -0.465038
Y -0.192398, 0.936986, 0.291617
Z 0.527491, -0.151837, 0.835882

PART 97
OFFSET 2.866090, -2.375549, 52.489468
SCALE 1.000000, 1.000000, 1.000000
X 0.851895, 0.428107, -0.301661
Y -0.384092, 0.902290, 0.195820
Z 0.356018, -0.050952, 0.933089

PART 98
OFFSET -0.106364, -0.000001, 59.999999
SCALE 1.000000, 1.000000, 1.000000
X 1.000000, 0.000000, 0.000000
Y 0.000000, 1.000000, 0.000000
Z 0.000000, 0.000000, 1.000000

PART 99
OFFSET -0.106364, -0.000001, 59.999999
SCALE 1.000000, 1.000000, 1.000000
X 1.000000, 0.000000, 0.000000
Y 0.000000, 1.000000, 0.000000
Z 0.000000, 0.000000, 1.000000

PART 100
OFFSET -4.738254, -0.000001, 58.623226
SCALE 1.000000, 1.000000, 1.000000
X 1.000000, 0.000000, 0.000000
Y 0.000000, 1.000000, 0.000000
Z 0.000000, 0.000000, 1.000000

PART 101
OFFSET 1.434187, -0.000001, 64.135821
SCALE 1.000000, 1.000000, 1.000000
X 1.000000, 0.000000, 0.000000
Y 0.000000, 1.000000, 0.000000
Z 0.000000, 0.000000, 1.000000

PART 102
OFFSET 1.434187, -0.000001, 64.135821
SCALE 1.000000, 1.000000, 1.000000
X 1.000000, 0.000000, 0.000000
Y 0.000000, 1.000000, 0.000000
Z 0.000000, 0.000000, 1.000000

FRAME 1
PART 0
OFFSET -1.009764, -0.000001, 52.513799
SCALE 1.000000, 1.000000, 1.000000
X 1.000000, 0.000000, 0.000000
Y 0.000000, 1.000000, 0.000000
Z 0.000000, 0.000000, 1.000000

PART 1
OFFSET -7.117125, 5.652970, 51.278903
SCALE 1.000000, 1.000000, 1.000000
X 0.933056, -0.009826, -0.359596
Y -0.246916, 0.709467, -0.660068
Z 0.261608, 0.704670, 0.659546

PART 2
OFFSET -10.593329, -6.044254, 52.162323
SCALE 1.000000, 1.000000, 1.000000
X -0.510077, 0.473891, 0.717808
Y 0.852919, 0.386499, 0.350924
Z -0.111133, 0.791231, -0.601335

PART 3
OFFSET 3.875737, -3.344380, 51.192268
SCALE 1.000000, 1.000000, 1.000000
X 0.999948, 0.000084, 0.010218
Y -0.000086, 1.000000, 0.000254
Z -0.010218, -0.000255, 0.999948

PART 4
OFFSET 3.875736, -3.344701, 51.192200
SCALE 1.000000, 1.000000, 1.000000
X 0.999948, -0.000002, 0.010193
Y -0.000002, 1.000000, 0.000305
Z -0.010193, -0.000305, 0.999948

PART 5
OFFSET 3.038910, 5.010228, 47.937143
SCALE 1.000000, 1.000000, 1.000000
X 0.604346, -0.652407, 0.457309
Y 0.752558, 0.278995, -0.596505
Z 0.261577, 0.704647, 0.659583

PART 6
OFFSET -4.949087, -10.468148, 45.299168
SCALE 1.000000, 1.000000, 1.000000
X -0.442266, -0.581033, -0.683229
Y -0.889998, 0.190102, 0.414445
Z -0.110923, 0.791367, -0.601194

PART 7
OFFSET 3.875736, -3.344701, 51.192200
SCALE 1.000000, 1.000000, 1.000000
X 0.999948, -0.000002, 0.010193
Y -0.000002, 1.000000, 0.000305
Z -0.010193, -0.000305, 0.999948

PART 8
OFFSET 3.038910, 5.010228, 47.937143
SCALE 1.000000, 1.000000, 1.000000
X 0.604346, -0.652407, 0.457309
Y 0.752558, 0.278995, -0.596505
Z 0.261577, 0.704647, 0.659583

PART 9
OFFSET 9.204890, -1.589640, 52.491885
SCALE 1.000000, 1.000000, 1.000000
X 0.943897, -0.319620, 0.083075
Y -0.140897, -0.617278, -0.774026
Z 0.298674, 0.718896, -0.627680

PART 10
OFFSET 7.483589, 0.211931, 51.299736
SCALE 1.000000, 1.000000, 1.000000
X 0.604346, -0.652407, 0.457309
Y 0.026692, -0.557086, -0.830026
Z 0.796275, 0.513829, -0.319259

PART 11
OFFSET 6.742809, 1.011646, 50.739307
SCALE 1.000000, 1.000000, 1.000000
X 0.604346, -0.652407, 0.457309
Y 0.191794, -0.437977, -0.878289
Z 0.773292, 0.618499, -0.139562

PART 12
OFFSET 6.002029, 1.811363, 50.178873
SCALE 1.000000, 1.000000, 1.000000
X 0.604346, -0.652407, 0.457309
Y 0.348535, -0.299662, -0.888103
Z 0.716442, 0.696109, 0.046287

PART 13
OFFSET 5.261248, 2.611081, 49.618441
SCALE 1.000000, 1.000000, 1.000000
X 0.604346, -0.652407, 0.457309
Y 0.481549, -0.158170, -0.862028
Z 0.634726, 0.741180, 0.218576

PART 14
OFFSET 4.520467, 3.410795, 49.058008
SCALE 1.000000, 1.000000, 1.000000
X 0.604346, -0.652407, 0.457309
Y 0.595669, -0.011187, -0.803152
Z 0.529098, 0.757786, 0.381858

PART 15
OFFSET 3.779688, 4.210512, 48.497578
SCALE 1.000000, 1.000000, 1.000000
X 0.604346, -0.652407, 0.457309
Y 0.687289, 0.136576, -0.713429
Z 0.402989, 0.745461, 0.530931

PART 16
OFFSET 8.224369, -0.587785, 51.860167
SCALE 1.000000, 1.000000, 1.000000
X 0.604346, -0.652407, 0.457309
Y -0.128848, -0.646465, -0.751985
Z 0.786234, 0.395536, -0.474750

PART 17
OFFSET -4.949087, -10.468148, 45.299168
SCALE 1.000000, 1.000000, 1.000000
X -0.442266, -0.581033, -0.683229
Y -0.889998, 0.190102, 0.414445
Z -0.110923, 0.791367, -0.601194

PART 18
OFFSET -0.104549, -4.616381, 52.308699
SCALE 1.000000, 1.000000, 1.000000
X -0.957224, -0.056303, -0.283818
Y -0.288565, 0.257932, 0.922064
Z 0.021291, 0.964521, -0.263146

PART 19
OFFSET -1.697200, -6.196825, 50.322313
SCALE 1.000000, 1.000000, 1.000000
X -0.442266, -0.581033, -0.683229
Y -0.822341, -0.041360, 0.567489
Z -0.357988, 0.812829, -0.459515

PART 20
OFFSET -2.239181, -6.908713, 49.485125
SCALE 1.000000, 1.000000, 1.000000
X -0.442266, -0.581033, -0.683229
Y -0.839188, -0.000729, 0.543841
Z -0.316487, 0.813880, -0.487273

PART 21
OFFSET -2.781164, -7.620600, 48.647932
SCALE 1.000000, 1.000000, 1.000000
X -0.442266, -0.581033, -0.683229
Y -0.853945, 0.039914, 0.518830
Z -0.274187, 0.812901, -0.513823

PART 22
OFFSET -3.323146, -8.332489, 47.810741
SCALE 1.000000, 1.000000, 1.000000
X -0.442266, -0.581033, -0.683229
Y -0.865829, 0.077870, 0.494244
Z -0.233969, 0.810146, -0.537514

PART 23
OFFSET -3.865127, -9.044374, 46.973550
SCALE 1.000000, 1.000000, 1.000000
X -0.442266, -0.581033, -0.683229
Y -0.875784, 0.115509, 0.468679
Z -0.193399, 0.805642, -0.559945

PART 24
OFFSET -4.407108, -9.756262, 46.136361
SCALE 1.000000, 1.000000, 1.000000
X -0.442266, -0.581033, -0.683229
Y -0.883857, 0.152988, 0.442032
Z -0.152310, 0.799372, -0.581211

PART 25
OFFSET -1.155219, -5.484937, 51.159502
SCALE 1.000000, 1.000000, 1.000000
X -0.442266, -0.581033, -0.683229
Y -0.804737, -0.079252, 0.588318
Z -0.395979, 0.810012, -0.432528

PART 26
OFFSET 18.028975, -3.345900, 55.193372
SCALE 1.000000, 1.000000, 1.000000
X 0.000002, -1.000000, -0.000305
Y 0.999948, -0.000002, 0.010193
Z -0.010193, -0.000305, 0.999948

PART 27
OFFSET 6.402983, -3.347023, 58.814857
SCALE 1.000000, 1.000000, 1.000000
X 0.999948, -0.000002, 0.010193
Y -0.000002, 1.000000, 0.000305
Z -0.010193, -0.000305, 0.999948

PART 28
OFFSET 14.548689, -3.346272, 56.394929
SCALE 1.000000, 1.000000, 1.000000
X 0.999948, -0.000002, 0.010193
Y -0.000002, 1.000000, 0.000305
Z -0.010193, -0.000305, 0.999948

PART 29
OFFSET 13.793329, -3.346271, 56.387229
SCALE 1.000000, 1.000000, 1.000000
X 0.999948, -0.000002, 0.010193
Y -0.000002, 1.000000, 0.000305
Z -0.010193, -0.000305, 0.999948

PART 30
OFFSET 11.136294, -2.573791, 58.291875
SCALE 1.000000, 1.000000, 1.000000
X 0.999948, -0.000002, 0.010193
Y -0.000002, 1.000000, 0.000305
Z -0.010193, -0.000305, 0.999948

PART 31
OFFSET 10.262561, -3.346755, 57.955025
SCALE 1.000000, 1.000000, 1.000000
X 0.999948, -0.000002, 0.010193
Y -0.000002, 1.000000, 0.000305
Z -0.010193, -0.000305, 0.999948

PART 32
OFFSET 38.898777, -3.346134, 56.065999
SCALE 1.000000, 1.000000, 1.000000
X 0.999948, -0.000002, 0.010193
Y -0.000002, 1.000000, 0.000305
Z -0.010193, -0.000305, 0.999948

PART 33
OFFSET 36.553900, -2.069280, 55.633740
SCALE 1.000000, 1.000000, 1.000000
X -0.999948, 0.000002, -0.010193
Y -0.008927, -0.482755, 0.875710
Z -0.004919, 0.875756, 0.482730

PART 34
OFFSET 36.553904, -4.622731, 55.632961
SCALE 1.000000, 1.000000, 1.000000
X -0.999948, 0.000002, -0.010193
Y -0.008929, 0.482220, 0.876005
Z 0.004917, 0.876050, -0.482195

PART 35
OFFSET 16.371176, -3.573110, 56.680440
SCALE 1.000000, 1.000000, 1.000000
X -0.002667, 0.917913, 0.396772
Y -0.999947, 0.001500, -0.010191
Z -0.009950, -0.396778, 0.917861

PART 36
OFFSET 16.369978, -3.127011, 56.873234
SCALE 1.000000, 1.000000, 1.000000
X 0.000085, 0.970664, 0.240440
Y -0.999945, 0.002609, -0.010179
Z -0.010507, -0.240426, 0.970611

PART 37
OFFSET 16.370080, -2.661711, 56.988531
SCALE 1.000000, 1.000000, 1.000000
X 0.004460, 0.999737, -0.022481
Y -0.999939, 0.004231, -0.010197
Z -0.010099, 0.022525, 0.999695

PART 38
OFFSET 16.372181, -2.175211, 56.977534
SCALE 1.000000, 1.000000, 1.000000
X 0.009515, 0.920342, -0.390998
Y -0.999929, 0.005977, -0.010264
Z -0.007109, 0.391068, 0.920334

PART 39
OFFSET 16.376678, -1.730726, 56.788745
SCALE 1.000000, 1.000000, 1.000000
X 0.012317, 0.699600, -0.714429
Y -0.999922, 0.007143, -0.010244
Z -0.002064, 0.714499, 0.699633

PART 40
OFFSET 16.382778, -1.390409, 56.441164
SCALE 1.000000, 1.000000, 1.000000
X 0.012579, 0.463914, -0.885791
Y -0.999919, 0.007529, -0.010257
Z 0.001911, 0.885848, 0.463972

PART 41
OFFSET 16.389174, -1.168506, 56.017385
SCALE 1.000000, 1.000000, 1.000000
X 0.012029, 0.292904, -0.956066
Y -0.999919, 0.007572, -0.010261
Z 0.004234, 0.956112, 0.292971

PART 42
OFFSET 16.395470, -1.025804, 55.551808
SCALE 1.000000, 1.000000, 1.000000
X 0.011432, 0.179204, -0.983746
Y -0.999919, 0.007545, -0.010246
Z 0.005586, 0.983783, 0.179276

PART 43
OFFSET 16.401167, -0.941401, 55.088431
SCALE 1.000000, 1.000000, 1.000000
X 0.011075, 0.103741, -0.994543
Y -0.999918, 0.007527, -0.010350
Z 0.006413, 0.994576, 0.103816

PART 44
OFFSET 16.406763, -0.890899, 54.604354
SCALE 1.000000, 1.000000, 1.000000
X 0.010581, 0.050308, -0.998678
Y -0.999920, 0.007482, -0.010217
Z 0.006958, 0.998706, 0.050383

PART 45
OFFSET 16.411959, -0.866796, 54.125777
SCALE 1.000000, 1.000000, 1.000000
X 0.010385, 0.010955, -0.999886
Y -0.999919, 0.007479, -0.010303
Z 0.007365, 0.999912, 0.011032

PART 46
OFFSET 16.416954, -0.861494, 53.639901
SCALE 1.000000, 1.000000, 1.000000
X 0.010178, -0.019287, -0.999762
Y -0.999919, 0.007508, -0.010325
Z 0.007706, 0.999786, -0.019209

PART 47
OFFSET 16.421651, -0.870792, 53.161624
SCALE 1.000000, 1.000000, 1.000000
X 0.009958, -0.043143, -0.999019
Y -0.999918, 0.007570, -0.010294
Z 0.008006, 0.999040, -0.043064

PART 48
OFFSET 16.426147, -0.891689, 52.676147
SCALE 1.000000, 1.000000, 1.000000
X 0.009780, -0.063232, -0.997951
Y -0.999919, 0.007541, -0.010277
Z 0.008175, 0.997970, -0.063153

PART 49
OFFSET 16.430443, -0.921986, 52.197969
SCALE 1.000000, 1.000000, 1.000000
X 0.009641, -0.080655, -0.996695
Y -0.999919, 0.007542, -0.010282
Z 0.008347, 0.996714, -0.080576

PART 50
OFFSET 16.434439, -0.961184, 51.713792
SCALE 1.000000, 1.000000, 1.000000
X 0.009505, -0.096052, -0.995331
Y -0.999918, 0.007605, -0.010282
Z 0.008557, 0.995347, -0.095971

PART 51
OFFSET 16.438236, -1.007081, 51.238515
SCALE 1.000000, 1.000000, 1.000000
X 0.009409, -0.109760, -0.993914
Y -0.999918, 0.007575, -0.010303
Z 0.008660, 0.993929, -0.109680

PART 52
OFFSET 16.441742, -1.059579, 50.762637
SCALE 1.000000, 1.000000, 1.000000
X 0.009226, -0.122148, -0.992469
Y -0.999919, 0.007582, -0.010228
Z 0.008774, 0.992483, -0.122068

PART 53
OFFSET 16.445147, -1.119145, 50.279760
SCALE 1.000000, 1.000000, 1.000000
X 0.009193, -0.133218, -0.991044
Y -0.999917, 0.007671, -0.010307
Z 0.008975, 0.991057, -0.133137

PART 54
OFFSET 16.448231, -1.182771, 49.807782
SCALE 1.000000, 1.000000, 1.000000
X 0.009193, -0.133218, -0.991044
Y -0.999917, 0.007671, -0.010307
Z 0.008975, 0.991057, -0.133137

PART 55
OFFSET 19.068076, -3.347479, 57.836228
SCALE 1.000000, 1.000000, 1.000000
X -0.000002, 1.000000, 0.000305
Y -0.999948, 0.000002, -0.010193
Z -0.010193, -0.000305, 0.999948

PART 56
OFFSET 6.304927, -3.356637, 58.604837
SCALE 1.000000, 1.000000, 1.000000
X -0.000002, 1.000000, 0.000305
Y -0.999948, 0.000002, -0.010193
Z -0.010193, -0.000305, 0.999948

PART 57
OFFSET 13.815746, -4.879544, 56.765426
SCALE 1.000000, 1.000000, 1.000000
X -0.000002, 1.000000, 0.000305
Y -0.999948, 0.000002, -0.010193
Z -0.010193, -0.000305, 0.999948

PART 58
OFFSET 18.126503, -3.339644, 57.558817
SCALE 1.000000, 1.000000, 1.000000
X -0.000002, 1.000000, 0.000305
Y -0.999948, 0.000002, -0.010193
Z -0.010193, -0.000305, 0.999948

PART 59
OFFSET 15.060089, -2.334515, 56.314016
SCALE 1.000000, 1.000000, 1.000000
X -0.000002, 1.000000, 0.000305
Y -0.999948, 0.000002, -0.010193
Z -0.010193, -0.000305, 0.999948

PART 60
OFFSET 12.638789, -1.974115, 53.562404
SCALE 1.000000, 1.000000, 1.000000
X 0.943897, -0.319620, 0.083075
Y -0.140897, -0.617278, -0.774026
Z 0.298674, 0.718896, -0.627680

PART 61
OFFSET 12.575910, -2.663931, 52.600515
SCALE 1.000000, 1.000000, 1.000000
X 0.286494, -0.894769, 0.342504
Y -0.368666, 0.227007, 0.901417
Z -0.884311, -0.384520, -0.264835

PART 62
OFFSET 9.512740, -2.749562, 51.769453
SCALE 1.000000, 1.000000, 1.000000
X 0.660416, -0.708431, 0.248950
Y -0.645477, -0.366188, 0.670273
Z -0.383680, -0.603351, -0.699112

PART 63
OFFSET 10.175749, -2.373960, 51.960559
SCALE 1.000000, 1.000000, 1.000000
X 0.819455, -0.556052, 0.138922
Y -0.475660, -0.524573, 0.706096
Z -0.319751, -0.644693, -0.694356

PART 64
OFFSET 10.014628, -0.994902, 53.703774
SCALE 1.000000, 1.000000, 1.000000
X 0.930839, -0.276999, 0.238350
Y -0.040333, -0.726136, -0.686367
Z 0.363198, 0.629283, -0.687088

PART 65
OFFSET 2.887673, -4.219457, 54.300077
SCALE 1.000000, 1.000000, 1.000000
X -0.957224, -0.056303, -0.283818
Y -0.288565, 0.257932, 0.922064
Z 0.021291, 0.964521, -0.263146

PART 66
OFFSET 2.969425, -4.638790, 53.209602
SCALE 1.000000, 1.000000, 1.000000
X -0.348474, -0.923207, 0.162032
Y 0.897385, -0.378525, -0.226756
Z 0.270676, 0.066387, 0.960379

PART 67
OFFSET 0.792262, -4.550346, 51.360041
SCALE 1.000000, 1.000000, 1.000000
X 0.975338, 0.217599, -0.036969
Y -0.042444, 0.020542, -0.998888
Z -0.216598, 0.975822, 0.029271

PART 68
OFFSET 1.109870, -4.716707, 52.046001
SCALE 1.000000, 1.000000, 1.000000
X 0.985437, 0.155231, 0.069412
Y 0.074696, -0.028467, -0.996800
Z -0.152758, 0.987468, -0.039648

PART 69
OFFSET -0.049250, -4.158196, 53.147756
SCALE 1.000000, 1.000000, 1.000000
X -0.571232, -0.715823, -0.401611
Y -0.817366, 0.451466, 0.357898
Z -0.074878, 0.532706, -0.842981

PART 70
OFFSET 12.763219, -2.031932, 53.315701
SCALE 1.000000, 1.000000, 1.000000
X 0.533352, -0.843883, -0.058286
Y -0.411731, -0.319178, 0.853582
Z -0.738927, -0.431262, -0.517687

PART 71
OFFSET 12.638789, -1.974115, 53.562404
SCALE 1.000000, 1.000000, 1.000000
X 0.943897, -0.319620, 0.083075
Y -0.140897, -0.617278, -0.774026
Z 0.298674, 0.718896, -0.627680

PART 72
OFFSET 13.161287, -4.492087, 53.300372
SCALE 1.000000, 1.000000, 1.000000
X -0.256659, -0.073573, 0.963698
Y -0.390090, 0.920162, -0.033642
Z -0.884283, -0.384563, -0.264868

PART 73
OFFSET 11.290502, -4.250444, 52.494031
SCALE 1.000000, 1.000000, 1.000000
X 0.165124, -0.476829, 0.863347
Y -0.427820, 0.754092, 0.498312
Z -0.888653, -0.451641, -0.079478

PART 74
OFFSET 12.033345, -3.646217, 52.401467
SCALE 1.000000, 1.000000, 1.000000
X 0.168656, -0.637844, 0.751472
Y -0.529009, 0.584713, 0.615028
Z -0.831688, -0.501264, -0.238810

PART 75
OFFSET 11.765076, -1.605756, 54.383221
SCALE 1.000000, 1.000000, 1.000000
X 0.948865, -0.315241, -0.016716
Y -0.281976, -0.822552, -0.493860
Z 0.141935, 0.473320, -0.869381

PART 76
OFFSET 2.700023, -4.453712, 54.124907
SCALE 1.000000, 1.000000, 1.000000
X -0.999649, 0.021245, 0.015829
Y -0.019521, -0.994586, 0.102066
Z 0.017911, 0.101721, 0.994652

PART 77
OFFSET 2.887673, -4.219457, 54.300077
SCALE 1.000000, 1.000000, 1.000000
X -0.957224, -0.056303, -0.283818
Y -0.288565, 0.257932, 0.922064
Z 0.021291, 0.964521, -0.263146

PART 78
OFFSET 3.681434, -2.752453, 52.878508
SCALE 1.000000, 1.000000, 1.000000
X 0.897758, -0.377566, -0.226882
Y 0.347556, 0.923602, -0.161756
Z 0.270622, 0.066363, 0.960396

PART 79
OFFSET 2.948815, -4.178473, 51.176986
SCALE 1.000000, 1.000000, 1.000000
X -0.006951, -0.984753, -0.173820
Y 0.854802, 0.084349, -0.512053
Z 0.518908, -0.152141, 0.841183

PART 80
OFFSET 3.045778, -4.365749, 52.181363
SCALE 1.000000, 1.000000, 1.000000
X -0.242030, -0.969582, 0.036510
Y 0.906293, -0.239349, -0.348345
Z 0.346488, -0.051222, 0.936655

PART 81
OFFSET 1.051883, -2.587501, 54.005659
SCALE 1.000000, 1.000000, 1.000000
X -0.959503, -0.279284, -0.036804
Y -0.270756, 0.878265, 0.394134
Z -0.077751, 0.388138, -0.918316

PART 82
OFFSET 13.713590, -3.535539, 53.211923
SCALE 1.000000, 1.000000, 1.000000
X 0.218696, -0.880278, 0.421049
Y -0.637278, 0.197916, 0.744786
Z -0.738951, -0.431207, -0.517699

PART 83
OFFSET 12.860428, -4.578340, 54.430194
SCALE 1.000000, 1.000000, 1.000000
X -0.397485, 0.322248, 0.859163
Y -0.245049, 0.865024, -0.437817
Z -0.884283, -0.384563, -0.264868

PART 84
OFFSET 11.506163, -4.873272, 53.621749
SCALE 1.000000, 1.000000, 1.000000
X -0.159782, 0.142492, 0.976814
Y -0.429844, 0.880748, -0.198790
Z -0.888653, -0.451641, -0.079478

PART 85
OFFSET 12.309775, -4.691611, 53.633083
SCALE 1.000000, 1.000000, 1.000000
X -0.332323, 0.104771, 0.937328
Y -0.444874, 0.858899, -0.253731
Z -0.831654, -0.501313, -0.238822

PART 86
OFFSET 13.067010, -2.069127, 54.368328
SCALE 1.000000, 1.000000, 1.000000
X 0.974569, 0.099892, 0.200591
Y 0.203663, -0.768217, -0.606931
Z 0.093470, 0.632349, -0.769024

PART 87
OFFSET 4.481216, -4.491570, 54.096703
SCALE 1.000000, 1.000000, 1.000000
X -0.285169, -0.952965, 0.102642
Y 0.958309, -0.285486, 0.011902
Z 0.017961, 0.101757, 0.994647

PART 88
OFFSET 2.628948, -2.309807, 53.144491
SCALE 1.000000, 1.000000, 1.000000
X 0.875794, 0.397257, -0.274175
Y -0.399725, 0.915305, 0.049363
Z 0.270563, 0.066363, 0.960412

PART 89
OFFSET 2.957902, -2.892226, 51.403988
SCALE 1.000000, 1.000000, 1.000000
X 0.711072, -0.469350, -0.523534
Y 0.474460, 0.869807, -0.135366
Z 0.518908, -0.152141, 0.841183

PART 90
OFFSET 3.442447, -2.776617, 52.121506
SCALE 1.000000, 1.000000, 1.000000
X 0.863433, -0.372817, -0.339838
Y 0.366622, 0.926487, -0.084913
Z 0.346513, -0.051276, 0.936643

PART 91
OFFSET 1.883946, -2.256419, 54.090963
SCALE 1.000000, 1.000000, 1.000000
X -0.882577, 0.330946, 0.333966
Y 0.434907, 0.844534, 0.312439
Z -0.178645, 0.420995, -0.889297

PART 92
OFFSET 13.921137, -4.371005, 53.611541
SCALE 1.000000, 1.000000, 1.000000
X -0.130423, -0.662292, 0.737807
Y -0.661015, 0.612723, 0.433162
Z -0.738951, -0.431207, -0.517699

PART 93
OFFSET 11.385012, -4.765226, 54.362340
SCALE 1.000000, 1.000000, 1.000000
X -0.304017, 0.450465, 0.839437
Y -0.343322, 0.770131, -0.537614
Z -0.888653, -0.451641, -0.079478

PART 94
OFFSET 11.952975, -4.579194, 54.639356
SCALE 1.000000, 1.000000, 1.000000
X -0.400994, 0.244668, 0.882803
Y -0.384129, 0.829953, -0.404503
Z -0.831654, -0.501313, -0.238822

PART 95
OFFSET 4.751842, -3.587148, 53.999337
SCALE 1.000000, 1.000000, 1.000000
X 0.212703, -0.972425, 0.095642
Y 0.976952, 0.209846, -0.039109
Z 0.017961, 0.101757, 0.994647

PART 96
OFFSET 2.418748, -2.536297, 51.801003
SCALE 1.000000, 1.000000, 1.000000
X 0.832217, 0.314752, -0.456449
Y -0.195319, 0.936902, 0.289941
Z 0.518908, -0.152141, 0.841183

PART 97
OFFSET 2.515439, -2.376379, 52.486344
SCALE 1.000000, 1.000000, 1.000000
X 0.854958, 0.428157, -0.292794
Y -0.386025, 0.902248, 0.192178
Z 0.346455, -0.051278, 0.936664

PART 98
OFFSET -0.106364, -0.000001, 59.999999
SCALE 1.000000, 1.000000, 1.000000
X 1.000000, 0.000000, 0.000000
Y 0.000000, 1.000000, 0.000000
Z 0.000000, 0.000000, 1.000000

PART 99
OFFSET -0.106364, -0.000001, 59.999999
SCALE 1.000000, 1.000000, 1.000000
X 1.000000, 0.000000, 0.000000
Y 0.000000, 1.000000, 0.000000
Z 0.000000, 0.000000, 1.000000

PART 100
OFFSET -4.738254, -0.000001, 58.623226
SCALE 1.000000, 1.000000, 1.000000
X 1.000000, 0.000000, 0.000000
Y 0.000000, 1.000000, 0.000000
Z 0.000000, 0.000000, 1.000000

PART 101
OFFSET 1.434187, -0.000001, 64.135821
SCALE 1.000000, 1.000000, 1.000000
X 1.000000, 0.000000, 0.000000
Y 0.000000, 1.000000, 0.000000
Z 0.000000, 0.000000, 1.000000

PART 102
OFFSET 1.434187, -0.000001, 64.135821
SCALE 1.000000, 1.000000, 1.000000
X 1.000000, 0.000000, 0.000000
Y 0.000000, 1.000000, 0.000000
Z 0.000000, 0.000000, 1.000000

FRAME 2
PART 0
OFFSET -1.009764, -0.000001, 52.513799
SCALE 1.000000, 1.000000, 1.000000
X 1.000000, 0.000000, 0.000000
Y 0.000000, 1.000000, 0.000000
Z 0.000000, 0.000000, 1.000000

PART 1
OFFSET -7.116702, 5.651007, 51.280060
