// Export filename: 'C:\Program Files (x86)\Steam\steamapps\common\Call of Duty Black Ops III\xanim_export\tbd\s2\lmg_m1919\vm_lmg_m1919_s2_sprint_out.xanim_export'
// Source filename: 'C:\Users\Ash\Documents\WW2 M1919\wpn_s2_lmg_m1919_rig.mb'
// Export time: Sun Nov 19 2017, 21:05:50

ANIMATION
VERSION 3

NUMPARTS 103
PART 0 "tag_torso"
PART 1 "j_shoulder_le"
PART 2 "j_shoulder_ri"
PART 3 "tag_weapon_left"
PART 4 "tag_weapon_right"
PART 5 "j_elbow_le"
PART 6 "j_elbow_ri"
PART 7 "tag_weapon"
PART 8 "j_elbow_bulge_le"
PART 9 "j_wrist_le"
PART 10 "j_wristtwist1_le"
PART 11 "j_wristtwist2_le"
PART 12 "j_wristtwist3_le"
PART 13 "j_wristtwist4_le"
PART 14 "j_wristtwist5_le"
PART 15 "j_wristtwist6_le"
PART 16 "j_wristtwist_le"
PART 17 "j_elbow_bulge_ri"
PART 18 "j_wrist_ri"
PART 19 "j_wristtwist1_ri"
PART 20 "j_wristtwist2_ri"
PART 21 "j_wristtwist3_ri"
PART 22 "j_wristtwist4_ri"
PART 23 "j_wristtwist5_ri"
PART 24 "j_wristtwist6_ri"
PART 25 "j_wristtwist_ri"
PART 26 "tag_brass"
PART 27 "tag_red_dot"
PART 28 "tag_sight_off"
PART 29 "tag_sight_on"
PART 30 "tag_ui_ammo"
PART 31 "tag_ui_ammo_ads"
PART 32 "tag_silencer"
PART 33 "bipod_l"
PART 34 "bipod_r"
PART 35 "tag_bullet01"
PART 36 "tag_bullet02"
PART 37 "tag_bullet03"
PART 38 "tag_bullet04"
PART 39 "tag_bullet05"
PART 40 "tag_bullet06"
PART 41 "tag_bullet07"
PART 42 "tag_bullet08"
PART 43 "tag_bullet09"
PART 44 "tag_bullet10"
PART 45 "tag_bullet11"
PART 46 "tag_bullet12"
PART 47 "tag_bullet13"
PART 48 "tag_bullet14"
PART 49 "tag_bullet15"
PART 50 "tag_bullet16"
PART 51 "tag_bullet17"
PART 52 "tag_bullet18"
PART 53 "tag_bullet19"
PART 54 "tag_bullet20"
PART 55 "front_pin"
PART 56 "peephole"
PART 57 "charging_handle"
PART 58 "hatch"
PART 59 "pin"
PART 60 "j_indexbase_le"
PART 61 "j_mid_le_1"
PART 62 "j_pinkybase_le"
PART 63 "j_ringbase_le"
PART 64 "j_thumb_le_1"
PART 65 "j_indexbase_ri"
PART 66 "j_mid_ri_1"
PART 67 "j_pinkybase_ri"
PART 68 "j_ringbase_ri"
PART 69 "j_thumb_ri_1"
PART 70 "j_index_le_1"
PART 71 "j_indexretract_le"
PART 72 "j_mid_le_2"
PART 73 "j_pinky_le_1"
PART 74 "j_ring_le_1"
PART 75 "j_thumb_le_2"
PART 76 "j_index_ri_1"
PART 77 "j_indexretract_ri"
PART 78 "j_mid_ri_2"
PART 79 "j_pinky_ri_1"
PART 80 "j_ring_ri_1"
PART 81 "j_thumb_ri_2"
PART 82 "j_index_le_2"
PART 83 "j_mid_le_3"
PART 84 "j_pinky_le_2"
PART 85 "j_ring_le_2"
PART 86 "j_thumb_le_3"
PART 87 "j_index_ri_2"
PART 88 "j_mid_ri_3"
PART 89 "j_pinky_ri_2"
PART 90 "j_ring_ri_2"
PART 91 "j_thumb_ri_3"
PART 92 "j_index_le_3"
PART 93 "j_pinky_le_3"
PART 94 "j_ring_le_3"
PART 95 "j_index_ri_3"
PART 96 "j_pinky_ri_3"
PART 97 "j_ring_ri_3"
PART 98 "tag_cambone"
PART 99 "tag_camera"
PART 100 "tag_fill_light"
PART 101 "tag_flashlight"
PART 102 "tag_gasmask"

FRAMERATE 30
NUMFRAMES 41

FRAME 0
PART 0
OFFSET -1.009664, -0.000001, 52.513799
SCALE 1.000000, 1.000000, 1.000000
X 1.000000, 0.000000, 0.000000
Y 0.000000, 1.000000, 0.000000
Z 0.000000, 0.000000, 1.000000

PART 1
OFFSET -7.649464, 5.183721, 50.786395
SCALE 1.000000, 1.000000, 1.000000
X 0.482294, -0.407214, -0.775609
Y -0.782096, 0.198678, -0.590638
Z 0.394613, 0.891462, -0.222659

PART 2
OFFSET -10.644414, -6.173358, 52.224870
SCALE 1.000000, 1.000000, 1.000000
X -0.466607, 0.583342, 0.664823
Y 0.844757, 0.071237, 0.530388
Z 0.262037, 0.809097, -0.526022

PART 3
OFFSET 1.122139, -4.869385, 51.926468
SCALE 1.000000, 1.000000, 1.000000
X 0.796778, 0.535736, -0.279519
Y -0.596550, 0.771095, -0.222577
Z 0.096293, 0.344092, 0.933985

PART 4
OFFSET 1.121409, -4.869901, 51.926684
SCALE 1.000000, 1.000000, 1.000000
X 0.796817, 0.535692, -0.279494
Y -0.596479, 0.771202, -0.222394
Z 0.096412, 0.343920, 0.934036

PART 5
OFFSET -2.103850, 0.876036, 43.369363
SCALE 1.000000, 1.000000, 1.000000
X 0.669485, -0.112817, 0.734208
Y 0.629409, -0.438771, -0.641346
Z 0.394504, 0.891489, -0.222742

PART 6
OFFSET -5.491609, -11.872565, 46.026542
SCALE 1.000000, 1.000000, 1.000000
X -0.392196, -0.408515, -0.824195
Y -0.881726, 0.422320, 0.210247
Z 0.262185, 0.809173, -0.525831

PART 7
OFFSET 1.121409, -4.869901, 51.926684
SCALE 1.000000, 1.000000, 1.000000
X 0.796817, 0.535692, -0.279494
Y -0.596479, 0.771202, -0.222394
Z 0.096412, 0.343920, 0.934036

PART 8
OFFSET -2.103850, 0.876036, 43.369363
SCALE 1.000000, 1.000000, 1.000000
X 0.669485, -0.112817, 0.734208
Y 0.629409, -0.438771, -0.641346
Z 0.394504, 0.891489, -0.222742

PART 9
OFFSET 4.732602, -0.346293, 50.756224
SCALE 1.000000, 1.000000, 1.000000
X 0.957758, 0.042189, 0.284463
Y -0.004516, -0.986852, 0.161564
Z 0.287539, -0.156024, -0.944975

PART 10
OFFSET 2.819762, 0.045672, 48.768844
SCALE 1.000000, 1.000000, 1.000000
X 0.669485, -0.112817, 0.734208
Y -0.124835, -0.991430, -0.038511
Z 0.732261, -0.065872, -0.677831

PART 11
OFFSET 1.999161, 0.184068, 47.868933
SCALE 1.000000, 1.000000, 1.000000
X 0.669485, -0.112817, 0.734208
Y 0.027288, -0.983997, -0.176082
Z 0.742324, 0.137920, -0.655693

PART 12
OFFSET 1.178557, 0.322461, 46.969018
SCALE 1.000000, 1.000000, 1.000000
X 0.669485, -0.112817, 0.734208
Y 0.178297, -0.935100, -0.306266
Z 0.721110, 0.335948, -0.605920

PART 13
OFFSET 0.357954, 0.460857, 46.069103
SCALE 1.000000, 1.000000, 1.000000
X 0.669485, -0.112817, 0.734208
Y 0.312964, -0.853555, -0.416531
Z 0.673679, 0.508642, -0.536135

PART 14
OFFSET -0.462649, 0.599249, 45.169192
SCALE 1.000000, 1.000000, 1.000000
X 0.669485, -0.112817, 0.734208
Y 0.435616, -0.740975, -0.511072
Z 0.601688, 0.661988, -0.446927

PART 15
OFFSET -1.283249, 0.737645, 44.269278
SCALE 1.000000, 1.000000, 1.000000
X 0.669485, -0.112817, 0.734208
Y 0.542536, -0.600868, -0.587038
Z 0.507390, 0.791347, -0.341065

PART 16
OFFSET 3.640363, -0.092724, 49.668757
SCALE 1.000000, 1.000000, 1.000000
X 0.669485, -0.112817, 0.734208
Y -0.262411, -0.960592, 0.091676
Z 0.694932, -0.254040, -0.672706

PART 17
OFFSET -5.491609, -11.872565, 46.026542
SCALE 1.000000, 1.000000, 1.000000
X -0.392196, -0.408515, -0.824195
Y -0.881726, 0.422320, 0.210247
Z 0.262185, 0.809173, -0.525831

PART 18
OFFSET -1.169829, -7.577673, 54.398284
SCALE 1.000000, 1.000000, 1.000000
X -0.757780, -0.652027, 0.025101
Y -0.287181, 0.367808, 0.884446
Z -0.585915, 0.663007, -0.465968

PART 19
OFFSET -2.607992, -8.869675, 52.086110
SCALE 1.000000, 1.000000, 1.000000
X -0.392196, -0.408515, -0.824195
Y -0.919517, 0.148854, 0.363774
Z -0.025923, 0.900532, -0.434016

PART 20
OFFSET -3.088595, -9.370158, 51.076185
SCALE 1.000000, 1.000000, 1.000000
X -0.392196, -0.408515, -0.824195
Y -0.919544, 0.198383, 0.339238
Z 0.024923, 0.890932, -0.453453

PART 21
OFFSET -3.569199, -9.870638, 50.066254
SCALE 1.000000, 1.000000, 1.000000
X -0.392196, -0.408515, -0.824195
Y -0.916761, 0.247318, 0.313659
Z 0.075704, 0.878606, -0.471508

PART 22
OFFSET -4.049804, -10.371122, 49.056326
SCALE 1.000000, 1.000000, 1.000000
X -0.392196, -0.408515, -0.824195
Y -0.911617, 0.292443, 0.288845
Z 0.123032, 0.864634, -0.487104

PART 23
OFFSET -4.530406, -10.871601, 48.046398
SCALE 1.000000, 1.000000, 1.000000
X -0.392196, -0.408515, -0.824195
Y -0.904065, 0.336612, 0.263359
Z 0.169848, 0.848415, -0.501342

PART 24
OFFSET -5.011010, -11.372084, 47.036472
SCALE 1.000000, 1.000000, 1.000000
X -0.392196, -0.408515, -0.824195
Y -0.894084, 0.379991, 0.237108
Z 0.216325, 0.829893, -0.514278

PART 25
OFFSET -2.127388, -8.369193, 53.096037
SCALE 1.000000, 1.000000, 1.000000
X -0.392196, -0.408515, -0.824195
Y -0.916950, 0.102139, 0.385708
Z -0.073385, 0.907019, -0.414646

PART 26
OFFSET 12.802691, 4.059726, 51.562044
SCALE 1.000000, 1.000000, 1.000000
X 0.596479, -0.771202, 0.222394
Y 0.796817, 0.535692, -0.279494
Z 0.096412, 0.343920, 0.934036

PART 27
OFFSET 3.929359, -0.861936, 58.294062
SCALE 1.000000, 1.000000, 1.000000
X 0.796817, 0.535692, -0.279494
Y -0.596479, 0.771202, -0.222394
Z 0.096412, 0.343920, 0.934036

PART 28
OFFSET 10.158701, 2.627440, 53.686663
SCALE 1.000000, 1.000000, 1.000000
X 0.796817, 0.535692, -0.279494
Y -0.596479, 0.771202, -0.222394
Z 0.096412, 0.343920, 0.934036

PART 29
OFFSET 9.556787, 2.222779, 53.897793
SCALE 1.000000, 1.000000, 1.000000
X 0.796817, 0.535692, -0.279494
Y -0.596479, 0.771202, -0.222394
Z 0.096412, 0.343920, 0.934036

PART 30
OFFSET 7.180286, 2.070334, 56.267021
SCALE 1.000000, 1.000000, 1.000000
X 0.796817, 0.535692, -0.279494
Y -0.596479, 0.771202, -0.222394
Z 0.096412, 0.343920, 0.934036

PART 31
OFFSET 6.910906, 0.891579, 56.378021
SCALE 1.000000, 1.000000, 1.000000
X 0.796817, 0.535692, -0.279494
Y -0.596479, 0.771202, -0.222394
Z 0.096412, 0.343920, 0.934036

PART 32
OFFSET 29.501943, 15.470635, 46.343209
SCALE 1.000000, 1.000000, 1.000000
X 0.796817, 0.535692, -0.279494
Y -0.596479, 0.771202, -0.222394
Z 0.096412, 0.343920, 0.934036

PART 33
OFFSET 26.829144, 15.056251, 46.334085
SCALE 1.000000, 1.000000, 1.000000
X -0.796851, -0.535662, 0.279453
Y 0.372224, -0.070927, 0.925429
Z -0.475896, 0.841448, 0.255905

PART 34
OFFSET 28.352224, 13.087024, 46.901958
SCALE 1.000000, 1.000000, 1.000000
X -0.796845, -0.535641, 0.279511
Y -0.203335, 0.673391, 0.710774
Z -0.568940, 0.509543, -0.645503

PART 35
OFFSET 11.655338, 3.677191, 53.431834
SCALE 1.000000, 1.000000, 1.000000
X -0.429901, 0.902512, -0.025615
Y -0.878568, -0.411620, 0.242255
Z 0.208094, 0.126651, 0.969874

PART 36
OFFSET 11.448699, 4.116279, 53.418877
SCALE 1.000000, 1.000000, 1.000000
X -0.500179, 0.836025, -0.225572
Y -0.858802, -0.445602, 0.252781
Z 0.110816, 0.320157, 0.940861

PART 37
OFFSET 11.208755, 4.517094, 53.311293
SCALE 1.000000, 1.000000, 1.000000
X -0.547779, 0.660220, -0.513856
Y -0.833291, -0.485317, 0.264751
Z -0.074589, 0.573217, 0.816002

PART 38
OFFSET 10.939476, 4.836394, 53.060874
SCALE 1.000000, 1.000000, 1.000000
X -0.494380, 0.367499, -0.787739
Y -0.814722, -0.511810, 0.272543
Z -0.303013, 0.776528, 0.552438

PART 39
OFFSET 10.691625, 5.007582, 52.686892
SCALE 1.000000, 1.000000, 1.000000
X -0.364468, 0.081423, -0.927649
Y -0.811802, -0.515829, 0.273676
Z -0.456225, 0.852814, 0.254103

PART 40
OFFSET 10.498780, 5.036025, 52.238644
SCALE 1.000000, 1.000000, 1.000000
X -0.246665, -0.119530, -0.961701
Y -0.814636, -0.511930, 0.272572
Z -0.524904, 0.850670, 0.028902

PART 41
OFFSET 10.366246, 4.973195, 51.781528
SCALE 1.000000, 1.000000, 1.000000
X -0.162693, -0.248537, -0.954861
Y -0.816915, -0.508795, 0.271621
Z -0.553336, 0.824231, -0.120257

PART 42
OFFSET 10.285016, 4.847553, 51.322816
SCALE 1.000000, 1.000000, 1.000000
X -0.105418, -0.331240, -0.937639
Y -0.817800, -0.507568, 0.271253
Z -0.565765, 0.795396, -0.217381

PART 43
OFFSET 10.236059, 4.695329, 50.876346
SCALE 1.000000, 1.000000, 1.000000
X -0.065250, -0.386465, -0.919993
Y -0.817546, -0.507925, 0.271350
Z -0.572154, 0.769843, -0.282811

PART 44
OFFSET 10.215349, 4.515224, 50.425724
SCALE 1.000000, 1.000000, 1.000000
X -0.035013, -0.426236, -0.903934
Y -0.816664, -0.509148, 0.271714
Z -0.576051, 0.747724, -0.330265

PART 45
OFFSET 10.218551, 4.320531, 49.984713
SCALE 1.000000, 1.000000, 1.000000
X -0.011437, -0.455981, -0.889916
Y -0.815166, -0.511179, 0.272398
Z -0.579115, 0.728544, -0.365854

PART 46
OFFSET 10.239415, 4.119785, 49.546211
SCALE 1.000000, 1.000000, 1.000000
X 0.007999, -0.479278, -0.877627
Y -0.813313, -0.513729, 0.273138
Z -0.581771, 0.711600, -0.393912

PART 47
OFFSET 10.274566, 3.912269, 49.115323
SCALE 1.000000, 1.000000, 1.000000
X 0.024674, -0.498266, -0.866673
Y -0.811255, -0.516574, 0.273892
Z -0.584172, 0.696335, -0.416966

PART 48
OFFSET 10.330240, 3.698519, 48.685727
SCALE 1.000000, 1.000000, 1.000000
X 0.039754, -0.514710, -0.856442
Y -0.808802, -0.519876, 0.274896
Z -0.586736, 0.681764, -0.436966

PART 49
OFFSET 10.395713, 3.485189, 48.263583
SCALE 1.000000, 1.000000, 1.000000
X 0.053737, -0.529218, -0.846783
Y -0.806095, -0.523480, 0.276006
Z -0.589341, 0.667756, -0.454730

PART 50
OFFSET 10.478733, 3.259282, 47.839651
SCALE 1.000000, 1.000000, 1.000000
X 0.067020, -0.542004, -0.837699
Y -0.803150, -0.527458, 0.277017
Z -0.591996, 0.654232, -0.470660

PART 51
OFFSET 10.569952, 3.041710, 47.422743
SCALE 1.000000, 1.000000, 1.000000
X 0.079385, -0.553481, -0.829070
Y -0.800081, -0.531481, 0.278204
Z -0.594616, 0.641238, -0.485022

PART 52
OFFSET 10.679752, 2.813934, 47.009097
SCALE 1.000000, 1.000000, 1.000000
X 0.091227, -0.563806, -0.820853
Y -0.796706, -0.535850, 0.279507
Z -0.597442, 0.628480, -0.498072

PART 53
OFFSET 10.798323, 2.592570, 46.598123
SCALE 1.000000, 1.000000, 1.000000
X 0.102502, -0.573076, -0.813066
Y -0.793223, -0.540309, 0.280827
Z -0.600242, 0.616158, -0.509960

PART 54
OFFSET 10.910957, 2.389395, 46.183450
SCALE 1.000000, 1.000000, 1.000000
X 0.102502, -0.573076, -0.813066
Y -0.793223, -0.540309, 0.280827
Z -0.600242, 0.616158, -0.509960

PART 55
OFFSET 13.906316, 5.535410, 53.722783
SCALE 1.000000, 1.000000, 1.000000
X -0.596514, 0.771179, -0.222382
Y -0.796791, -0.535725, 0.279504
Z 0.096412, 0.343920, 0.934036

PART 56
OFFSET 3.835146, -0.994953, 58.128997
SCALE 1.000000, 1.000000, 1.000000
X -0.596514, 0.771179, -0.222382
Y -0.796791, -0.535725, 0.279504
Z 0.096412, 0.343920, 0.934036

PART 57
OFFSET 10.528702, 1.184624, 54.584870
SCALE 1.000000, 1.000000, 1.000000
X -0.596514, 0.771179, -0.222382
Y -0.796791, -0.535725, 0.279504
Z 0.096412, 0.343920, 0.934036

PART 58
OFFSET 13.123397, 4.943404, 53.734863
SCALE 1.000000, 1.000000, 1.000000
X -0.596514, 0.771179, -0.222382
Y -0.796791, -0.535725, 0.279504
Z 0.096412, 0.343920, 0.934036

PART 59
OFFSET 9.953704, 3.651462, 53.238236
SCALE 1.000000, 1.000000, 1.000000
X -0.596514, 0.771179, -0.222382
Y -0.796791, -0.535725, 0.279504
Z 0.096412, 0.343920, 0.934036

PART 60
OFFSET 8.066880, 0.848302, 51.491773
SCALE 1.000000, 1.000000, 1.000000
X 0.957758, 0.042189, 0.284463
Y -0.004516, -0.986852, 0.161564
Z 0.287539, -0.156024, -0.944975

PART 61
OFFSET 8.158313, -0.317610, 51.623598
SCALE 1.000000, 1.000000, 1.000000
X 0.936590, -0.086729, 0.339525
Y -0.253924, 0.499750, 0.828114
Z -0.241499, -0.861817, 0.446038

PART 62
OFFSET 5.277982, -1.514121, 51.387402
SCALE 1.000000, 1.000000, 1.000000
X 0.872408, -0.185173, 0.452343
Y -0.389553, 0.295547, 0.872296
Z -0.295214, -0.937210, 0.185703

PART 63
OFFSET 5.808206, -1.095966, 51.034978
SCALE 1.000000, 1.000000, 1.000000
X 0.926910, -0.126458, 0.353336
Y -0.307592, 0.283397, 0.908336
Z -0.215000, -0.950629, 0.223786

PART 64
OFFSET 5.237958, 1.094508, 50.875986
SCALE 1.000000, 1.000000, 1.000000
X 0.749467, 0.325732, 0.576366
Y 0.251232, -0.945400, 0.207607
Z 0.612521, -0.010793, -0.790381

PART 65
OFFSET 1.182491, -4.982962, 55.298614
SCALE 1.000000, 1.000000, 1.000000
X -0.757780, -0.652027, 0.025101
Y -0.287181, 0.367808, 0.884446
Z -0.585915, 0.663007, -0.465968

PART 66
OFFSET 1.383738, -5.643928, 54.353473
SCALE 1.000000, 1.000000, 1.000000
X 0.290370, -0.840607, 0.457237
Y 0.916246, 0.106416, -0.386224
Z 0.276006, 0.531090, 0.801102

PART 67
OFFSET -0.594592, -7.381264, 53.240985
SCALE 1.000000, 1.000000, 1.000000
X 0.642542, 0.673788, -0.364897
Y -0.150305, -0.356130, -0.922269
Z -0.751364, 0.647442, -0.127555

PART 68
OFFSET -0.171060, -7.100629, 53.824877
SCALE 1.000000, 1.000000, 1.000000
X 0.698787, 0.668381, -0.254879
Y -0.027698, -0.330761, -0.943308
Z -0.714793, 0.666231, -0.212619

PART 69
OFFSET -1.311505, -6.901483, 55.061373
SCALE 1.000000, 1.000000, 1.000000
X -0.069433, -0.996370, -0.049256
Y -0.882369, 0.038304, 0.468997
Z -0.465408, 0.076025, -0.881825

PART 70
OFFSET 8.261670, 0.546301, 51.201676
SCALE 1.000000, 1.000000, 1.000000
X 0.972471, -0.161813, 0.167679
Y -0.098510, 0.366639, 0.925133
Z -0.211176, -0.916183, 0.340606

PART 71
OFFSET 8.066880, 0.848302, 51.491773
SCALE 1.000000, 1.000000, 1.000000
X 0.957758, 0.042189, 0.284463
Y -0.004516, -0.986852, 0.161564
Z 0.287539, -0.156024, -0.944975

PART 72
OFFSET 10.071944, -0.494814, 52.317325
SCALE 1.000000, 1.000000, 1.000000
X -0.124335, 0.483330, 0.866564
Y -0.962382, 0.153890, -0.223916
Z -0.241581, -0.861806, 0.446014

PART 73
OFFSET 7.488483, -1.934333, 52.359319
SCALE 1.000000, 1.000000, 1.000000
X 0.671845, 0.396811, 0.625432
Y -0.739135, 0.413886, 0.531392
Z -0.047996, -0.819292, 0.571364

PART 74
OFFSET 7.917102, -1.278200, 51.903101
SCALE 1.000000, 1.000000, 1.000000
X 0.844372, 0.147408, 0.515080
Y -0.510068, 0.515312, 0.688683
Z -0.163910, -0.844230, 0.510303

PART 75
OFFSET 6.620276, 1.820392, 52.124686
SCALE 1.000000, 1.000000, 1.000000
X 0.833030, 0.360401, 0.419728
Y 0.331333, -0.932587, 0.143175
Z 0.443034, 0.019801, -0.896286

PART 76
OFFSET 1.154449, -5.324547, 55.242132
SCALE 1.000000, 1.000000, 1.000000
X -0.806518, -0.510036, 0.298984
Y 0.588420, -0.741565, 0.322247
Z 0.057358, 0.435827, 0.898201

PART 77
OFFSET 1.182491, -4.982962, 55.298614
SCALE 1.000000, 1.000000, 1.000000
X -0.757780, -0.652027, 0.025101
Y -0.287181, 0.367808, 0.884446
Z -0.585915, 0.663007, -0.465968

PART 78
OFFSET 0.790469, -3.926377, 53.419187
SCALE 1.000000, 1.000000, 1.000000
X 0.915983, 0.107118, -0.386653
Y -0.291149, 0.840537, -0.456869
Z 0.276058, 0.531058, 0.801105

PART 79
OFFSET 0.880701, -6.011143, 52.364226
SCALE 1.000000, 1.000000, 1.000000
X 0.563690, -0.823829, 0.059656
Y 0.576564, 0.340729, -0.742616
Z 0.591462, 0.453001, 0.667056

PART 80
OFFSET 1.174108, -5.752459, 53.312981
SCALE 1.000000, 1.000000, 1.000000
X 0.389551, -0.863698, 0.319806
Y 0.827621, 0.175920, -0.533006
Z 0.404096, 0.472311, 0.783344

PART 81
OFFSET -1.282766, -4.804358, 55.191756
SCALE 1.000000, 1.000000, 1.000000
X -0.600687, -0.738821, 0.305482
Y -0.698254, 0.670917, 0.249624
Z -0.389381, -0.063358, -0.918895

PART 82
OFFSET 9.994415, 0.258004, 51.500452
SCALE 1.000000, 1.000000, 1.000000
X 0.273183, 0.279340, 0.920511
Y -0.938498, 0.287453, 0.191290
Z -0.211169, -0.916155, 0.340687

PART 83
OFFSET 9.926196, 0.071797, 53.333252
SCALE 1.000000, 1.000000, 1.000000
X -0.844278, 0.413270, 0.341177
Y -0.478340, -0.294091, -0.827467
Z -0.241630, -0.861811, 0.445978

PART 84
OFFSET 8.366011, -1.416038, 53.176242
SCALE 1.000000, 1.000000, 1.000000
X -0.382714, 0.543453, 0.747121
Y -0.922619, -0.182811, -0.339638
Z -0.047996, -0.819292, 0.571364

PART 85
OFFSET 9.300985, -1.036602, 52.747291
SCALE 1.000000, 1.000000, 1.000000
X -0.239219, 0.535845, 0.809719
Y -0.957040, 0.010605, -0.289761
Z -0.163854, -0.844250, 0.510288

PART 86
OFFSET 7.714849, 2.246476, 52.701348
SCALE 1.000000, 1.000000, 1.000000
X 0.775883, 0.458133, 0.433727
Y 0.500135, -0.865722, 0.019757
Z 0.384538, 0.201593, -0.900828

PART 87
OFFSET 2.591551, -4.415811, 54.709345
SCALE 1.000000, 1.000000, 1.000000
X 0.352219, -0.850666, 0.390269
Y 0.934159, 0.293978, -0.202299
Z 0.057358, 0.435827, 0.898201

PART 88
OFFSET -0.283440, -4.051979, 53.872515
SCALE 1.000000, 1.000000, 1.000000
X 0.431424, 0.676344, -0.597020
Y -0.858875, 0.510428, -0.042401
Z 0.276058, 0.531058, 0.801105

PART 89
OFFSET 0.144446, -4.935108, 52.286304
SCALE 1.000000, 1.000000, 1.000000
X 0.791241, -0.166756, -0.588329
Y -0.155277, 0.875775, -0.457063
Z 0.591462, 0.453001, 0.667056

PART 90
OFFSET 0.535647, -4.336940, 52.788856
SCALE 1.000000, 1.000000, 1.000000
X 0.874022, 0.053222, -0.482963
Y -0.269801, 0.879823, -0.391303
Z 0.404096, 0.472311, 0.783344

PART 91
OFFSET -0.809330, -4.076498, 54.956739
SCALE 1.000000, 1.000000, 1.000000
X -0.864817, -0.097703, 0.492489
Y -0.125174, 0.991867, -0.023035
Z -0.486233, -0.081567, -0.870014

PART 92
OFFSET 10.253659, 0.523123, 52.374067
SCALE 1.000000, 1.000000, 1.000000
X -0.239334, 0.386385, 0.890744
Y -0.947709, 0.106505, -0.300840
Z -0.211109, -0.916168, 0.340690

PART 93
OFFSET 8.075814, -1.003993, 53.742693
SCALE 1.000000, 1.000000, 1.000000
X -0.997763, 0.065987, 0.010750
Y -0.046508, -0.569528, -0.820655
Z -0.048031, -0.819319, 0.571322

PART 94
OFFSET 9.044191, -0.461350, 53.616568
SCALE 1.000000, 1.000000, 1.000000
X -0.966457, 0.241086, 0.088535
Y -0.197769, -0.478664, -0.855434
Z -0.163854, -0.844250, 0.510288

PART 95
OFFSET 2.257220, -3.608523, 54.338992
SCALE 1.000000, 1.000000, 1.000000
X 0.759303, -0.603184, 0.244189
Y 0.648205, 0.668000, -0.365522
Z 0.057358, 0.435827, 0.898201

PART 96
OFFSET -0.455533, -4.808612, 52.732395
SCALE 1.000000, 1.000000, 1.000000
X 0.426951, 0.525813, -0.735686
Y -0.684046, 0.719905, 0.117552
Z 0.591434, 0.453054, 0.667044

PART 97
OFFSET -0.402727, -4.394116, 53.307363
SCALE 1.000000, 1.000000, 1.000000
X 0.394261, 0.682813, -0.615081
Y -0.825387, 0.557394, 0.089708
Z 0.404096, 0.472311, 0.783344

PART 98
OFFSET -0.106364, -0.000001, 59.999999
SCALE 1.000000, 1.000000, 1.000000
X 1.000000, 0.000000, 0.000000
Y 0.000000, 1.000000, 0.000000
Z 0.000000, 0.000000, 1.000000

PART 99
OFFSET -0.106364, -0.000001, 59.999999
SCALE 1.000000, 1.000000, 1.000000
X 1.000000, 0.000001, 0.000916
Y 0.000001, 0.999996, -0.002930
Z -0.000916, 0.002930, 0.999995

PART 100
OFFSET -4.736991, -0.004041, 58.618991
SCALE 1.000000, 1.000000, 1.000000
X 1.000000, 0.000001, 0.000916
Y 0.000001, 0.999996, -0.002930
Z -0.000916, 0.002930, 0.999995

PART 101
OFFSET 1.430400, 0.012118, 64.137212
SCALE 1.000000, 1.000000, 1.000000
X 1.000000, 0.000001, 0.000916
Y 0.000001, 0.999996, -0.002930
Z -0.000916, 0.002930, 0.999995

PART 102
OFFSET 1.430400, 0.012118, 64.137212
SCALE 1.000000, 1.000000, 1.000000
X 1.000000, 0.000001, 0.000916
Y 0.000001, 0.999996, -0.002930
Z -0.000916, 0.002930, 0.999995

FRAME 1
PART 0
OFFSET -1.009664, -0.000001, 52.513799
SCALE 1.000000, 1.000000, 1.000000
X 1.000000, 0.000000, 0.000000
Y 0.000000, 1.000000, 0.000000
Z 0.000000, 0.000000, 1.000000

PART 1
OFFSET -7.658422, 5.199295, 50.772930
SCALE 1.000000, 1.000000, 1.000000
X 0.474721, -0.394041, -0.787002
Y -0.792453, 0.197710, -0.577000
Z 0.382960, 0.897576, -0.218402

PART 2
OFFSET -10.646030, -6.170437, 52.221188
SCALE 1.000000, 1.000000, 1.000000
X -0.465238, 0.580869, 0.667941
Y 0.848647, 0.078133, 0.523157
Z 0.251698, 0.810239, -0.529303

PART 3
OFFSET 0.971146, -4.636782, 51.926587
SCALE 1.000000, 1.000000, 1.000000
X 0.780905, 0.565740, -0.264810
Y -0.620535, 0.751178, -0.225096
Z 0.071574, 0.340103, 0.937661

PART 4
OFFSET 0.971954, -4.636700, 51.926684
SCALE 1.000000, 1.000000, 1.000000
X 0.780931, 0.565699, -0.264823
Y -0.620500, 0.751210, -0.225087
Z 0.071606, 0.340100, 0.937659

PART 5
OFFSET -2.207952, 1.044038, 43.255115
SCALE 1.000000, 1.000000, 1.000000
X 0.649245, -0.093376, 0.754826
Y 0.657123, -0.430856, -0.618508
Z 0.382975, 0.897577, -0.218372

PART 6
OFFSET -5.512780, -11.836680, 45.989424
SCALE 1.000000, 1.000000, 1.000000
X -0.385697, -0.417433, -0.822793
Y -0.887595, 0.411282, 0.207416
Z 0.251818, 0.810307, -0.529142

PART 7
OFFSET 0.971954, -4.636700, 51.926684
SCALE 1.000000, 1.000000, 1.000000
X 0.780931, 0.565699, -0.264823
Y -0.620500, 0.751210, -0.225087
Z 0.071606, 0.340100, 0.937659

PART 8
OFFSET -2.207952, 1.044038, 43.255115
SCALE 1.000000, 1.000000, 1.000000
X 0.649245, -0.093376, 0.754826
Y 0.657123, -0.430856, -0.618508
Z 0.382975, 0.897577, -0.218372

PART 9
OFFSET 4.424971, 0.023700, 50.850476
SCALE 1.000000, 1.000000, 1.000000
X 0.955265, 0.081893, 0.284188
Y 0.045653, -0.990213, 0.131889
Z 0.292207, -0.113015, -0.949654

PART 10
OFFSET 2.566824, 0.356652, 48.806229
SCALE 1.000000, 1.000000, 1.000000
X 0.649245, -0.093376, 0.754826
Y -0.078502, -0.995362, -0.055610
Z 0.756517, -0.023151, -0.653564

PART 11
OFFSET 1.771029, 0.471218, 47.881046
SCALE 1.000000, 1.000000, 1.000000
X 0.649245, -0.093376, 0.754826
Y 0.073211, -0.980154, -0.184221
Z 0.757047, 0.174866, -0.629524

PART 12
OFFSET 0.975231, 0.585781, 46.955859
SCALE 1.000000, 1.000000, 1.000000
X 0.649245, -0.093376, 0.754826
Y 0.222046, -0.925931, -0.305530
Z 0.727445, 0.365969, -0.580422

PART 13
OFFSET 0.179434, 0.700348, 46.030672
SCALE 1.000000, 1.000000, 1.000000
X 0.649245, -0.093376, 0.754826
Y 0.353467, -0.841709, -0.408150
Z 0.673455, 0.531795, -0.513470

PART 14
OFFSET -0.616363, 0.814910, 45.105488
SCALE 1.000000, 1.000000, 1.000000
X 0.649245, -0.093376, 0.754826
Y 0.472117, -0.728613, -0.496214
Z 0.596310, 0.678531, -0.428964

PART 15
OFFSET -1.412157, 0.929477, 44.180302
SCALE 1.000000, 1.000000, 1.000000
X 0.649245, -0.093376, 0.754826
Y 0.574647, -0.589927, -0.567246
Z 0.498259, 0.802039, -0.329349

PART 16
OFFSET 3.362620, 0.242086, 49.731414
SCALE 1.000000, 1.000000, 1.000000
X 0.649245, -0.093376, 0.754826
Y -0.217619, -0.973750, 0.066722
Z 0.728782, -0.207584, -0.652523

PART 17
OFFSET -5.512780, -11.836680, 45.989424
SCALE 1.000000, 1.000000, 1.000000
X -0.385697, -0.417433, -0.822793
Y -0.887595, 0.411282, 0.207416
Z 0.251818, 0.810307, -0.529142

PART 18
OFFSET -1.261329, -7.439189, 54.352069
SCALE 1.000000, 1.000000, 1.000000
X -0.734183, -0.678878, 0.009967
Y -0.312305, 0.350708, 0.882876
Z -0.602861, 0.645080, -0.469501

PART 19
OFFSET -2.676935, -8.768224, 52.038682
SCALE 1.000000, 1.000000, 1.000000
X -0.385697, -0.417433, -0.822793
Y -0.920540, 0.114184, 0.373588
Z -0.061998, 0.901505, -0.428304

PART 20
OFFSET -3.149577, -9.279635, 51.030475
SCALE 1.000000, 1.000000, 1.000000
X -0.385697, -0.417433, -0.822793
Y -0.922601, 0.167943, 0.347280
Z -0.006783, 0.893054, -0.449899

PART 21
OFFSET -3.622219, -9.791042, 50.022263
SCALE 1.000000, 1.000000, 1.000000
X -0.385697, -0.417433, -0.822793
Y -0.921352, 0.221112, 0.319719
Z 0.048468, 0.881396, -0.469885

PART 22
OFFSET -4.094861, -10.302453, 49.014052
SCALE 1.000000, 1.000000, 1.000000
X -0.385697, -0.417433, -0.822793
Y -0.917186, 0.270168, 0.292879
Z 0.100035, 0.867617, -0.487066

PART 23
OFFSET -4.567501, -10.813860, 48.005843
SCALE 1.000000, 1.000000, 1.000000
X -0.385697, -0.417433, -0.822793
Y -0.910171, 0.318187, 0.265229
Z 0.151087, 0.851180, -0.502659

PART 24
OFFSET -5.040143, -11.325271, 46.997635
SCALE 1.000000, 1.000000, 1.000000
X -0.385697, -0.417433, -0.822793
Y -0.900288, 0.365326, 0.236681
Z 0.201789, 0.832038, -0.516715

PART 25
OFFSET -2.204294, -8.256814, 53.046890
SCALE 1.000000, 1.000000, 1.000000
X -0.385697, -0.417433, -0.822793
Y -0.915628, 0.063555, 0.396971
Z -0.113416, 0.906483, -0.406726

PART 26
OFFSET 12.332093, 4.704099, 51.784246
SCALE 1.000000, 1.000000, 1.000000
X 0.620500, -0.751210, 0.225087
Y 0.780931, 0.565699, -0.264823
Z 0.071606, 0.340100, 0.937659

PART 27
OFFSET 3.550088, -0.579589, 58.359798
SCALE 1.000000, 1.000000, 1.000000
X 0.780931, 0.565699, -0.264823
Y -0.620500, 0.751210, -0.225087
Z 0.071606, 0.340100, 0.937659

PART 28
OFFSET 9.712510, 3.163027, 53.862470
SCALE 1.000000, 1.000000, 1.000000
X 0.780931, 0.565699, -0.264823
Y -0.620500, 0.751210, -0.225087
Z 0.071606, 0.340100, 0.937659

PART 29
OFFSET 9.122595, 2.735698, 54.062517
SCALE 1.000000, 1.000000, 1.000000
X 0.780931, 0.565699, -0.264823
Y -0.620500, 0.751210, -0.225087
Z 0.071606, 0.340100, 0.937659

PART 30
OFFSET 6.721515, 2.481275, 56.397965
SCALE 1.000000, 1.000000, 1.000000
X 0.780931, 0.565699, -0.264823
Y -0.620500, 0.751210, -0.225087
Z 0.071606, 0.340100, 0.937659

PART 31
OFFSET 6.492767, 1.292908, 56.496992
SCALE 1.000000, 1.000000, 1.000000
X 0.780931, 0.565699, -0.264823
Y -0.620500, 0.751210, -0.225087
Z 0.071606, 0.340100, 0.937659

PART 32
OFFSET 28.683312, 16.738971, 46.874098
SCALE 1.000000, 1.000000, 1.000000
X 0.780931, 0.565699, -0.264823
Y -0.620500, 0.751210, -0.225087
Z 0.071606, 0.340100, 0.937659

PART 33
OFFSET 26.027304, 16.230132, 46.825591
SCALE 1.000000, 1.000000, 1.000000
X -0.780965, -0.565671, 0.264783
Y 0.362089, -0.064626, 0.929901
Z -0.508906, 0.822095, 0.255294

PART 34
OFFSET 27.611719, 14.311955, 47.400339
SCALE 1.000000, 1.000000, 1.000000
X -0.780960, -0.565651, 0.264840
Y -0.236653, 0.660398, 0.712650
Z -0.578011, 0.493876, -0.649608

PART 35
OFFSET 11.174141, 4.267082, 53.635471
SCALE 1.000000, 1.000000, 1.000000
X -0.452948, 0.891519, -0.005670
Y -0.869047, -0.440093, 0.226000
Z 0.198988, 0.107294, 0.974111

PART 36
OFFSET 10.956180, 4.700619, 53.631083
SCALE 1.000000, 1.000000, 1.000000
X -0.516755, 0.825713, -0.226191
Y -0.851588, -0.468559, 0.235054
Z 0.088103, 0.314087, 0.945297

PART 37
OFFSET 10.708958, 5.098065, 53.532996
SCALE 1.000000, 1.000000, 1.000000
X -0.549192, 0.649668, -0.525661
Y -0.829140, -0.502225, 0.245554
Z -0.104471, 0.570703, 0.814484

PART 38
OFFSET 10.438383, 5.410750, 53.276540
SCALE 1.000000, 1.000000, 1.000000
X -0.487395, 0.372937, -0.789534
Y -0.811997, -0.526090, 0.252764
Z -0.321101, 0.764295, 0.559238

PART 39
OFFSET 10.198098, 5.575813, 52.899333
SCALE 1.000000, 1.000000, 1.000000
X -0.365637, 0.111307, -0.924078
Y -0.806744, -0.533045, 0.255004
Z -0.464191, 0.838734, 0.284697

PART 40
OFFSET 10.009617, 5.611027, 52.448725
SCALE 1.000000, 1.000000, 1.000000
X -0.252071, -0.079284, -0.964455
Y -0.807313, -0.532300, 0.254759
Z -0.533578, 0.842835, 0.070170

PART 41
OFFSET 9.860432, 5.578724, 51.989372
SCALE 1.000000, 1.000000, 1.000000
X -0.165776, -0.209051, -0.963751
Y -0.808758, -0.530387, 0.254164
Z -0.564294, 0.821576, -0.081146

PART 42
OFFSET 9.765488, 5.467642, 51.527075
SCALE 1.000000, 1.000000, 1.000000
X -0.102563, -0.298067, -0.949019
Y -0.809559, -0.529362, 0.253752
Z -0.578009, 0.794313, -0.187010

PART 43
OFFSET 9.706693, 5.321283, 51.080072
SCALE 1.000000, 1.000000, 1.000000
X -0.056509, -0.360183, -0.931169
Y -0.809613, -0.529235, 0.253844
Z -0.584237, 0.768231, -0.261702

PART 44
OFFSET 9.677450, 5.141907, 50.631176
SCALE 1.000000, 1.000000, 1.000000
X -0.020707, -0.406315, -0.913499
Y -0.809140, -0.529872, 0.254023
Z -0.587251, 0.744408, -0.317793

PART 45
OFFSET 9.667670, 4.945870, 50.193448
SCALE 1.000000, 1.000000, 1.000000
X 0.008088, -0.441953, -0.897002
Y -0.808339, -0.530955, 0.254313
Z -0.588661, 0.723025, -0.361542

PART 46
OFFSET 9.678018, 4.733306, 49.753405
SCALE 1.000000, 1.000000, 1.000000
X 0.032261, -0.470647, -0.881732
Y -0.806965, -0.532780, 0.254859
Z -0.589717, 0.703305, -0.396984

PART 47
OFFSET 9.704947, 4.516700, 49.328865
SCALE 1.000000, 1.000000, 1.000000
X 0.053379, -0.494654, -0.867449
Y -0.805349, -0.534924, 0.255477
Z -0.590392, 0.684963, -0.426923

PART 48
OFFSET 9.749141, 4.290958, 48.907526
SCALE 1.000000, 1.000000, 1.000000
X 0.072831, -0.515731, -0.853649
Y -0.803324, -0.537593, 0.256249
Z -0.591071, 0.667095, -0.453453

PART 49
OFFSET 9.803541, 4.060787, 48.486024
SCALE 1.000000, 1.000000, 1.000000
X 0.091287, -0.534904, -0.839967
Y -0.800992, -0.540604, 0.257214
Z -0.591674, 0.649327, -0.477804

PART 50
OFFSET 9.874983, 3.817628, 48.072773
SCALE 1.000000, 1.000000, 1.000000
X 0.109187, -0.552475, -0.826347
Y -0.798327, -0.544042, 0.258248
Z -0.592243, 0.631498, -0.500458

PART 51
OFFSET 9.957028, 3.581441, 47.667131
SCALE 1.000000, 1.000000, 1.000000
X 0.126312, -0.568328, -0.813049
Y -0.795283, -0.547917, 0.259446
Z -0.592934, 0.613833, -0.521190

PART 52
OFFSET 10.058699, 3.332612, 47.266064
SCALE 1.000000, 1.000000, 1.000000
X 0.143290, -0.583077, -0.799681
Y -0.791923, -0.552169, 0.260707
Z -0.593571, 0.595929, -0.540872

PART 53
OFFSET 10.168903, 3.086603, 46.869328
SCALE 1.000000, 1.000000, 1.000000
X 0.159821, -0.596617, -0.786451
Y -0.788372, -0.556602, 0.262037
Z -0.594076, 0.578137, -0.559313

PART 54
OFFSET 10.289805, 2.840862, 46.485651
SCALE 1.000000, 1.000000, 1.000000
X 0.159821, -0.596617, -0.786451
Y -0.788372, -0.556602, 0.262037
Z -0.594076, 0.578137, -0.559313

PART 55
OFFSET 13.353510, 6.201732, 53.970162
SCALE 1.000000, 1.000000, 1.000000
X -0.620532, 0.751186, -0.225076
Y -0.780905, -0.565731, 0.264832
Z 0.071606, 0.340100, 0.937659

PART 56
OFFSET 3.462884, -0.714621, 58.192532
SCALE 1.000000, 1.000000, 1.000000
X -0.620532, 0.751186, -0.225076
Y -0.780905, -0.565731, 0.264832
Z 0.071606, 0.340100, 0.937659

PART 57
OFFSET 10.121533, 1.727538, 54.755479
SCALE 1.000000, 1.000000, 1.000000
X -0.620532, 0.751186, -0.225076
Y -0.780905, -0.565731, 0.264832
Z 0.071606, 0.340100, 0.937659

PART 58
OFFSET 12.592050, 5.582256, 53.967396
SCALE 1.000000, 1.000000, 1.000000
X -0.620532, 0.751186, -0.225076
Y -0.780905, -0.565731, 0.264832
Z 0.071606, 0.340100, 0.937659

PART 59
OFFSET 9.477244, 4.182471, 53.418495
SCALE 1.000000, 1.000000, 1.000000
X -0.620532, 0.751186, -0.225076
Y -0.780905, -0.565731, 0.264832
Z 0.071606, 0.340100, 0.937659

PART 60
OFFSET 7.697063, 1.362335, 51.616614
SCALE 1.000000, 1.000000, 1.000000
X 0.955265, 0.081893, 0.284188
Y 0.045653, -0.990213, 0.131889
Z 0.292207, -0.113015, -0.949654

PART 61
OFFSET 7.847612, 0.198918, 51.712746
SCALE 1.000000, 1.000000, 1.000000
X 0.932169, -0.050859, 0.358434
Y -0.293283, 0.474362, 0.830040
Z -0.212242, -0.878860, 0.427269

PART 62
OFFSET 5.028794, -1.132893, 51.446129
SCALE 1.000000, 1.000000, 1.000000
X 0.878382, -0.150899, 0.453513
Y -0.409858, 0.250338, 0.877124
Z -0.245889, -0.956326, 0.158046

PART 63
OFFSET 5.538434, -0.677787, 51.107995
SCALE 1.000000, 1.000000, 1.000000
X 0.931495, -0.087842, 0.352988
Y -0.324033, 0.240557, 0.914951
Z -0.165284, -0.966652, 0.195614

PART 64
OFFSET 4.860308, 1.484462, 51.011017
SCALE 1.000000, 1.000000, 1.000000
X 0.740302, 0.344507, 0.577293
Y 0.295535, -0.938064, 0.180817
Z 0.603831, 0.036751, -0.796265

PART 65
OFFSET 0.983842, -4.768789, 55.303227
SCALE 1.000000, 1.000000, 1.000000
X -0.734183, -0.678878, 0.009967
Y -0.312305, 0.350708, 0.882876
Z -0.602861, 0.645080, -0.469501

PART 66
OFFSET 1.221627, -5.415086, 54.356416
SCALE 1.000000, 1.000000, 1.000000
X 0.314022, -0.833066, 0.455403
Y 0.917057, 0.141985, -0.372622
Z 0.245758, 0.534642, 0.808555

PART 67
OFFSET -0.677668, -7.213724, 53.204324
SCALE 1.000000, 1.000000, 1.000000
X 0.622914, 0.699035, -0.351182
Y -0.124759, -0.354400, -0.926734
Z -0.772278, 0.621089, -0.133550

PART 68
OFFSET -0.272529, -6.922478, 53.796019
SCALE 1.000000, 1.000000, 1.000000
X 0.677803, 0.694821, -0.240429
Y -0.002863, -0.324510, -0.945878
Z -0.735238, 0.641808, -0.217965

PART 69
OFFSET -1.436255, -6.773453, 55.017795
SCALE 1.000000, 1.000000, 1.000000
X -0.032975, -0.997821, -0.057145
Y -0.889531, 0.003232, 0.456863
Z -0.455682, 0.065897, -0.887700

PART 70
OFFSET 7.904819, 1.081502, 51.323279
SCALE 1.000000, 1.000000, 1.000000
X 0.975897, -0.124704, 0.179089
Y -0.127683, 0.339242, 0.931994
Z -0.176978, -0.932397, 0.315142

PART 71
OFFSET 7.697063, 1.362335, 51.616614
SCALE 1.000000, 1.000000, 1.000000
X 0.955265, 0.081893, 0.284188
Y 0.045653, -0.990213, 0.131889
Z 0.292207, -0.113015, -0.949654

PART 72
OFFSET 9.752208, 0.095002, 52.445109
SCALE 1.000000, 1.000000, 1.000000
X -0.158799, 0.462437, 0.872316
Y -0.964228, 0.117293, -0.237710
Z -0.212242, -0.878860, 0.427269

PART 73
OFFSET 7.254846, -1.439380, 52.419880
SCALE 1.000000, 1.000000, 1.000000
X 0.640223, 0.414845, 0.646544
Y -0.767715, 0.375091, 0.519538
Z -0.026985, -0.828982, 0.558625

PART 74
OFFSET 7.652085, -0.774205, 51.978326
SCALE 1.000000, 1.000000, 1.000000
X 0.824292, 0.180088, 0.536760
Y -0.550103, 0.478977, 0.684082
Z -0.133901, -0.859156, 0.493883

PART 75
OFFSET 6.220288, 2.239683, 52.265592
SCALE 1.000000, 1.000000, 1.000000
X 0.822532, 0.380410, 0.422764
Y 0.364356, -0.923252, 0.121864
Z 0.436676, 0.053800, -0.898009

PART 76
OFFSET 0.968849, -5.110730, 55.243980
SCALE 1.000000, 1.000000, 1.000000
X -0.791738, -0.540764, 0.284123
Y 0.610155, -0.722426, 0.325286
Z 0.029355, 0.430900, 0.901922

PART 77
OFFSET 0.983842, -4.768789, 55.303227
SCALE 1.000000, 1.000000, 1.000000
X -0.734183, -0.678878, 0.009967
Y -0.312305, 0.350708, 0.882876
Z -0.602861, 0.645080, -0.469501

PART 78
OFFSET 0.580031, -3.712941, 53.425879
SCALE 1.000000, 1.000000, 1.000000
X 0.916774, 0.142686, -0.373050
Y -0.314807, 0.832965, -0.455045
Z 0.245809, 0.534612, 0.808559

PART 79
OFFSET 0.759437, -5.785227, 52.357830
SCALE 1.000000, 1.000000, 1.000000
X 0.592001, -0.803564, 0.061807
Y 0.574113, 0.366651, -0.732094
Z 0.565622, 0.468884, 0.678394

PART 80
OFFSET 1.030330, -5.523292, 53.312371
SCALE 1.000000, 1.000000, 1.000000
X 0.415847, -0.851570, 0.319219
Y 0.828020, 0.209366, -0.520143
Z 0.376104, 0.480619, 0.792181

PART 81
OFFSET -1.484530, -4.677670, 55.163137
SCALE 1.000000, 1.000000, 1.000000
X -0.577945, -0.762083, 0.291906
Y -0.725225, 0.643641, 0.244487
Z -0.374202, -0.070397, -0.924671

PART 82
OFFSET 9.643669, 0.859325, 51.642386
SCALE 1.000000, 1.000000, 1.000000
X 0.263461, 0.263631, 0.927948
Y -0.948297, 0.247254, 0.198993
Z -0.176978, -0.932397, 0.315142

PART 83
OFFSET 9.566058, 0.637120, 53.467779
SCALE 1.000000, 1.000000, 1.000000
X -0.860184, 0.375479, 0.345106
Y -0.463742, -0.294332, -0.835651
Z -0.212194, -0.878854, 0.427305

PART 84
OFFSET 8.091070, -0.897530, 53.264377
SCALE 1.000000, 1.000000, 1.000000
X -0.411715, 0.518472, 0.749451
Y -0.910911, -0.209728, -0.355324
Z -0.027045, -0.828976, 0.558630

PART 85
OFFSET 9.003057, -0.479045, 52.858049
SCALE 1.000000, 1.000000, 1.000000
X -0.274874, 0.511016, 0.814437
Y -0.952111, -0.026702, -0.304585
Z -0.133901, -0.859156, 0.493883

PART 86
OFFSET 7.304545, 2.692753, 52.846128
SCALE 1.000000, 1.000000, 1.000000
X 0.758057, 0.484865, 0.436182
Y 0.537588, -0.843203, 0.003021
Z 0.369254, 0.232196, -0.899854

PART 87
OFFSET 2.379618, -4.147242, 54.737673
SCALE 1.000000, 1.000000, 1.000000
X 0.377107, -0.840407, 0.389238
Y 0.925704, 0.328695, -0.187167
Z 0.029356, 0.430901, 0.901921

PART 88
OFFSET -0.494805, -3.880243, 53.863258
SCALE 1.000000, 1.000000, 1.000000
X 0.415046, 0.695768, -0.586211
Y -0.875965, 0.479685, -0.050863
Z 0.245808, 0.534611, 0.808560

PART 89
OFFSET -0.013796, -4.735661, 52.277098
SCALE 1.000000, 1.000000, 1.000000
X 0.804714, -0.133966, -0.578351
Y -0.180298, 0.873041, -0.453091
Z 0.565622, 0.468884, 0.678394

PART 90
OFFSET 0.348771, -4.127651, 52.789208
SCALE 1.000000, 1.000000, 1.000000
X 0.878099, 0.088037, -0.470309
Y -0.295780, 0.872499, -0.388920
Z 0.376105, 0.480619, 0.792181

PART 91
OFFSET -1.034316, -3.931617, 54.939832
SCALE 1.000000, 1.000000, 1.000000
X -0.867439, -0.132230, 0.479650
Y -0.160333, 0.986901, -0.017890
Z -0.471001, -0.092422, -0.877278

PART 92
OFFSET 9.893686, 1.109535, 52.523060
SCALE 1.000000, 1.000000, 1.000000
X -0.252321, 0.352464, 0.901168
Y -0.951332, 0.079919, -0.297624
Z -0.176922, -0.932407, 0.315145

PART 93
OFFSET 7.778885, -0.504426, 53.832595
SCALE 1.000000, 1.000000, 1.000000
X -0.998963, 0.042863, 0.015336
Y -0.036657, -0.557610, -0.829293
Z -0.026994, -0.828996, 0.558603

PART 94
OFFSET 8.707987, 0.069552, 53.732391
SCALE 1.000000, 1.000000, 1.000000
X -0.972673, 0.209331, 0.100441
Y -0.189679, -0.466938, -0.863708
Z -0.133901, -0.859156, 0.493883

PART 95
OFFSET 2.021667, -3.349692, 54.368297
SCALE 1.000000, 1.000000, 1.000000
X 0.777022, -0.577445, 0.250589
Y 0.628789, 0.693456, -0.351771
Z 0.029356, 0.430901, 0.901921

PART 96
OFFSET -0.623992, -4.634029, 52.715624
SCALE 1.000000, 1.000000, 1.000000
X 0.417879, 0.546210, -0.725970
Y -0.710972, 0.694086, 0.112975
Z 0.565594, 0.468935, 0.678383

PART 97
OFFSET -0.593979, -4.222205, 53.294128
SCALE 1.000000, 1.000000, 1.000000
X 0.377932, 0.701033, -0.604748
Y -0.845998, 0.526839, 0.082021
Z 0.376104, 0.480618, 0.792182

PART 98
OFFSET -0.106364, -0.000001, 59.999999
SCALE 1.000000, 1.000000, 1.000000
X 1.000000, 0.000000, 0.000000
Y 0.000000, 1.000000, 0.000000
Z 0.000000, 0.000000, 1.000000

PART 99
OFFSET -0.106364, -0.000001, 59.999999
SCALE 1.000000, 1.000000, 1.000000
X 1.000000, 0.000610, 0.000000
Y -0.000610, 0.999999, 0.001099
Z 0.000000, -0.001099, 0.999999

PART 100
OFFSET -4.738254, -0.001316, 58.623225
SCALE 1.000000, 1.000000, 1.000000
X 1.000000, 0.000610, 0.000000
Y -0.000610, 0.999999, 0.001099
Z 0.000000, -0.001099, 0.999999

PART 101
OFFSET 1.434188, -0.003605, 64.135819
SCALE 1.000000, 1.000000, 1.000000
X 1.000000, 0.000610, 0.000000
Y -0.000610, 0.999999, 0.001099
Z 0.000000, -0.001099, 0.999999

PART 102
OFFSET 1.434188, -0.003605, 64.135819
SCALE 1.000000, 1.000000, 1.000000
X 1.000000, 0.000610, 0.000000
Y -0.000610, 0.999999, 0.001099
Z 0.000000, -0.001099, 0.999999

FRAME 2
PART 0
OFFSET -1.009664, -0.000001, 52.513799
SCALE 1.000000, 1.000000, 1.000000
X 1.000000, 0.000000, 0.000000
Y 0.000000, 1.000000, 0.000000
Z 0.000000, 0.000000, 1.000000

PART 1
OFFSET -7.652056, 5.230036, 50.761999
SCALE 1.000000, 1.000000, 1.000000
X 0.480115, -0.368039, -0.796265
