// Export filename: 'C:\Program Files (x86)\Steam\steamapps\common\Call of Duty Black Ops III\xanim_export\tbd\s2\lmg_m1919\vm_lmg_m1919_s2_ads_base_down.xanim_export'
// Source filename: 'C:\Users\Ash\Documents\WW2 M1919\wpn_s2_lmg_m1919_rig.mb'
// Export time: Sun Nov 19 2017, 21:56:16

ANIMATION
VERSION 3

NUMPARTS 3
PART 0 "tag_view"
PART 1 "tag_ads"
PART 2 "tag_torso"

FRAMERATE 30
NUMFRAMES 19

FRAME 0
PART 0
OFFSET -0.106364, -0.000001, 59.999999
SCALE 1.000000, 1.000000, 1.000000
X 1.000000, 0.000000, 0.000000
Y 0.000000, 1.000000, 0.000000
Z 0.000000, 0.000000, 1.000000

PART 1
OFFSET 0.152299, 3.344999, 61.252999
SCALE 1.000000, 1.000000, 1.000000
X 1.000000, 0.000000, 0.000000
Y 0.000000, 1.000000, 0.000000
Z 0.000000, 0.000000, 1.000000

PART 2
OFFSET -0.751001, 3.344999, 53.766799
SCALE 1.000000, 1.000000, 1.000000
X 1.000000, 0.000000, 0.000000
Y 0.000000, 1.000000, 0.000000
Z 0.000000, 0.000000, 1.000000

FRAME 1
PART 0
OFFSET -0.106364, -0.000001, 59.999999
SCALE 1.000000, 1.000000, 1.000000
X 1.000000, 0.000000, 0.000000
Y 0.000000, 1.000000, 0.000000
Z 0.000000, 0.000000, 1.000000

PART 1
OFFSET 0.173855, 3.292528, 61.217011
SCALE 1.000000, 1.000000, 1.000000
X 1.000000, 0.000001, 0.000183
Y 0.000001, 0.999974, -0.007202
Z -0.000183, 0.007202, 0.999974

PART 2
OFFSET -0.728074, 3.238610, 53.730840
SCALE 1.000000, 1.000000, 1.000000
X 1.000000, 0.000001, 0.000183
Y 0.000001, 0.999974, -0.007202
Z -0.000183, 0.007202, 0.999974

FRAME 2
PART 0
OFFSET -0.106364, -0.000001, 59.999999
SCALE 1.000000, 1.000000, 1.000000
X 1.000000, 0.000000, 0.000000
Y 0.000000, 1.000000, 0.000000
Z 0.000000, 0.000000, 1.000000

PART 1
OFFSET 0.224150, 3.148234, 61.114188
SCALE 1.000000, 1.000000, 1.000000
X 1.000000, 0.000069, 0.000610
Y -0.000053, 0.999678, -0.025390
Z -0.000611, 0.025390, 0.999677

PART 2
OFFSET -0.674575, 2.958100, 53.629852
SCALE 1.000000, 1.000000, 1.000000
X 1.000000, 0.000069, 0.000610
Y -0.000053, 0.999678, -0.025390
Z -0.000611, 0.025390, 0.999677

FRAME 3
PART 0
OFFSET -0.106364, -0.000001, 59.999999
SCALE 1.000000, 1.000000, 1.000000
X 1.000000, 0.000000, 0.000000
Y 0.000000, 1.000000, 0.000000
Z 0.000000, 0.000000, 1.000000

PART 1
OFFSET 0.297798, 2.918675, 60.957382
SCALE 1.000000, 1.000000, 1.000000
X 0.999999, 0.000121, 0.001218
Y -0.000062, 0.998803, -0.048911
Z -0.001223, 0.048911, 0.998802

PART 2
OFFSET -0.596348, 2.552412, 53.479047
SCALE 1.000000, 1.000000, 1.000000
X 0.999999, 0.000121, 0.001218
Y -0.000062, 0.998803, -0.048911
Z -0.001223, 0.048911, 0.998802

FRAME 4
PART 0
OFFSET -0.106364, -0.000001, 59.999999
SCALE 1.000000, 1.000000, 1.000000
X 1.000000, 0.000000, 0.000000
Y 0.000000, 1.000000, 0.000000
Z 0.000000, 0.000000, 1.000000

PART 1
OFFSET 0.371445, 2.689117, 60.800576
SCALE 1.000000, 1.000000, 1.000000
X 0.999998, 0.000188, 0.001826
Y -0.000056, 0.997375, -0.072405
Z -0.001834, 0.072404, 0.997374

PART 2
OFFSET -0.518121, 2.146913, 53.332388
SCALE 1.000000, 1.000000, 1.000000
X 0.999998, 0.000188, 0.001826
Y -0.000056, 0.997375, -0.072405
Z -0.001834, 0.072404, 0.997374

FRAME 5
PART 0
OFFSET -0.106364, -0.000001, 59.999999
SCALE 1.000000, 1.000000, 1.000000
X 1.000000, 0.000000, 0.000000
Y 0.000000, 1.000000, 0.000000
Z 0.000000, 0.000000, 1.000000

PART 1
OFFSET 0.433716, 2.439881, 60.627489
SCALE 1.000000, 1.000000, 1.000000
X 0.999997, 0.000227, 0.002312
Y -0.000017, 0.995898, -0.090487
Z -0.002323, 0.090487, 0.995895

PART 2
OFFSET -0.452194, 1.762274, 53.169933
SCALE 1.000000, 1.000000, 1.000000
X 0.999997, 0.000227, 0.002312
Y -0.000017, 0.995898, -0.090487
Z -0.002323, 0.090487, 0.995895

FRAME 6
PART 0
OFFSET -0.106364, -0.000001, 59.999999
SCALE 1.000000, 1.000000, 1.000000
X 1.000000, 0.000000, 0.000000
Y 0.000000, 1.000000, 0.000000
Z 0.000000, 0.000000, 1.000000

PART 1
OFFSET 0.495987, 2.190646, 60.454403
SCALE 1.000000, 1.000000, 1.000000
X 0.999997, 0.000244, 0.002494
Y 0.000000, 0.995214, -0.097724
Z -0.002505, 0.097724, 0.995210

PART 2
OFFSET -0.388554, 1.458842, 53.001807
SCALE 1.000000, 1.000000, 1.000000
X 0.999997, 0.000244, 0.002494
Y 0.000000, 0.995214, -0.097724
Z -0.002505, 0.097724, 0.995210

FRAME 7
PART 0
OFFSET -0.106364, -0.000001, 59.999999
SCALE 1.000000, 1.000000, 1.000000
X 1.000000, 0.000000, 0.000000
Y 0.000000, 1.000000, 0.000000
Z 0.000000, 0.000000, 1.000000

PART 1
OFFSET 0.558257, 1.941411, 60.281317
SCALE 1.000000, 1.000000, 1.000000
X 0.999997, 0.000235, 0.002372
Y -0.000009, 0.995513, -0.094624
Z -0.002384, 0.094624, 0.995510

PART 2
OFFSET -0.327196, 1.232828, 52.826585
SCALE 1.000000, 1.000000, 1.000000
X 0.999997, 0.000235, 0.002372
Y -0.000009, 0.995513, -0.094624
Z -0.002384, 0.094624, 0.995510

FRAME 8
PART 0
OFFSET -0.106364, -0.000001, 59.999999
SCALE 1.000000, 1.000000, 1.000000
X 1.000000, 0.000000, 0.000000
Y 0.000000, 1.000000, 0.000000
Z 0.000000, 0.000000, 1.000000

PART 1
OFFSET 0.635497, 1.646264, 60.165640
SCALE 1.000000, 1.000000, 1.000000
X 0.999998, 0.000217, 0.002190
Y -0.000027, 0.996270, -0.086288
Z -0.002201, 0.086288, 0.996268

PART 2
OFFSET -0.251327, 1.000101, 52.705402
SCALE 1.000000, 1.000000, 1.000000
X 0.999998, 0.000217, 0.002190
Y -0.000027, 0.996270, -0.086288
Z -0.002201, 0.086288, 0.996268

FRAME 9
PART 0
OFFSET -0.106364, -0.000001, 59.999999
SCALE 1.000000, 1.000000, 1.000000
X 1.000000, 0.000000, 0.000000
Y 0.000000, 1.000000, 0.000000
Z 0.000000, 0.000000, 1.000000

PART 1
OFFSET 0.712737, 1.351117, 60.049964
SCALE 1.000000, 1.000000, 1.000000
X 0.999998, 0.000190, 0.001856
Y -0.000054, 0.997331, -0.073015
Z -0.001865, 0.073015, 0.997329

PART 2
OFFSET -0.176600, 0.804341, 52.582082
SCALE 1.000000, 1.000000, 1.000000
X 0.999998, 0.000190, 0.001856
Y -0.000054, 0.997331, -0.073015
Z -0.001865, 0.073015, 0.997329

FRAME 10
PART 0
OFFSET -0.106364, -0.000001, 59.999999
SCALE 1.000000, 1.000000, 1.000000
X 1.000000, 0.000000, 0.000000
Y 0.000000, 1.000000, 0.000000
Z 0.000000, 0.000000, 1.000000

PART 1
OFFSET 0.761236, 1.049411, 59.998552
SCALE 1.000000, 1.000000, 1.000000
X 0.999999, 0.000168, 0.001522
Y -0.000076, 0.998215, -0.059729
Z -0.001529, 0.059729, 0.998213

PART 2
OFFSET -0.130617, 0.602115, 52.524352
SCALE 1.000000, 1.000000, 1.000000
X 0.999999, 0.000168, 0.001522
Y -0.000076, 0.998215, -0.059729
Z -0.001529, 0.059729, 0.998213

FRAME 11
PART 0
OFFSET -0.106364, -0.000001, 59.999999
SCALE 1.000000, 1.000000, 1.000000
X 1.000000, 0.000000, 0.000000
Y 0.000000, 1.000000, 0.000000
Z 0.000000, 0.000000, 1.000000

PART 1
OFFSET 0.809736, 0.747705, 59.947140
SCALE 1.000000, 1.000000, 1.000000
X 0.999999, 0.000108, 0.001158
Y -0.000055, 0.998973, -0.045301
Z -0.001161, 0.045301, 0.998973

PART 2
OFFSET -0.084870, 0.408478, 52.467585
SCALE 1.000000, 1.000000, 1.000000
X 0.999999, 0.000108, 0.001158
Y -0.000055, 0.998973, -0.045301
Z -0.001161, 0.045301, 0.998973

FRAME 12
PART 0
OFFSET -0.106364, -0.000001, 59.999999
SCALE 1.000000, 1.000000, 1.000000
X 1.000000, 0.000000, 0.000000
Y 0.000000, 1.000000, 0.000000
Z 0.000000, 0.000000, 1.000000

PART 1
OFFSET 0.791773, 0.485352, 59.941999
SCALE 1.000000, 1.000000, 1.000000
X 1.000000, 0.000053, 0.000793
Y -0.000028, 0.999524, -0.030863
Z -0.000794, 0.030863, 0.999523

PART 2
OFFSET -0.105582, 0.254259, 52.458652
SCALE 1.000000, 1.000000, 1.000000
X 1.000000, 0.000053, 0.000793
Y -0.000028, 0.999524, -0.030863
Z -0.000794, 0.030863, 0.999523

FRAME 13
PART 0
OFFSET -0.106364, -0.000001, 59.999999
SCALE 1.000000, 1.000000, 1.000000
X 1.000000, 0.000000, 0.000000
Y 0.000000, 1.000000, 0.000000
Z 0.000000, 0.000000, 1.000000

PART 1
OFFSET 0.701959, 0.262352, 59.967705
SCALE 1.000000, 1.000000, 1.000000
X 1.000000, 0.000004, 0.000427
Y 0.000004, 0.999865, -0.016418
Z -0.000427, 0.016418, 0.999865

PART 2
OFFSET -0.198142, 0.139438, 52.482129
SCALE 1.000000, 1.000000, 1.000000
X 1.000000, 0.000004, 0.000427
Y 0.000004, 0.999865, -0.016418
Z -0.000427, 0.016418, 0.999865

FRAME 14
PART 0
OFFSET -0.106364, -0.000001, 59.999999
SCALE 1.000000, 1.000000, 1.000000
X 1.000000, 0.000000, 0.000000
Y 0.000000, 1.000000, 0.000000
Z 0.000000, 0.000000, 1.000000

PART 1
OFFSET 0.529517, 0.104940, 60.013976
SCALE 1.000000, 1.000000, 1.000000
X 1.000000, 0.000001, 0.000183
Y 0.000001, 0.999977, -0.006714
Z -0.000183, 0.006714, 0.999977

PART 2
OFFSET -0.372412, 0.054677, 52.527779
SCALE 1.000000, 1.000000, 1.000000
X 1.000000, 0.000001, 0.000183
Y 0.000001, 0.999977, -0.006714
Z -0.000183, 0.006714, 0.999977

FRAME 15
PART 0
OFFSET -0.106364, -0.000001, 59.999999
SCALE 1.000000, 1.000000, 1.000000
X 1.000000, 0.000000, 0.000000
Y 0.000000, 1.000000, 0.000000
Z 0.000000, 0.000000, 1.000000

PART 1
OFFSET 0.299594, 0.026234, 60.044823
SCALE 1.000000, 1.000000, 1.000000
X 1.000000, 0.000000, -0.000000
Y -0.000000, 0.999998, -0.001892
Z 0.000000, 0.001892, 0.999998

PART 2
OFFSET -0.603706, 0.012069, 52.558636
SCALE 1.000000, 1.000000, 1.000000
X 1.000000, 0.000000, -0.000000
Y -0.000000, 0.999998, -0.001892
Z 0.000000, 0.001892, 0.999998

FRAME 16
PART 0
OFFSET -0.106364, -0.000001, 59.999999
SCALE 1.000000, 1.000000, 1.000000
X 1.000000, 0.000000, 0.000000
Y 0.000000, 1.000000, 0.000000
Z 0.000000, 0.000000, 1.000000

PART 1
OFFSET 0.087633, 0.013116, 60.024258
SCALE 1.000000, 1.000000, 1.000000
X 1.000000, 0.000000, -0.000000
Y -0.000000, 0.999999, -0.001261
Z 0.000000, 0.001261, 0.999999

PART 2
OFFSET -0.815666, 0.003673, 52.538064
SCALE 1.000000, 1.000000, 1.000000
X 1.000000, 0.000000, -0.000000
Y -0.000000, 0.999999, -0.001261
Z 0.000000, 0.001261, 0.999999

FRAME 17
PART 0
OFFSET -0.106364, -0.000001, 59.999999
SCALE 1.000000, 1.000000, 1.000000
X 1.000000, 0.000000, 0.000000
Y 0.000000, 1.000000, 0.000000
Z 0.000000, 0.000000, 1.000000

PART 1
OFFSET -0.056068, -0.000001, 60.008835
SCALE 1.000000, 1.000000, 1.000000
X 1.000000, 0.000000, -0.000000
Y -0.000000, 1.000000, -0.000631
Z 0.000000, 0.000631, 1.000000

PART 2
OFFSET -0.959368, -0.004723, 52.522636
SCALE 1.000000, 1.000000, 1.000000
X 1.000000, 0.000000, -0.000000
Y -0.000000, 1.000000, -0.000631
Z 0.000000, 0.000631, 1.000000

FRAME 18
PART 0
OFFSET -0.106364, -0.000001, 59.999999
SCALE 1.000000, 1.000000, 1.000000
X 1.000000, 0.000000, 0.000000
Y 0.000000, 1.000000, 0.000000
Z 0.000000, 0.000000, 1.000000

PART 1
OFFSET -0.106364, -0.000001, 59.998552
SCALE 1.000000, 1.000000, 1.000000
X 1.000000, 0.000000, 0.000000
Y 0.000000, 1.000000, 0.000000
Z 0.000000, 0.000000, 1.000000

PART 2
OFFSET -1.009664, -0.000001, 52.512352
SCALE 1.000000, 1.000000, 1.000000
X 1.000000, 0.000000, 0.000000
Y 0.000000, 1.000000, 0.000000
Z 0.000000, 0.000000, 1.000000

NOTETRACKS

PART 0
NUMTRACKS 0

PART 1
NUMTRACKS 0

PART 2
NUMTRACKS 0
