// Export filename: 'C:\Program Files (x86)\Steam\steamapps\common\Call of Duty Black Ops III\xanim_export\tbd\s2\lmg_m1919\vm_lmg_m1919_s2_pullout_quick.xanim_export'
// Source filename: 'C:\Users\Ash\Documents\WW2 M1919\wpn_s2_lmg_m1919_rig.mb'
// Export time: Sun Nov 19 2017, 20:39:59

ANIMATION
VERSION 3

NUMPARTS 103
PART 0 "tag_torso"
PART 1 "j_shoulder_le"
PART 2 "j_shoulder_ri"
PART 3 "tag_weapon_left"
PART 4 "tag_weapon_right"
PART 5 "j_elbow_le"
PART 6 "j_elbow_ri"
PART 7 "tag_weapon"
PART 8 "j_elbow_bulge_le"
PART 9 "j_wrist_le"
PART 10 "j_wristtwist1_le"
PART 11 "j_wristtwist2_le"
PART 12 "j_wristtwist3_le"
PART 13 "j_wristtwist4_le"
PART 14 "j_wristtwist5_le"
PART 15 "j_wristtwist6_le"
PART 16 "j_wristtwist_le"
PART 17 "j_elbow_bulge_ri"
PART 18 "j_wrist_ri"
PART 19 "j_wristtwist1_ri"
PART 20 "j_wristtwist2_ri"
PART 21 "j_wristtwist3_ri"
PART 22 "j_wristtwist4_ri"
PART 23 "j_wristtwist5_ri"
PART 24 "j_wristtwist6_ri"
PART 25 "j_wristtwist_ri"
PART 26 "tag_brass"
PART 27 "tag_red_dot"
PART 28 "tag_sight_off"
PART 29 "tag_sight_on"
PART 30 "tag_ui_ammo"
PART 31 "tag_ui_ammo_ads"
PART 32 "tag_silencer"
PART 33 "bipod_l"
PART 34 "bipod_r"
PART 35 "tag_bullet01"
PART 36 "tag_bullet02"
PART 37 "tag_bullet03"
PART 38 "tag_bullet04"
PART 39 "tag_bullet05"
PART 40 "tag_bullet06"
PART 41 "tag_bullet07"
PART 42 "tag_bullet08"
PART 43 "tag_bullet09"
PART 44 "tag_bullet10"
PART 45 "tag_bullet11"
PART 46 "tag_bullet12"
PART 47 "tag_bullet13"
PART 48 "tag_bullet14"
PART 49 "tag_bullet15"
PART 50 "tag_bullet16"
PART 51 "tag_bullet17"
PART 52 "tag_bullet18"
PART 53 "tag_bullet19"
PART 54 "tag_bullet20"
PART 55 "front_pin"
PART 56 "peephole"
PART 57 "charging_handle"
PART 58 "hatch"
PART 59 "pin"
PART 60 "j_indexbase_le"
PART 61 "j_mid_le_1"
PART 62 "j_pinkybase_le"
PART 63 "j_ringbase_le"
PART 64 "j_thumb_le_1"
PART 65 "j_indexbase_ri"
PART 66 "j_mid_ri_1"
PART 67 "j_pinkybase_ri"
PART 68 "j_ringbase_ri"
PART 69 "j_thumb_ri_1"
PART 70 "j_index_le_1"
PART 71 "j_indexretract_le"
PART 72 "j_mid_le_2"
PART 73 "j_pinky_le_1"
PART 74 "j_ring_le_1"
PART 75 "j_thumb_le_2"
PART 76 "j_index_ri_1"
PART 77 "j_indexretract_ri"
PART 78 "j_mid_ri_2"
PART 79 "j_pinky_ri_1"
PART 80 "j_ring_ri_1"
PART 81 "j_thumb_ri_2"
PART 82 "j_index_le_2"
PART 83 "j_mid_le_3"
PART 84 "j_pinky_le_2"
PART 85 "j_ring_le_2"
PART 86 "j_thumb_le_3"
PART 87 "j_index_ri_2"
PART 88 "j_mid_ri_3"
PART 89 "j_pinky_ri_2"
PART 90 "j_ring_ri_2"
PART 91 "j_thumb_ri_3"
PART 92 "j_index_le_3"
PART 93 "j_pinky_le_3"
PART 94 "j_ring_le_3"
PART 95 "j_index_ri_3"
PART 96 "j_pinky_ri_3"
PART 97 "j_ring_ri_3"
PART 98 "tag_cambone"
PART 99 "tag_camera"
PART 100 "tag_fill_light"
PART 101 "tag_flashlight"
PART 102 "tag_gasmask"

FRAMERATE 30
NUMFRAMES 31

FRAME 0
PART 0
OFFSET -1.009664, -0.000001, 52.513799
SCALE 1.000000, 1.000000, 1.000000
X 1.000000, 0.000000, 0.000000
Y 0.000000, 1.000000, 0.000000
Z 0.000000, 0.000000, 1.000000

PART 1
OFFSET -7.847584, 6.114019, 50.675511
SCALE 1.000000, 1.000000, 1.000000
X 0.314557, 0.380134, -0.869800
Y -0.762906, 0.646475, 0.006633
Z 0.564826, 0.661490, 0.493359

PART 2
OFFSET -10.614778, -5.943275, 52.089803
SCALE 1.000000, 1.000000, 1.000000
X -0.491917, 0.388498, 0.779158
Y 0.772918, 0.606811, 0.185414
Z -0.400769, 0.693433, -0.598777

PART 3
OFFSET 3.103277, -0.797008, 43.314216
SCALE 1.000000, 1.000000, 1.000000
X 0.490553, 0.545999, -0.679148
Y -0.870703, 0.338531, -0.356754
Z 0.035125, 0.766343, 0.641470

PART 4
OFFSET 3.106200, -0.800556, 43.314699
SCALE 1.000000, 1.000000, 1.000000
X 0.490617, 0.546018, -0.679087
Y -0.870668, 0.338579, -0.356794
Z 0.035109, 0.766308, 0.641513

PART 5
OFFSET -3.924922, 9.573660, 41.545360
SCALE 1.000000, 1.000000, 1.000000
X 0.805686, -0.571397, -0.156127
Y 0.178604, 0.485650, -0.855713
Z 0.564775, 0.661551, 0.493335

PART 6
OFFSET -4.954755, -9.418173, 44.277980
SCALE 1.000000, 1.000000, 1.000000
X -0.687738, -0.659446, -0.303558
Y -0.605326, 0.290090, 0.741234
Z -0.400745, 0.693527, -0.598686

PART 7
OFFSET 3.106200, -0.800556, 43.314699
SCALE 1.000000, 1.000000, 1.000000
X 0.490617, 0.546018, -0.679087
Y -0.870668, 0.338579, -0.356794
Z 0.035109, 0.766308, 0.641513

PART 8
OFFSET -3.924922, 9.573660, 41.545360
SCALE 1.000000, 1.000000, 1.000000
X 0.805686, -0.571397, -0.156127
Y 0.178604, 0.485650, -0.855713
Z 0.564775, 0.661551, 0.493335

PART 9
OFFSET 4.240104, 3.667529, 39.858546
SCALE 1.000000, 1.000000, 1.000000
X 0.744401, 0.463929, -0.480246
Y 0.437588, -0.882192, -0.173939
Z -0.504365, -0.080669, -0.859714

PART 10
OFFSET 2.000088, 5.371237, 40.396557
SCALE 1.000000, 1.000000, 1.000000
X 0.805686, -0.571397, -0.156127
Y -0.548013, -0.819078, 0.169684
Z -0.224837, -0.051152, -0.973053

PART 11
OFFSET 1.012588, 6.071640, 40.588026
SCALE 1.000000, 1.000000, 1.000000
X 0.805686, -0.571397, -0.156127
Y -0.592333, -0.775698, -0.217794
Z 0.003340, 0.267953, -0.963426

PART 12
OFFSET 0.025085, 6.772044, 40.779493
SCALE 1.000000, 1.000000, 1.000000
X 0.805686, -0.571397, -0.156127
Y -0.545422, -0.612821, -0.571809
Z 0.231052, 0.545853, -0.805394

PART 13
OFFSET -0.962418, 7.472450, 40.970961
SCALE 1.000000, 1.000000, 1.000000
X 0.805686, -0.571397, -0.156127
Y -0.425038, -0.374099, -0.824253
Z 0.412568, 0.730449, -0.544272

PART 14
OFFSET -1.949920, 8.172851, 41.162428
SCALE 1.000000, 1.000000, 1.000000
X 0.805686, -0.571397, -0.156127
Y -0.247963, -0.085976, -0.964947
Z 0.537944, 0.816158, -0.210955

PART 15
OFFSET -2.937420, 8.873256, 41.353896
SCALE 1.000000, 1.000000, 1.000000
X 0.805686, -0.571397, -0.156127
Y -0.037093, 0.214389, -0.976044
Z 0.591180, 0.792176, 0.151536

PART 16
OFFSET 2.987588, 4.670833, 40.205088
SCALE 1.000000, 1.000000, 1.000000
X 0.805686, -0.571397, -0.156127
Y -0.429938, -0.745417, 0.509417
Z -0.407459, -0.343305, -0.846238

PART 17
OFFSET -4.954755, -9.418173, 44.277980
SCALE 1.000000, 1.000000, 1.000000
X -0.687738, -0.659446, -0.303558
Y -0.605326, 0.290090, 0.741234
Z -0.400745, 0.693527, -0.598686

PART 18
OFFSET 2.304806, -2.507700, 47.203235
SCALE 1.000000, 1.000000, 1.000000
X -0.431420, -0.753198, 0.496558
Y -0.329150, 0.643888, 0.690701
Z -0.839963, 0.134540, -0.525701

PART 19
OFFSET 0.101839, -4.570360, 46.509688
SCALE 1.000000, 1.000000, 1.000000
X -0.687738, -0.659446, -0.303558
Y -0.669401, 0.414246, 0.616686
Z -0.280923, 0.627321, -0.726327

PART 20
OFFSET -0.740924, -5.378330, 46.137740
SCALE 1.000000, 1.000000, 1.000000
X -0.687738, -0.659446, -0.303558
Y -0.659869, 0.393537, 0.640079
Z -0.302636, 0.640516, -0.705798

PART 21
OFFSET -1.583693, -6.186298, 45.765787
SCALE 1.000000, 1.000000, 1.000000
X -0.687738, -0.659446, -0.303558
Y -0.649631, 0.372402, 0.662795
Z -0.324031, 0.653030, -0.684511

PART 22
OFFSET -2.426460, -6.994269, 45.393836
SCALE 1.000000, 1.000000, 1.000000
X -0.687738, -0.659446, -0.303558
Y -0.639418, 0.352258, 0.683417
Z -0.343746, 0.664113, -0.663923

PART 23
OFFSET -3.269226, -7.802235, 45.021885
SCALE 1.000000, 1.000000, 1.000000
X -0.687738, -0.659446, -0.303558
Y -0.628650, 0.331865, 0.703324
Z -0.363064, 0.674535, -0.642797

PART 24
OFFSET -4.111991, -8.610205, 44.649935
SCALE 1.000000, 1.000000, 1.000000
X -0.687738, -0.659446, -0.303558
Y -0.617271, 0.311114, 0.722624
Z -0.382090, 0.684353, -0.621021

PART 25
OFFSET 0.944604, -3.762391, 46.881638
SCALE 1.000000, 1.000000, 1.000000
X -0.687738, -0.659446, -0.303558
Y -0.677667, 0.433206, 0.594222
Z -0.260354, 0.614381, -0.744817

PART 26
OFFSET 10.205074, 9.904660, 36.150349
SCALE 1.000000, 1.000000, 1.000000
X 0.870668, -0.338579, 0.356794
Y 0.490617, 0.546018, -0.679087
Z 0.035109, 0.766308, 0.641513

PART 27
OFFSET 4.650869, 6.442980, 46.419060
SCALE 1.000000, 1.000000, 1.000000
X 0.490617, 0.546018, -0.679087
Y -0.870668, 0.338579, -0.356794
Z 0.035109, 0.766308, 0.641513

PART 28
OFFSET 8.547112, 8.959045, 39.298858
SCALE 1.000000, 1.000000, 1.000000
X 0.490617, 0.546018, -0.679087
Y -0.870668, 0.338579, -0.356794
Z 0.035109, 0.766308, 0.641513

PART 29
OFFSET 8.176500, 8.546584, 39.811839
SCALE 1.000000, 1.000000, 1.000000
X 0.490617, 0.546018, -0.679087
Y -0.870668, 0.338579, -0.356794
Z 0.035109, 0.766308, 0.641513

PART 30
OFFSET 6.277231, 8.848256, 42.566110
SCALE 1.000000, 1.000000, 1.000000
X 0.490617, 0.546018, -0.679087
Y -0.870668, 0.338579, -0.356794
Z 0.035109, 0.766308, 0.641513

PART 31
OFFSET 6.508479, 7.856477, 43.227358
SCALE 1.000000, 1.000000, 1.000000
X 0.490617, 0.546018, -0.679087
Y -0.870668, 0.338579, -0.356794
Z 0.035109, 0.766308, 0.641513

PART 32
OFFSET 20.471155, 21.809872, 22.395946
SCALE 1.000000, 1.000000, 1.000000
X 0.490617, 0.546018, -0.679087
Y -0.870668, 0.338579, -0.356794
Z 0.035109, 0.766308, 0.641513

PART 33
OFFSET 18.192662, 20.646249, 23.273502
SCALE 1.000000, 1.000000, 1.000000
X -0.490664, -0.546024, 0.679048
Y 0.450812, 0.507823, 0.734088
Z -0.745666, 0.666313, -0.003016

PART 34
OFFSET 20.415869, 19.781704, 24.184557
SCALE 1.000000, 1.000000, 1.000000
X -0.490662, -0.545977, 0.679088
Y -0.389456, 0.834587, 0.389602
Z -0.779471, -0.073312, -0.622133

PART 35
OFFSET 9.475465, 10.152010, 38.239692
SCALE 1.000000, 1.000000, 1.000000
X -0.840085, 0.503399, -0.202105
Y -0.490586, -0.546068, 0.679070
Z 0.231480, 0.669626, 0.705704

PART 36
OFFSET 9.067055, 10.396615, 38.141560
SCALE 1.000000, 1.000000, 1.000000
X -0.870045, 0.263926, -0.416371
Y -0.490617, -0.546052, 0.679060
Z -0.048138, 0.795091, 0.604576

PART 37
OFFSET 8.649453, 10.522935, 37.942553
SCALE 1.000000, 1.000000, 1.000000
X -0.759990, -0.113160, -0.640008
Y -0.490572, -0.546059, 0.679087
Z -0.426328, 0.830069, 0.359486

PART 38
OFFSET 8.280209, 10.468783, 37.631376
SCALE 1.000000, 1.000000, 1.000000
X -0.540197, -0.420873, -0.728733
Y -0.490651, -0.546020, 0.679060
Z -0.683702, 0.724381, 0.088457

PART 39
OFFSET 8.019049, 10.266284, 37.278596
SCALE 1.000000, 1.000000, 1.000000
X -0.359046, -0.583431, -0.728488
Y -0.490565, -0.546047, 0.679101
Z -0.793997, 0.601200, -0.090154

PART 40
OFFSET 7.845108, 9.981028, 36.926066
SCALE 1.000000, 1.000000, 1.000000
X -0.241170, -0.663820, -0.707941
Y -0.490639, -0.545983, 0.679099
Z -0.837323, 0.511122, -0.194021

PART 41
OFFSET 7.727730, 9.662670, 36.585549
SCALE 1.000000, 1.000000, 1.000000
X -0.164427, -0.707241, -0.687586
Y -0.490653, -0.546074, 0.679016
Z -0.855701, 0.449015, -0.257220

PART 42
OFFSET 7.650492, 9.320483, 36.251530
SCALE 1.000000, 1.000000, 1.000000
X -0.114251, -0.732336, -0.671290
Y -0.490666, -0.545950, 0.679107
Z -0.863825, 0.406968, -0.296957

PART 43
OFFSET 7.595313, 8.974601, 35.935755
SCALE 1.000000, 1.000000, 1.000000
X -0.079910, -0.747827, -0.659067
Y -0.490645, -0.546030, 0.679057
Z -0.867687, 0.377632, -0.323284

PART 44
OFFSET 7.556852, 8.608647, 35.611971
SCALE 1.000000, 1.000000, 1.000000
X -0.055186, -0.758293, -0.649574
Y -0.490670, -0.545997, 0.679065
Z -0.869596, 0.356201, -0.341941

PART 45
OFFSET 7.530435, 8.246498, 35.302092
SCALE 1.000000, 1.000000, 1.000000
X -0.037033, -0.765535, -0.642327
Y -0.490592, -0.546052, 0.679078
Z -0.870602, 0.340269, -0.355343

PART 46
OFFSET 7.509529, 7.873197, 34.987632
SCALE 1.000000, 1.000000, 1.000000
X -0.023490, -0.770712, -0.636751
Y -0.490566, -0.546086, 0.679070
Z -0.871088, 0.328320, -0.365257

PART 47
OFFSET 7.498121, 7.506256, 34.684305
SCALE 1.000000, 1.000000, 1.000000
X -0.012855, -0.774664, -0.632243
Y -0.490672, -0.546045, 0.679026
Z -0.871250, 0.318953, -0.373086

PART 48
OFFSET 7.490840, 7.130452, 34.376141
SCALE 1.000000, 1.000000, 1.000000
X -0.004067, -0.777862, -0.628422
Y -0.490591, -0.546052, 0.679079
Z -0.871380, 0.311060, -0.379391

PART 49
OFFSET 7.496024, 6.757069, 34.081483
SCALE 1.000000, 1.000000, 1.000000
X 0.003250, -0.780403, -0.625269
Y -0.490592, -0.546099, 0.679040
Z -0.871383, 0.304545, -0.384634

PART 50
OFFSET 7.492390, 6.378118, 33.775081
SCALE 1.000000, 1.000000, 1.000000
X 0.009244, -0.782545, -0.622525
Y -0.490617, -0.546018, 0.679087
Z -0.871326, 0.299144, -0.388978

PART 51
OFFSET 7.494064, 6.006297, 33.475227
SCALE 1.000000, 1.000000, 1.000000
X 0.014221, -0.784198, -0.620348
Y -0.490618, -0.546066, 0.679048
Z -0.871259, 0.294697, -0.392507

PART 52
OFFSET 7.499473, 5.632474, 33.179666
SCALE 1.000000, 1.000000, 1.000000
X 0.018383, -0.785618, -0.618439
Y -0.490591, -0.546052, 0.679079
Z -0.871196, 0.290917, -0.395455

PART 53
OFFSET 7.511205, 5.250542, 32.881109
SCALE 1.000000, 1.000000, 1.000000
X 0.020907, -0.786502, -0.617234
Y -0.490644, -0.545985, 0.679095
Z -0.871110, 0.288644, -0.397307

PART 54
OFFSET 7.531762, 4.863352, 32.586609
SCALE 1.000000, 1.000000, 1.000000
X 0.020907, -0.786502, -0.617234
Y -0.490644, -0.545985, 0.679095
Z -0.871110, 0.288644, -0.397307

PART 55
OFFSET 10.821149, 12.503467, 37.115274
SCALE 1.000000, 1.000000, 1.000000
X -0.870687, 0.338589, -0.356737
Y -0.490581, -0.546066, 0.679075
Z 0.035125, 0.766270, 0.641558

PART 56
OFFSET 4.602802, 6.224833, 46.356472
SCALE 1.000000, 1.000000, 1.000000
X -0.870687, 0.338589, -0.356737
Y -0.490581, -0.546066, 0.679075
Z 0.035125, 0.766270, 0.641558

PART 57
OFFSET 9.537546, 8.331818, 40.583778
SCALE 1.000000, 1.000000, 1.000000
X -0.870687, 0.338589, -0.356737
Y -0.490581, -0.546066, 0.679075
Z 0.035125, 0.766270, 0.641558

PART 58
OFFSET 10.341683, 11.785239, 37.582006
SCALE 1.000000, 1.000000, 1.000000
X -0.870687, 0.338589, -0.356737
Y -0.490581, -0.546066, 0.679075
Z 0.035125, 0.766270, 0.641558

PART 59
OFFSET 7.913679, 9.514133, 38.535726
SCALE 1.000000, 1.000000, 1.000000
X -0.870687, 0.338589, -0.356737
Y -0.490581, -0.546066, 0.679075
Z 0.035125, 0.766270, 0.641558

PART 60
OFFSET 6.301142, 6.211725, 38.320793
SCALE 1.000000, 1.000000, 1.000000
X 0.744401, 0.463929, -0.480246
Y 0.437588, -0.882192, -0.173939
Z -0.504365, -0.080669, -0.859714

PART 61
OFFSET 6.832627, 5.201903, 38.000104
SCALE 1.000000, 1.000000, 1.000000
X 0.933086, 0.115864, 0.340478
Y -0.342614, 0.574290, 0.743510
Z -0.109387, -0.810411, 0.575559

PART 62
OFFSET 5.372204, 2.883103, 39.603452
SCALE 1.000000, 1.000000, 1.000000
X 0.950490, 0.307933, -0.041794
Y 0.028896, 0.046329, 0.998508
Z 0.309410, -0.950279, 0.035137

PART 63
OFFSET 5.377835, 3.514426, 39.135974
SCALE 1.000000, 1.000000, 1.000000
X 0.891421, 0.360095, -0.275137
Y 0.251554, 0.111819, 0.961362
Z 0.376948, -0.926190, 0.009094

PART 64
OFFSET 4.167552, 5.240094, 39.859804
SCALE 1.000000, 1.000000, 1.000000
X 0.707113, 0.591152, -0.387982
Y 0.585084, -0.797273, -0.148432
Z -0.397073, -0.122043, -0.909636

PART 65
OFFSET 3.505168, 0.773986, 46.272540
SCALE 1.000000, 1.000000, 1.000000
X -0.431420, -0.753198, 0.496558
Y -0.329150, 0.643888, 0.690701
Z -0.839963, 0.134540, -0.525701

PART 66
OFFSET 3.866586, -0.165445, 45.674488
SCALE 1.000000, 1.000000, 1.000000
X 0.639656, -0.374547, 0.671233
Y 0.760297, 0.179824, -0.624189
Z 0.113084, 0.909603, 0.399793

PART 67
OFFSET 2.648880, -2.735178, 45.962908
SCALE 1.000000, 1.000000, 1.000000
X 0.287013, 0.569902, -0.769958
Y -0.078595, -0.787056, -0.611855
Z -0.954697, 0.236125, -0.181104

PART 68
OFFSET 2.976823, -2.091006, 46.239599
SCALE 1.000000, 1.000000, 1.000000
X 0.350573, 0.636324, -0.687161
Y 0.021636, -0.739034, -0.673321
Z -0.936286, 0.221180, -0.272853

PART 69
OFFSET 1.966461, -1.675115, 47.533988
SCALE 1.000000, 1.000000, 1.000000
X 0.327321, -0.859549, 0.392476
Y -0.779375, -0.010742, 0.626466
Z -0.534262, -0.510941, -0.673427

PART 70
OFFSET 6.402653, 6.068779, 38.099677
SCALE 1.000000, 1.000000, 1.000000
X 0.993918, -0.043543, -0.101146
Y 0.109864, 0.329435, 0.937765
Z -0.007512, -0.943174, 0.332215

PART 71
OFFSET 6.301142, 6.211725, 38.320793
SCALE 1.000000, 1.000000, 1.000000
X 0.744401, 0.463929, -0.480246
Y 0.437588, -0.882192, -0.173939
Z -0.504365, -0.080669, -0.859714

PART 72
OFFSET 8.739106, 5.438646, 38.695767
SCALE 1.000000, 1.000000, 1.000000
X -0.023613, 0.580959, 0.813590
Y -0.993724, 0.075365, -0.082657
Z -0.109337, -0.810436, 0.575534

PART 73
OFFSET 7.579358, 3.891510, 39.380371
SCALE 1.000000, 1.000000, 1.000000
X 0.530381, 0.594098, 0.604767
Y -0.846523, 0.409663, 0.339965
Z -0.045778, -0.692260, 0.720195

PART 74
OFFSET 7.413829, 4.424032, 38.596448
SCALE 1.000000, 1.000000, 1.000000
X 0.667912, 0.455298, 0.588725
Y -0.743990, 0.387953, 0.544033
Z 0.019300, -0.801371, 0.597856

PART 75
OFFSET 5.584774, 6.499887, 39.309015
SCALE 1.000000, 1.000000, 1.000000
X 0.739082, 0.391059, -0.548481
Y 0.558242, -0.811268, 0.173813
Z -0.376994, -0.434646, -0.817899

PART 76
OFFSET 3.610087, 0.458767, 46.374032
SCALE 1.000000, 1.000000, 1.000000
X -0.507780, -0.518587, 0.687915
Y 0.860553, -0.268169, 0.433051
Z -0.040097, 0.811882, 0.582443

PART 77
OFFSET 3.505168, 0.773986, 46.272540
SCALE 1.000000, 1.000000, 1.000000
X -0.431420, -0.753198, 0.496558
Y -0.329150, 0.643888, 0.690701
Z -0.839963, 0.134540, -0.525701

PART 78
OFFSET 2.559634, 0.599836, 44.302983
SCALE 1.000000, 1.000000, 1.000000
X 0.759717, 0.180163, -0.624797
Y -0.640345, 0.374384, -0.670667
Z 0.113084, 0.909603, 0.399793

PART 79
OFFSET 3.374604, -1.590270, 44.235204
SCALE 1.000000, 1.000000, 1.000000
X 0.847083, -0.471110, 0.245979
Y 0.325107, 0.093202, -0.941073
Z 0.420424, 0.877137, 0.232111

PART 80
OFFSET 3.625339, -0.826159, 44.872611
SCALE 1.000000, 1.000000, 1.000000
X 0.727064, -0.430046, 0.535200
Y 0.638748, 0.137850, -0.756967
Z 0.251753, 0.892221, 0.374917

PART 81
OFFSET 1.172682, 0.110986, 46.762365
SCALE 1.000000, 1.000000, 1.000000
X -0.228477, -0.639124, 0.734383
Y -0.881676, 0.455727, 0.122311
Z -0.412850, -0.619543, -0.667624

PART 82
OFFSET 8.173641, 5.991204, 37.919448
SCALE 1.000000, 1.000000, 1.000000
X 0.890335, 0.144939, 0.431620
Y -0.455244, 0.299025, 0.838652
Z -0.007512, -0.943174, 0.332215

PART 83
OFFSET 8.711431, 6.119719, 39.649588
SCALE 1.000000, 1.000000, 1.000000
X -0.441478, 0.558310, 0.702415
Y -0.890587, -0.177275, -0.418841
Z -0.109322, -0.810471, 0.575487

PART 84
OFFSET 8.272135, 4.667466, 40.170266
SCALE 1.000000, 1.000000, 1.000000
X -0.163625, 0.716371, 0.678263
Y -0.985459, -0.086778, -0.146081
Z -0.045790, -0.692303, 0.720153

PART 85
OFFSET 8.508517, 5.170251, 39.561324
SCALE 1.000000, 1.000000, 1.000000
X -0.216959, 0.580339, 0.784943
Y -0.975989, -0.144903, -0.162632
Z 0.019359, -0.801380, 0.597843

PART 86
OFFSET 6.626049, 7.032259, 38.572562
SCALE 1.000000, 1.000000, 1.000000
X 0.398896, 0.713091, -0.576527
Y 0.744590, -0.618839, -0.250249
Z -0.535227, -0.329453, -0.777813

PART 87
OFFSET 4.514878, 1.382724, 45.148229
SCALE 1.000000, 1.000000, 1.000000
X 0.694120, -0.396667, 0.600710
Y 0.718742, 0.428372, -0.547638
Z -0.040097, 0.811882, 0.582443

PART 88
OFFSET 1.668958, 0.388635, 45.035505
SCALE 1.000000, 1.000000, 1.000000
X 0.072242, 0.393782, -0.916361
Y -0.990956, 0.132508, -0.021181
Z 0.113084, 0.909603, 0.399793

PART 89
OFFSET 2.268175, -0.974950, 43.913865
SCALE 1.000000, 1.000000, 1.000000
X 0.736283, -0.180388, -0.652186
Y -0.530174, 0.445120, -0.721654
Z 0.420478, 0.877114, 0.232097

PART 90
OFFSET 2.433757, -0.121355, 43.995483
SCALE 1.000000, 1.000000, 1.000000
X 0.734290, 0.076298, -0.674535
Y -0.630428, 0.445155, -0.635923
Z 0.251753, 0.892197, 0.374973

PART 91
OFFSET 1.295554, 0.736496, 46.127696
SCALE 1.000000, 1.000000, 1.000000
X -0.707253, -0.105065, 0.699110
Y -0.509819, 0.760891, -0.401408
Z -0.489773, -0.640317, -0.591707

PART 92
OFFSET 9.018617, 6.128756, 38.329117
SCALE 1.000000, 1.000000, 1.000000
X 0.541932, 0.275422, 0.794011
Y -0.840389, 0.185988, 0.509072
Z -0.007467, -0.943160, 0.332254

PART 93
OFFSET 8.148046, 5.210591, 40.684516
SCALE 1.000000, 1.000000, 1.000000
X -0.507879, 0.636926, 0.579986
Y -0.860207, -0.339152, -0.380814
Z -0.045847, -0.692316, 0.720137

PART 94
OFFSET 8.275583, 5.793268, 40.404004
SCALE 1.000000, 1.000000, 1.000000
X -0.374593, 0.548587, 0.747484
Y -0.926987, -0.238418, -0.289571
Z 0.019359, -0.801380, 0.597843

PART 95
OFFSET 3.856071, 1.759173, 44.578203
SCALE 1.000000, 1.000000, 1.000000
X 0.954821, -0.140651, 0.261790
Y 0.294464, 0.566626, -0.769562
Z -0.040097, 0.811882, 0.582443

PART 96
OFFSET 1.709837, -0.838088, 44.408349
SCALE 1.000000, 1.000000, 1.000000
X 0.115648, 0.201937, -0.972547
Y -0.899880, 0.435826, -0.016513
Z 0.420526, 0.877085, 0.232122

PART 97
OFFSET 1.645423, -0.203289, 44.719675
SCALE 1.000000, 1.000000, 1.000000
X 0.034553, 0.378942, -0.924775
Y -0.967161, 0.245821, 0.064593
Z 0.251806, 0.892174, 0.374992

PART 98
OFFSET -0.106364, -0.000001, 59.999999
SCALE 1.000000, 1.000000, 1.000000
X 1.000000, 0.000000, 0.000000
Y 0.000000, 1.000000, 0.000000
Z 0.000000, 0.000000, 1.000000

PART 99
OFFSET -0.106364, -0.000001, 59.999999
SCALE 1.000000, 1.000000, 1.000000
X 1.000000, 0.000000, 0.000000
Y 0.000000, 1.000000, 0.000000
Z 0.000000, 0.000000, 1.000000

PART 100
OFFSET -4.738254, -0.000001, 58.623226
SCALE 1.000000, 1.000000, 1.000000
X 1.000000, 0.000000, 0.000000
Y 0.000000, 1.000000, 0.000000
Z 0.000000, 0.000000, 1.000000

PART 101
OFFSET 1.434187, -0.000001, 64.135821
SCALE 1.000000, 1.000000, 1.000000
X 1.000000, 0.000000, 0.000000
Y 0.000000, 1.000000, 0.000000
Z 0.000000, 0.000000, 1.000000

PART 102
OFFSET 1.434187, -0.000001, 64.135821
SCALE 1.000000, 1.000000, 1.000000
X 1.000000, 0.000000, 0.000000
Y 0.000000, 1.000000, 0.000000
Z 0.000000, 0.000000, 1.000000

FRAME 1
PART 0
OFFSET -1.009664, -0.000001, 52.513799
SCALE 1.000000, 1.000000, 1.000000
X 1.000000, 0.000000, 0.000000
Y 0.000000, 1.000000, 0.000000
Z 0.000000, 0.000000, 1.000000

PART 1
OFFSET -7.836188, 6.124217, 50.684255
SCALE 1.000000, 1.000000, 1.000000
X 0.324211, 0.388754, -0.862414
Y -0.774035, 0.633118, -0.005593
Z 0.543835, 0.669352, 0.506173

PART 2
OFFSET -10.593572, -5.933867, 52.098848
SCALE 1.000000, 1.000000, 1.000000
X -0.509891, 0.380523, 0.771501
Y 0.768984, 0.603613, 0.210512
Z -0.385583, 0.700610, -0.600393

PART 3
OFFSET 3.427844, -0.709769, 43.513177
SCALE 1.000000, 1.000000, 1.000000
X 0.484023, 0.578719, -0.656358
Y -0.875045, 0.316412, -0.366306
Z -0.004309, 0.751643, 0.659556

PART 4
OFFSET 3.431612, -0.707086, 43.502875
SCALE 1.000000, 1.000000, 1.000000
X 0.484090, 0.578690, -0.656335
Y -0.875006, 0.316176, -0.366602
Z -0.004632, 0.751765, 0.659415

PART 5
OFFSET -3.804807, 9.680971, 41.648864
SCALE 1.000000, 1.000000, 1.000000
X 0.816315, -0.561845, -0.134016
Y 0.194689, 0.486083, -0.851950
Z 0.543807, 0.669369, 0.506182

PART 6
OFFSET -4.739586, -9.336265, 44.369807
SCALE 1.000000, 1.000000, 1.000000
X -0.697322, -0.647294, -0.307818
Y -0.604262, 0.299925, 0.738182
Z -0.385499, 0.700754, -0.600279

PART 7
OFFSET 3.431612, -0.707086, 43.502875
SCALE 1.000000, 1.000000, 1.000000
X 0.484090, 0.578690, -0.656335
Y -0.875006, 0.316176, -0.366602
Z -0.004632, 0.751765, 0.659415

PART 8
OFFSET -3.804807, 9.680971, 41.648864
SCALE 1.000000, 1.000000, 1.000000
X 0.816315, -0.561845, -0.134016
Y 0.194689, 0.486083, -0.851950
Z 0.543807, 0.669369, 0.506182

PART 9
OFFSET 4.473077, 3.872472, 40.185012
SCALE 1.000000, 1.000000, 1.000000
X 0.736716, 0.500828, -0.454336
Y 0.471692, -0.862051, -0.185405
Z -0.484517, -0.077715, -0.871323

PART 10
OFFSET 2.198389, 5.548793, 40.662663
SCALE 1.000000, 1.000000, 1.000000
X 0.816315, -0.561845, -0.134016
Y -0.541404, -0.825121, 0.161425
Z -0.201275, -0.059217, -0.977743

PART 11
OFFSET 1.197859, 6.237488, 40.827032
SCALE 1.000000, 1.000000, 1.000000
X 0.816315, -0.561845, -0.134016
Y -0.577151, -0.784190, -0.227911
Z 0.022957, 0.263395, -0.964415

PART 12
OFFSET 0.197324, 6.926185, 40.991398
SCALE 1.000000, 1.000000, 1.000000
X 0.816315, -0.561845, -0.134016
Y -0.523684, -0.622023, -0.582101
Z 0.243689, 0.545360, -0.801996

PART 13
OFFSET -0.803209, 7.614883, 41.155766
SCALE 1.000000, 1.000000, 1.000000
X 0.816315, -0.561845, -0.134016
Y -0.399923, -0.382366, -0.832981
Z 0.416763, 0.733571, -0.536826

PART 14
OFFSET -1.803743, 8.303577, 41.320133
SCALE 1.000000, 1.000000, 1.000000
X 0.816315, -0.561845, -0.134016
Y -0.222667, -0.092015, -0.970542
Z 0.532962, 0.822109, -0.200218

PART 15
OFFSET -2.804274, 8.992274, 41.484500
SCALE 1.000000, 1.000000, 1.000000
X 0.816315, -0.561845, -0.134016
Y -0.014914, 0.211440, -0.977277
Z 0.577414, 0.799765, 0.164222

PART 16
OFFSET 3.198921, 4.860097, 40.498295
SCALE 1.000000, 1.000000, 1.000000
X 0.816315, -0.561845, -0.134016
Y -0.432021, -0.747906, 0.503979
Z -0.383389, -0.353508, -0.853256

PART 17
OFFSET -4.739586, -9.336265, 44.369807
SCALE 1.000000, 1.000000, 1.000000
X -0.697322, -0.647294, -0.307818
Y -0.604262, 0.299925, 0.738182
Z -0.385499, 0.700754, -0.600279

PART 18
OFFSET 2.615001, -2.537743, 47.347417
SCALE 1.000000, 1.000000, 1.000000
X -0.414182, -0.779294, 0.470269
Y -0.365098, 0.615526, 0.698449
Z -0.833760, 0.117591, -0.539459

PART 19
OFFSET 0.387464, -4.577797, 46.632837
SCALE 1.000000, 1.000000, 1.000000
X -0.697322, -0.647294, -0.307818
Y -0.662971, 0.419261, 0.620234
Z -0.272418, 0.636577, -0.721497

PART 20
OFFSET -0.467042, -5.370876, 46.255667
SCALE 1.000000, 1.000000, 1.000000
X -0.697322, -0.647294, -0.307818
Y -0.654203, 0.399316, 0.642313
Z -0.292848, 0.649275, -0.701913

PART 21
OFFSET -1.321554, -6.163953, 45.878494
SCALE 1.000000, 1.000000, 1.000000
X -0.697322, -0.647294, -0.307818
Y -0.644803, 0.378982, 0.663778
Z -0.313002, 0.661350, -0.681650

PART 22
OFFSET -2.176063, -6.957033, 45.501323
SCALE 1.000000, 1.000000, 1.000000
X -0.697322, -0.647294, -0.307818
Y -0.635442, 0.359616, 0.683293
Z -0.331595, 0.672076, -0.662086

PART 23
OFFSET -3.030572, -7.750108, 45.124152
SCALE 1.000000, 1.000000, 1.000000
X -0.697322, -0.647294, -0.307818
Y -0.625584, 0.340025, 0.702159
Z -0.349837, 0.682197, -0.642044

PART 24
OFFSET -3.885079, -8.543187, 44.746982
SCALE 1.000000, 1.000000, 1.000000
X -0.697322, -0.647294, -0.307818
Y -0.615177, 0.320101, 0.720481
Z -0.367830, 0.691770, -0.621414

PART 25
OFFSET 1.241972, -3.784719, 47.010006
SCALE 1.000000, 1.000000, 1.000000
X -0.697322, -0.647294, -0.307818
Y -0.670590, 0.437541, 0.599054
Z -0.253081, 0.624154, -0.739177

PART 26
OFFSET 10.284578, 10.405757, 36.730495
SCALE 1.000000, 1.000000, 1.000000
X 0.875006, -0.316176, 0.366602
Y 0.484090, 0.578690, -0.656335
Z -0.004632, 0.751765, 0.659415

PART 27
OFFSET 4.657392, 6.511077, 46.802491
SCALE 1.000000, 1.000000, 1.000000
X 0.484090, 0.578690, -0.656335
Y -0.875006, 0.316176, -0.366602
Z -0.004632, 0.751765, 0.659415

PART 28
OFFSET 8.600093, 9.328853, 39.822246
SCALE 1.000000, 1.000000, 1.000000
X 0.484090, 0.578690, -0.656335
Y -0.875006, 0.316176, -0.366602
Z -0.004632, 0.751765, 0.659415

PART 29
OFFSET 8.234412, 8.891712, 40.318040
SCALE 1.000000, 1.000000, 1.000000
X 0.484090, 0.578690, -0.656335
Y -0.875006, 0.316176, -0.366602
Z -0.004632, 0.751765, 0.659415

PART 30
OFFSET 6.272250, 9.061806, 43.039295
SCALE 1.000000, 1.000000, 1.000000
X 0.484090, 0.578690, -0.656335
Y -0.875006, 0.316176, -0.366602
Z -0.004632, 0.751765, 0.659415

PART 31
OFFSET 6.525599, 8.063455, 43.682303
SCALE 1.000000, 1.000000, 1.000000
X 0.484090, 0.578690, -0.656335
Y -0.875006, 0.316176, -0.366602
Z -0.004632, 0.751765, 0.659415

PART 32
OFFSET 20.388164, 22.983476, 23.462917
SCALE 1.000000, 1.000000, 1.000000
X 0.484090, 0.578690, -0.656335
Y -0.875006, 0.316176, -0.366602
Z -0.004632, 0.751765, 0.659415

PART 33
OFFSET 18.135708, 21.720444, 24.267184
SCALE 1.000000, 1.000000, 1.000000
X -0.484134, -0.578696, 0.656296
Y 0.418098, 0.505893, 0.754498
Z -0.768641, 0.639674, -0.002968

PART 34
OFFSET 20.369993, 20.913104, 25.203285
SCALE 1.000000, 1.000000, 1.000000
X -0.484135, -0.578651, 0.656336
Y -0.426351, 0.811038, 0.400552
Z -0.764093, -0.085908, -0.639360

PART 35
OFFSET 9.506019, 10.578185, 38.809673
SCALE 1.000000, 1.000000, 1.000000
X -0.844958, 0.467096, -0.260511
Y -0.512535, -0.568007, 0.643953
Z 0.152816, 0.677635, 0.719346

PART 36
OFFSET 9.100012, 10.798433, 38.673639
SCALE 1.000000, 1.000000, 1.000000
X -0.857156, 0.243808, -0.453697
Y -0.505016, -0.570919, 0.647311
Z -0.101205, 0.783970, 0.612493

PART 37
OFFSET 8.691829, 10.916835, 38.446506
SCALE 1.000000, 1.000000, 1.000000
X -0.747121, -0.098025, -0.657420
Y -0.497299, -0.573818, 0.650712
Z -0.441026, 0.813095, 0.379964

PART 38
OFFSET 8.329210, 10.873247, 38.125900
SCALE 1.000000, 1.000000, 1.000000
X -0.537907, -0.387150, -0.748846
Y -0.494007, -0.575036, 0.652143
Z -0.683091, 0.720728, 0.118061

PART 39
OFFSET 8.064665, 10.691145, 37.766430
SCALE 1.000000, 1.000000, 1.000000
X -0.361362, -0.546335, -0.755603
Y -0.494146, -0.574998, 0.652071
Z -0.790720, 0.609012, -0.062187

PART 40
OFFSET 7.879098, 10.429214, 37.404613
SCALE 1.000000, 1.000000, 1.000000
X -0.246721, -0.626199, -0.739597
Y -0.494959, -0.574712, 0.651707
Z -0.833153, 0.526860, -0.168150

PART 41
OFFSET 7.764738, 10.113267, 37.068654
SCALE 1.000000, 1.000000, 1.000000
X -0.173912, -0.669211, -0.722434
Y -0.495696, -0.574405, 0.651417
Z -0.850905, 0.471397, -0.231829

PART 42
OFFSET 7.679167, 9.790089, 36.722670
SCALE 1.000000, 1.000000, 1.000000
X -0.128131, -0.693346, -0.709122
Y -0.496257, -0.574241, 0.651134
Z -0.858668, 0.435337, -0.270500

PART 43
OFFSET 7.619535, 9.461480, 36.384769
SCALE 1.000000, 1.000000, 1.000000
X -0.099243, -0.707597, -0.699613
Y -0.496716, -0.573992, 0.651004
Z -0.862221, 0.412116, -0.294510

PART 44
OFFSET 7.568034, 9.120559, 36.043452
SCALE 1.000000, 1.000000, 1.000000
X -0.080665, -0.716209, -0.693208
Y -0.497083, -0.573910, 0.650796
Z -0.863945, 0.397078, -0.309721

PART 45
OFFSET 7.534509, 8.778328, 35.710203
SCALE 1.000000, 1.000000, 1.000000
X -0.069419, -0.721324, -0.689110
Y -0.497343, -0.573784, 0.650708
Z -0.864772, 0.387896, -0.318914

PART 46
OFFSET 7.497602, 8.430238, 35.366796
SCALE 1.000000, 1.000000, 1.000000
X -0.063510, -0.723930, -0.686944
Y -0.497633, -0.573682, 0.650577
Z -0.865059, 0.383165, -0.323816

PART 47
OFFSET 7.475037, 8.088149, 35.035541
SCALE 1.000000, 1.000000, 1.000000
X -0.060779, -0.725036, -0.686024
Y -0.497873, -0.573671, 0.650403
Z -0.865117, 0.381084, -0.326109

PART 48
OFFSET 7.450787, 7.740450, 34.695787
SCALE 1.000000, 1.000000, 1.000000
X -0.060726, -0.725145, -0.685914
Y -0.498187, -0.573452, 0.650356
Z -0.864940, 0.381207, -0.326435

PART 49
OFFSET 7.424016, 7.402766, 34.360484
SCALE 1.000000, 1.000000, 1.000000
X -0.062482, -0.724347, -0.686598
Y -0.498479, -0.573343, 0.650228
Z -0.864647, 0.382883, -0.325248

PART 50
OFFSET 7.396852, 7.057408, 34.015492
SCALE 1.000000, 1.000000, 1.000000
X -0.066012, -0.722722, -0.687980
Y -0.498773, -0.573265, 0.650071
Z -0.864215, 0.386058, -0.322632

PART 51
OFFSET 7.374112, 6.721122, 33.676302
SCALE 1.000000, 1.000000, 1.000000
X -0.070769, -0.720510, -0.689824
Y -0.499147, -0.573167, 0.649871
Z -0.863623, 0.390314, -0.319078

PART 52
OFFSET 7.348636, 6.389133, 33.334867
SCALE 1.000000, 1.000000, 1.000000
X -0.076539, -0.717918, -0.691907
Y -0.499464, -0.572991, 0.649782
Z -0.862947, 0.395317, -0.314718

PART 53
OFFSET 7.324266, 6.048923, 32.990972
SCALE 1.000000, 1.000000, 1.000000
X -0.078173, -0.717079, -0.692594
Y -0.499575, -0.573024, 0.649668
Z -0.862736, 0.396789, -0.313440

PART 54
OFFSET 7.289905, 5.723405, 32.644939
SCALE 1.000000, 1.000000, 1.000000
X -0.078173, -0.717079, -0.692594
Y -0.499575, -0.573024, 0.649668
Z -0.862736, 0.396789, -0.313440

PART 55
OFFSET 10.789097, 13.001130, 37.766800
SCALE 1.000000, 1.000000, 1.000000
X -0.875026, 0.316183, -0.366547
Y -0.484053, -0.578734, 0.656322
Z -0.004615, 0.751728, 0.659457

PART 56
OFFSET 4.618326, 6.292913, 46.733976
SCALE 1.000000, 1.000000, 1.000000
X -0.875026, 0.316183, -0.366547
Y -0.484053, -0.578734, 0.656322
Z -0.004615, 0.751728, 0.659457

PART 57
OFFSET 9.586899, 8.706649, 41.112389
SCALE 1.000000, 1.000000, 1.000000
X -0.875026, 0.316183, -0.366547
Y -0.484053, -0.578734, 0.656322
Z -0.004615, 0.751728, 0.659457

PART 58
OFFSET 10.326403, 12.255769, 38.207176
SCALE 1.000000, 1.000000, 1.000000
X -0.875026, 0.316183, -0.366547
Y -0.484053, -0.578734, 0.656322
Z -0.004615, 0.751728, 0.659457

PART 59
OFFSET 7.962373, 9.879212, 39.059259
SCALE 1.000000, 1.000000, 1.000000
X -0.875026, 0.316183, -0.366547
Y -0.484053, -0.578734, 0.656322
Z -0.004615, 0.751728, 0.659457

PART 60
OFFSET 6.472446, 6.522654, 38.748158
SCALE 1.000000, 1.000000, 1.000000
X 0.736716, 0.500828, -0.454336
Y 0.471692, -0.862051, -0.185405
Z -0.484517, -0.077715, -0.871323

PART 61
OFFSET 7.045291, 5.539840, 38.415017
SCALE 1.000000, 1.000000, 1.000000
X 0.921675, 0.140135, 0.361770
Y -0.376936, 0.544193, 0.749515
Z -0.091840, -0.827174, 0.554391

PART 62
OFFSET 5.636840, 3.134190, 39.934724
SCALE 1.000000, 1.000000, 1.000000
X 0.939673, 0.341721, -0.015541
Y 0.007965, 0.023563, 0.999691
Z 0.341981, -0.939506, 0.019420

PART 63
OFFSET 5.629235, 3.776258, 39.482145
SCALE 1.000000, 1.000000, 1.000000
X 0.883318, 0.397327, -0.248757
Y 0.228849, 0.097623, 0.968555
Z 0.409117, -0.912470, -0.004696

PART 64
OFFSET 4.345120, 5.441085, 40.221091
SCALE 1.000000, 1.000000, 1.000000
X 0.693191, 0.624449, -0.359931
Y 0.615585, -0.772681, -0.154981
Z -0.374890, -0.114136, -0.920017

PART 65
OFFSET 3.716735, 0.804843, 46.516859
SCALE 1.000000, 1.000000, 1.000000
X -0.414182, -0.779294, 0.470269
Y -0.365098, 0.615526, 0.698449
Z -0.833760, 0.117591, -0.539459

PART 66
OFFSET 4.122706, -0.107038, 45.904891
SCALE 1.000000, 1.000000, 1.000000
X 0.639244, -0.367806, 0.675341
Y 0.765523, 0.220897, -0.604300
Z 0.073084, 0.903285, 0.422771

PART 67
OFFSET 2.991048, -2.723717, 46.109454
SCALE 1.000000, 1.000000, 1.000000
X 0.281703, 0.597591, -0.750685
Y -0.038802, -0.774635, -0.631218
Z -0.958717, 0.206944, -0.195029

PART 68
OFFSET 3.290584, -2.075234, 46.407464
SCALE 1.000000, 1.000000, 1.000000
X 0.341247, 0.664213, -0.665110
Y 0.060850, -0.721710, -0.689516
Z -0.938002, 0.194823, -0.286699

PART 69
OFFSET 2.241085, -1.725500, 47.690228
SCALE 1.000000, 1.000000, 1.000000
X 0.349727, -0.856663, 0.379235
Y -0.790597, -0.052687, 0.610067
Z -0.502641, -0.513179, -0.695701

PART 70
OFFSET 6.583183, 6.388620, 38.525891
SCALE 1.000000, 1.000000, 1.000000
X 0.996603, -0.006520, -0.082102
Y 0.080060, 0.310681, 0.947136
Z 0.019333, -0.950492, 0.310148

PART 71
OFFSET 6.472446, 6.522654, 38.748158
SCALE 1.000000, 1.000000, 1.000000
X 0.736716, 0.500828, -0.454336
Y 0.471692, -0.862051, -0.185405
Z -0.484517, -0.077715, -0.871323

PART 72
OFFSET 8.928455, 5.826172, 39.154183
SCALE 1.000000, 1.000000, 1.000000
X -0.059777, 0.560290, 0.826137
Y -0.993983, 0.042691, -0.100875
Z -0.091788, -0.827196, 0.554367

PART 73
OFFSET 7.810969, 4.223790, 39.779433
SCALE 1.000000, 1.000000, 1.000000
X 0.497335, 0.597651, 0.628865
Y -0.866843, 0.371767, 0.332224
Z -0.035237, -0.710354, 0.702962

PART 74
OFFSET 7.641935, 4.768710, 39.004839
SCALE 1.000000, 1.000000, 1.000000
X 0.639955, 0.464135, 0.612401
Y -0.767569, 0.348797, 0.537754
Z 0.035987, -0.814199, 0.579470

PART 75
OFFSET 5.727416, 6.762157, 39.728145
SCALE 1.000000, 1.000000, 1.000000
X 0.735287, 0.429458, -0.524328
Y 0.583035, -0.795256, 0.166249
Z -0.345578, -0.427942, -0.835130

PART 76
OFFSET 3.830712, 0.491153, 46.613197
SCALE 1.000000, 1.000000, 1.000000
X -0.502498, -0.552070, 0.665368
Y 0.860861, -0.248193, 0.444206
Z -0.080094, 0.796002, 0.599972

PART 77
OFFSET 3.716735, 0.804843, 46.516859
SCALE 1.000000, 1.000000, 1.000000
X -0.414182, -0.779294, 0.470269
Y -0.365098, 0.615526, 0.698449
Z -0.833760, 0.117591, -0.539459

PART 78
OFFSET 2.816596, 0.644470, 44.524993
SCALE 1.000000, 1.000000, 1.000000
X 0.764941, 0.221234, -0.604914
Y -0.639941, 0.367606, -0.674790
Z 0.073084, 0.903284, 0.422773

PART 79
OFFSET 3.709516, -1.513713, 44.423588
SCALE 1.000000, 1.000000, 1.000000
X 0.858219, -0.447000, 0.252293
Y 0.339930, 0.126685, -0.931879
Z 0.384589, 0.885518, 0.260672

PART 80
OFFSET 3.920624, -0.756609, 45.083325
SCALE 1.000000, 1.000000, 1.000000
X 0.731200, -0.416990, 0.539876
Y 0.648143, 0.177864, -0.740456
Z 0.212738, 0.891338, 0.400323

PART 81
OFFSET 1.399982, 0.049610, 46.943786
SCALE 1.000000, 1.000000, 1.000000
X -0.220077, -0.663875, 0.714728
Y -0.899433, 0.421721, 0.114766
Z -0.377606, -0.617593, -0.689922

PART 82
OFFSET 8.358954, 6.377015, 38.379595
SCALE 1.000000, 1.000000, 1.000000
X 0.876174, 0.165529, 0.452679
Y -0.481606, 0.262993, 0.835997
Z 0.019331, -0.950492, 0.310147

PART 83
OFFSET 8.858383, 6.483013, 40.122714
SCALE 1.000000, 1.000000, 1.000000
X -0.474359, 0.525767, 0.706083
Y -0.875535, -0.198148, -0.440654
Z -0.091772, -0.827228, 0.554320

PART 84
OFFSET 8.460583, 5.004387, 40.600804
SCALE 1.000000, 1.000000, 1.000000
X -0.201840, 0.693923, 0.691181
Y -0.978784, -0.117516, -0.167844
Z -0.035246, -0.710395, 0.702920

PART 85
OFFSET 8.690804, 5.529414, 40.008520
SCALE 1.000000, 1.000000, 1.000000
X -0.252394, 0.553620, 0.793600
Y -0.966953, -0.174858, -0.185545
Z 0.036046, -0.814205, 0.579458

PART 86
OFFSET 6.763298, 7.347781, 39.025274
SCALE 1.000000, 1.000000, 1.000000
X 0.384564, 0.740035, -0.551777
Y 0.770635, -0.586438, -0.249424
Z -0.508166, -0.329299, -0.795820

PART 87
OFFSET 4.726095, 1.474773, 45.427567
SCALE 1.000000, 1.000000, 1.000000
X 0.695825, -0.386334, 0.605454
Y 0.713732, 0.465967, -0.522935
Z -0.080094, 0.796003, 0.599970

PART 88
OFFSET 1.919795, 0.385119, 45.234206
SCALE 1.000000, 1.000000, 1.000000
X 0.076184, 0.417614, -0.905425
Y -0.994412, 0.098380, -0.038295
Z 0.073083, 0.903283, 0.422775

PART 89
OFFSET 2.588544, -0.929883, 44.094002
SCALE 1.000000, 1.000000, 1.000000
X 0.754789, -0.139165, -0.641035
Y -0.531361, 0.443311, -0.721894
Z 0.384641, 0.885499, 0.260659

PART 90
OFFSET 2.722263, -0.073203, 44.198534
SCALE 1.000000, 1.000000, 1.000000
X 0.744170, 0.117743, -0.657531
Y -0.633209, 0.437831, -0.638240
Z 0.212739, 0.891314, 0.400377

PART 91
OFFSET 1.513072, 0.693847, 46.326263
SCALE 1.000000, 1.000000, 1.000000
X -0.716626, -0.146132, 0.681977
Y -0.528419, 0.751948, -0.394142
Z -0.455215, -0.642822, -0.616084

PART 92
OFFSET 9.190490, 6.534109, 38.809249
SCALE 1.000000, 1.000000, 1.000000
X 0.516457, 0.275162, 0.810899
Y -0.856094, 0.144488, 0.496212
Z 0.019373, -0.950478, 0.310186

PART 93
OFFSET 8.307521, 5.530492, 41.124847
SCALE 1.000000, 1.000000, 1.000000
X -0.541120, 0.604906, 0.584190
Y -0.840204, -0.359732, -0.405770
Z -0.035301, -0.710409, 0.702903

PART 94
OFFSET 8.419829, 6.123746, 40.860495
SCALE 1.000000, 1.000000, 1.000000
X -0.408059, 0.517303, 0.752254
Y -0.912244, -0.263569, -0.313596
Z 0.036046, -0.814205, 0.579458

PART 95
OFFSET 4.065669, 1.841411, 44.853038
SCALE 1.000000, 1.000000, 1.000000
X 0.953895, -0.113457, 0.277870
Y 0.289256, 0.594564, -0.750216
Z -0.080094, 0.796003, 0.599970

PART 96
OFFSET 2.016172, -0.824279, 44.580031
SCALE 1.000000, 1.000000, 1.000000
X 0.127418, 0.228772, -0.965105
Y -0.914210, 0.404479, -0.024819
Z 0.384687, 0.885472, 0.260684

PART 97
OFFSET 1.923321, -0.199633, 44.904470
SCALE 1.000000, 1.000000, 1.000000
X 0.039208, 0.401664, -0.914948
Y -0.976311, 0.210391, 0.050524
Z 0.212790, 0.891292, 0.400398

PART 98
OFFSET -0.106364, -0.000001, 59.999999
SCALE 1.000000, 1.000000, 1.000000
X 1.000000, 0.000000, 0.000000
Y 0.000000, 1.000000, 0.000000
Z 0.000000, 0.000000, 1.000000

PART 99
OFFSET -0.106364, -0.000001, 59.999999
SCALE 1.000000, 1.000000, 1.000000
X 1.000000, 0.000000, 0.000000
Y 0.000000, 1.000000, 0.000000
Z 0.000000, 0.000000, 1.000000

PART 100
OFFSET -4.738254, -0.000001, 58.623226
SCALE 1.000000, 1.000000, 1.000000
X 1.000000, 0.000000, 0.000000
Y 0.000000, 1.000000, 0.000000
Z 0.000000, 0.000000, 1.000000

PART 101
OFFSET 1.434187, -0.000001, 64.135821
SCALE 1.000000, 1.000000, 1.000000
X 1.000000, 0.000000, 0.000000
Y 0.000000, 1.000000, 0.000000
Z 0.000000, 0.000000, 1.000000

PART 102
OFFSET 1.434187, -0.000001, 64.135821
SCALE 1.000000, 1.000000, 1.000000
X 1.000000, 0.000000, 0.000000
Y 0.000000, 1.000000, 0.000000
Z 0.000000, 0.000000, 1.000000

FRAME 2
PART 0
OFFSET -1.009664, -0.000001, 52.513799
SCALE 1.000000, 1.000000, 1.000000
X 1.000000, 0.000000, 0.000000
Y 0.000000, 1.000000, 0.000000
Z 0.000000, 0.000000, 1.000000

PART 1
OFFSET -7.826170, 6.143119, 50.696862
SCALE 1.000000, 1.000000, 1.000000
X 0.332700, 0.404741, -0.851760
Y -0.785307, 0.618978, -0.012616
