// Export filename: 'C:\Program Files (x86)\Steam\steamapps\common\Call of Duty Black Ops III\xanim_export\tbd\s2\lmg_m1919\vm_lmg_m1919_s2_reload_empty.xanim_export'
// Source filename: 'C:\Users\Ash\Documents\WW2 M1919\wpn_s2_lmg_m1919_rig.mb'
// Export time: Sun Nov 19 2017, 21:02:56

ANIMATION
VERSION 3

NUMPARTS 103
PART 0 "tag_torso"
PART 1 "j_shoulder_le"
PART 2 "j_shoulder_ri"
PART 3 "tag_weapon_left"
PART 4 "tag_weapon_right"
PART 5 "j_elbow_le"
PART 6 "j_elbow_ri"
PART 7 "tag_weapon"
PART 8 "j_elbow_bulge_le"
PART 9 "j_wrist_le"
PART 10 "j_wristtwist1_le"
PART 11 "j_wristtwist2_le"
PART 12 "j_wristtwist3_le"
PART 13 "j_wristtwist4_le"
PART 14 "j_wristtwist5_le"
PART 15 "j_wristtwist6_le"
PART 16 "j_wristtwist_le"
PART 17 "j_elbow_bulge_ri"
PART 18 "j_wrist_ri"
PART 19 "j_wristtwist1_ri"
PART 20 "j_wristtwist2_ri"
PART 21 "j_wristtwist3_ri"
PART 22 "j_wristtwist4_ri"
PART 23 "j_wristtwist5_ri"
PART 24 "j_wristtwist6_ri"
PART 25 "j_wristtwist_ri"
PART 26 "tag_brass"
PART 27 "tag_red_dot"
PART 28 "tag_sight_off"
PART 29 "tag_sight_on"
PART 30 "tag_ui_ammo"
PART 31 "tag_ui_ammo_ads"
PART 32 "tag_silencer"
PART 33 "bipod_l"
PART 34 "bipod_r"
PART 35 "tag_bullet01"
PART 36 "tag_bullet02"
PART 37 "tag_bullet03"
PART 38 "tag_bullet04"
PART 39 "tag_bullet05"
PART 40 "tag_bullet06"
PART 41 "tag_bullet07"
PART 42 "tag_bullet08"
PART 43 "tag_bullet09"
PART 44 "tag_bullet10"
PART 45 "tag_bullet11"
PART 46 "tag_bullet12"
PART 47 "tag_bullet13"
PART 48 "tag_bullet14"
PART 49 "tag_bullet15"
PART 50 "tag_bullet16"
PART 51 "tag_bullet17"
PART 52 "tag_bullet18"
PART 53 "tag_bullet19"
PART 54 "tag_bullet20"
PART 55 "front_pin"
PART 56 "peephole"
PART 57 "charging_handle"
PART 58 "hatch"
PART 59 "pin"
PART 60 "j_indexbase_le"
PART 61 "j_mid_le_1"
PART 62 "j_pinkybase_le"
PART 63 "j_ringbase_le"
PART 64 "j_thumb_le_1"
PART 65 "j_indexbase_ri"
PART 66 "j_mid_ri_1"
PART 67 "j_pinkybase_ri"
PART 68 "j_ringbase_ri"
PART 69 "j_thumb_ri_1"
PART 70 "j_index_le_1"
PART 71 "j_indexretract_le"
PART 72 "j_mid_le_2"
PART 73 "j_pinky_le_1"
PART 74 "j_ring_le_1"
PART 75 "j_thumb_le_2"
PART 76 "j_index_ri_1"
PART 77 "j_indexretract_ri"
PART 78 "j_mid_ri_2"
PART 79 "j_pinky_ri_1"
PART 80 "j_ring_ri_1"
PART 81 "j_thumb_ri_2"
PART 82 "j_index_le_2"
PART 83 "j_mid_le_3"
PART 84 "j_pinky_le_2"
PART 85 "j_ring_le_2"
PART 86 "j_thumb_le_3"
PART 87 "j_index_ri_2"
PART 88 "j_mid_ri_3"
PART 89 "j_pinky_ri_2"
PART 90 "j_ring_ri_2"
PART 91 "j_thumb_ri_3"
PART 92 "j_index_le_3"
PART 93 "j_pinky_le_3"
PART 94 "j_ring_le_3"
PART 95 "j_index_ri_3"
PART 96 "j_pinky_ri_3"
PART 97 "j_ring_ri_3"
PART 98 "tag_cambone"
PART 99 "tag_camera"
PART 100 "tag_fill_light"
PART 101 "tag_flashlight"
PART 102 "tag_gasmask"

FRAMERATE 30
NUMFRAMES 226

FRAME 0
PART 0
OFFSET -1.009664, -0.000001, 52.513799
SCALE 1.000000, 1.000000, 1.000000
X 1.000000, 0.000000, 0.000000
Y 0.000000, 1.000000, 0.000000
Z 0.000000, 0.000000, 1.000000

PART 1
OFFSET -7.111456, 5.639472, 51.294284
SCALE 1.000000, 1.000000, 1.000000
X 0.937787, -0.021399, -0.346552
Y -0.230631, 0.707709, -0.667800
Z 0.259548, 0.706180, 0.658744

PART 2
OFFSET -10.574599, -6.037421, 52.171387
SCALE 1.000000, 1.000000, 1.000000
X -0.525878, 0.468238, 0.710074
Y 0.843951, 0.391119, 0.367114
Z -0.105827, 0.792325, -0.600851

PART 3
OFFSET 4.212844, -3.345010, 51.181312
SCALE 1.000000, 1.000000, 1.000000
X 1.000000, 0.000099, -0.000051
Y -0.000099, 1.000000, -0.000054
Z 0.000051, 0.000054, 1.000000

PART 4
OFFSET 4.210292, -3.342985, 51.181882
SCALE 1.000000, 1.000000, 1.000000
X 1.000000, -0.000000, 0.000000
Y 0.000000, 1.000000, 0.000000
Z -0.000000, -0.000000, 1.000000

PART 5
OFFSET 3.115944, 4.886927, 48.070777
SCALE 1.000000, 1.000000, 1.000000
X 0.631207, -0.640292, 0.437726
Y 0.730902, 0.302193, -0.611932
Z 0.259538, 0.706191, 0.658737

PART 6
OFFSET -4.754403, -10.407564, 45.384335
SCALE 1.000000, 1.000000, 1.000000
X -0.457352, -0.575183, -0.678228
Y -0.882984, 0.203085, 0.423197
Z -0.105678, 0.792414, -0.600759

PART 7
OFFSET 4.210292, -3.342985, 51.181882
SCALE 1.000000, 1.000000, 1.000000
X 1.000000, 0.000000, 0.000000
Y 0.000000, 1.000000, 0.000000
Z 0.000000, 0.000000, 1.000000

PART 8
OFFSET 3.115944, 4.886927, 48.070777
SCALE 1.000000, 1.000000, 1.000000
X 0.631207, -0.640292, 0.437726
Y 0.730902, 0.302193, -0.611932
Z 0.259538, 0.706191, 0.658737

PART 9
OFFSET 9.555221, -1.589561, 52.425656
SCALE 1.000000, 1.000000, 1.000000
X 0.944705, -0.319582, 0.073476
Y -0.148828, -0.617519, -0.772347
Z 0.292201, 0.718705, -0.630937

PART 10
OFFSET 7.758158, 0.177732, 51.289347
SCALE 1.000000, 1.000000, 1.000000
X 0.631207, -0.640292, 0.437726
Y 0.018746, -0.551601, -0.833897
Z 0.775388, 0.534567, -0.336171

PART 11
OFFSET 6.984456, 0.962597, 50.752921
SCALE 1.000000, 1.000000, 1.000000
X 0.631207, -0.640292, 0.437726
Y 0.180025, -0.428002, -0.885667
Z 0.754433, 0.637840, -0.154890

PART 12
OFFSET 6.210752, 1.747464, 50.216492
SCALE 1.000000, 1.000000, 1.000000
X 0.631207, -0.640292, 0.437726
Y 0.333422, -0.285550, -0.898494
Z 0.700291, 0.713083, 0.033246

PART 13
OFFSET 5.437049, 2.532332, 49.680064
SCALE 1.000000, 1.000000, 1.000000
X 0.631207, -0.640292, 0.437726
Y 0.463846, -0.140692, -0.874673
Z 0.621631, 0.755137, 0.208191

PART 14
OFFSET 4.663346, 3.317195, 49.143635
SCALE 1.000000, 1.000000, 1.000000
X 0.631207, -0.640292, 0.437726
Y 0.575984, 0.009000, -0.817411
Z 0.519442, 0.768079, 0.374479

PART 15
OFFSET 3.889644, 4.102062, 48.607209
SCALE 1.000000, 1.000000, 1.000000
X 0.631207, -0.640292, 0.437726
Y 0.666272, 0.158705, -0.728625
Z 0.397063, 0.751557, 0.526785

PART 16
OFFSET 8.531860, -0.607134, 51.825773
SCALE 1.000000, 1.000000, 1.000000
X 0.631207, -0.640292, 0.437726
Y -0.132906, -0.645303, -0.752277
Z 0.764143, 0.416666, -0.492418

PART 17
OFFSET -4.754403, -10.407564, 45.384335
SCALE 1.000000, 1.000000, 1.000000
X -0.457352, -0.575183, -0.678228
Y -0.882984, 0.203085, 0.423197
Z -0.105678, 0.792414, -0.600759

PART 18
OFFSET 0.244511, -4.615399, 52.339440
SCALE 1.000000, 1.000000, 1.000000
X -0.960072, -0.056448, -0.273997
Y -0.279136, 0.258219, 0.924882
Z 0.018544, 0.964436, -0.263665

PART 19
OFFSET -1.391607, -6.179251, 50.370710
SCALE 1.000000, 1.000000, 1.000000
X -0.457352, -0.575183, -0.678228
Y -0.816284, -0.031090, 0.576814
Z -0.352860, 0.817434, -0.455294

PART 20
OFFSET -1.952072, -6.883971, 49.539650
SCALE 1.000000, 1.000000, 1.000000
X -0.457352, -0.575183, -0.678228
Y -0.833007, 0.010088, 0.553170
Z -0.311332, 0.817962, -0.483745

PART 21
OFFSET -2.512540, -7.588689, 48.708585
SCALE 1.000000, 1.000000, 1.000000
X -0.457352, -0.575183, -0.678228
Y -0.847623, 0.051249, 0.528118
Z -0.269006, 0.816418, -0.510977

PART 22
OFFSET -3.073007, -8.293410, 47.877523
SCALE 1.000000, 1.000000, 1.000000
X -0.457352, -0.575183, -0.678228
Y -0.859358, 0.089664, 0.503453
Z -0.228765, 0.813096, -0.535296

PART 23
OFFSET -3.633474, -8.998126, 47.046460
SCALE 1.000000, 1.000000, 1.000000
X -0.457352, -0.575183, -0.678228
Y -0.869148, 0.127731, 0.477772
Z -0.188176, 0.807991, -0.558337

PART 24
OFFSET -4.193939, -9.702846, 46.215399
SCALE 1.000000, 1.000000, 1.000000
X -0.457352, -0.575183, -0.678228
Y -0.877040, 0.165607, 0.450972
Z -0.147072, 0.801086, -0.580199

PART 25
OFFSET -0.831140, -5.474532, 51.201770
SCALE 1.000000, 1.000000, 1.000000
X -0.457352, -0.575183, -0.678228
Y -0.798778, -0.069514, 0.597596
Z -0.390874, 0.815066, -0.427651

PART 26
OFFSET 18.403580, -3.342985, 55.038583
SCALE 1.000000, 1.000000, 1.000000
X 0.000000, -1.000000, -0.000000
Y 1.000000, 0.000000, 0.000000
Z 0.000000, -0.000000, 1.000000

PART 27
OFFSET 6.815105, -3.342985, 58.778383
SCALE 1.000000, 1.000000, 1.000000
X 1.000000, 0.000000, 0.000000
Y 0.000000, 1.000000, 0.000000
Z 0.000000, 0.000000, 1.000000

PART 28
OFFSET 14.935722, -3.342985, 56.275552
SCALE 1.000000, 1.000000, 1.000000
X 1.000000, 0.000000, 0.000000
Y 0.000000, 1.000000, 0.000000
Z 0.000000, 0.000000, 1.000000

PART 29
OFFSET 14.180323, -3.342985, 56.275552
SCALE 1.000000, 1.000000, 1.000000
X 1.000000, 0.000000, 0.000000
Y 0.000000, 1.000000, 0.000000
Z 0.000000, 0.000000, 1.000000

PART 30
OFFSET 11.542838, -2.569920, 58.206946
SCALE 1.000000, 1.000000, 1.000000
X 1.000000, 0.000000, 0.000000
Y 0.000000, 1.000000, 0.000000
Z 0.000000, 0.000000, 1.000000

PART 31
OFFSET 10.665718, -3.342985, 57.879256
SCALE 1.000000, 1.000000, 1.000000
X 1.000000, 0.000000, 0.000000
Y 0.000000, 1.000000, 0.000000
Z 0.000000, 0.000000, 1.000000

PART 32
OFFSET 39.281192, -3.342985, 55.698442
SCALE 1.000000, 1.000000, 1.000000
X 1.000000, 0.000000, 0.000000
Y 0.000000, 1.000000, 0.000000
Z 0.000000, 0.000000, 1.000000

PART 33
OFFSET 36.932028, -2.066260, 55.289716
SCALE 1.000000, 1.000000, 1.000000
X -1.000000, 0.000000, -0.000000
Y -0.000000, -0.482487, 0.875903
Z 0.000000, 0.875903, 0.482487

PART 34
OFFSET 36.932028, -4.619710, 55.289716
SCALE 1.000000, 1.000000, 1.000000
X -1.000000, 0.000000, 0.000000
Y 0.000000, 0.482487, 0.875903
Z 0.000000, 0.875903, -0.482487

PART 35
OFFSET 16.489999, 3.172274, 44.645540
SCALE 1.000000, 1.000000, 1.000000
X 0.273800, 0.840947, 0.466736
Y -0.950865, 0.309607, -0.000035
Z -0.144534, -0.443793, 0.884397

PART 36
OFFSET 16.639999, 3.575525, 44.871599
SCALE 1.000000, 1.000000, 1.000000
X 0.220402, 0.912013, 0.345913
Y -0.972015, 0.234919, -0.000043
Z -0.081301, -0.336223, 0.938267

PART 37
OFFSET 16.752694, 4.010968, 45.037342
SCALE 1.000000, 1.000000, 1.000000
X 0.141596, 0.973891, 0.177442
Y -0.989596, 0.143874, 0.000031
Z -0.025499, -0.175601, 0.984131

PART 38
OFFSET 16.823199, 4.484592, 45.123726
SCALE 1.000000, 1.000000, 1.000000
X 0.046061, 0.998319, -0.035179
Y -0.998937, 0.046090, 0.000009
Z 0.001630, 0.035142, 0.999381

PART 39
OFFSET 16.845183, 4.966707, 45.106735
SCALE 1.000000, 1.000000, 1.000000
X -0.037135, 0.964159, -0.262713
Y -0.999259, -0.038485, 0.000008
Z -0.010102, 0.262519, 0.964874

PART 40
OFFSET 16.823987, 5.435658, 44.978874
SCALE 1.000000, 1.000000, 1.000000
X -0.083958, 0.874787, -0.477178
Y -0.995425, -0.095546, -0.000019
Z -0.045609, 0.474993, 0.878807

PART 41
OFFSET 16.773089, 5.853211, 44.750720
SCALE 1.000000, 1.000000, 1.000000
X -0.094861, 0.752052, -0.652241
Y -0.992137, -0.125157, -0.000015
Z -0.081644, 0.647111, 0.758012

PART 42
OFFSET 16.705488, 6.216755, 44.433874
SCALE 1.000000, 1.000000, 1.000000
X -0.085923, 0.624893, -0.775968
Y -0.990685, -0.136172, 0.000038
Z -0.105642, 0.768743, 0.630772

PART 43
OFFSET 16.636198, 6.507275, 44.069528
SCALE 1.000000, 1.000000, 1.000000
X -0.070952, 0.509185, -0.857728
Y -0.990430, -0.138014, -0.000002
Z -0.118380, 0.849519, 0.514104

PART 44
OFFSET 16.567796, 6.750311, 43.653573
SCALE 1.000000, 1.000000, 1.000000
X -0.056554, 0.411984, -0.909434
Y -0.990683, -0.136187, -0.000088
Z -0.123890, 0.900956, 0.415847

PART 45
OFFSET 16.506688, 6.943114, 43.218890
SCALE 1.000000, 1.000000, 1.000000
X -0.044930, 0.333446, -0.941698
Y -0.991071, -0.133332, 0.000074
Z -0.125534, 0.933293, 0.336460

PART 46
OFFSET 16.452589, 7.100812, 42.762436
SCALE 1.000000, 1.000000, 1.000000
X -0.035352, 0.269132, -0.962454
Y -0.991484, -0.130229, 0.000002
Z -0.125338, 0.954258, 0.271444

PART 47
OFFSET 16.407498, 7.225928, 42.302910
SCALE 1.000000, 1.000000, 1.000000
X -0.027651, 0.215276, -0.976162
Y -0.991828, -0.127579, -0.000041
Z -0.124547, 0.968184, 0.217044

PART 48
OFFSET 16.369996, 7.327371, 41.829329
SCALE 1.000000, 1.000000, 1.000000
X -0.021383, 0.169328, -0.985328
Y -0.992106, -0.125399, -0.000019
Z -0.123563, 0.977550, 0.170673

PART 49
OFFSET 16.341203, 7.406152, 41.357486
SCALE 1.000000, 1.000000, 1.000000
X -0.016123, 0.129622, -0.991432
Y -0.992340, -0.123538, -0.000014
Z -0.122481, 0.983838, 0.130621

PART 50
OFFSET 16.320077, 7.467531, 40.876024
SCALE 1.000000, 1.000000, 1.000000
X -0.011628, 0.094483, -0.995459
Y -0.992506, -0.122197, -0.000005
Z -0.121642, 0.987998, 0.095196

PART 51
OFFSET 16.306986, 7.511720, 40.400787
SCALE 1.000000, 1.000000, 1.000000
X -0.007765, 0.062816, -0.997995
Y -0.992619, -0.121271, 0.000090
Z -0.121022, 0.990630, 0.063294

PART 52
OFFSET 16.301404, 7.541653, 39.922840
SCALE 1.000000, 1.000000, 1.000000
X -0.004079, 0.033534, -0.999429
Y -0.992691, -0.120683, 0.000002
Z -0.120614, 0.992124, 0.033781

PART 53
OFFSET 16.303200, 7.558306, 39.436535
SCALE 1.000000, 1.000000, 1.000000
X -0.000824, 0.006554, -0.999978
Y -0.992712, -0.120512, 0.000029
Z -0.120509, 0.992690, 0.006606

PART 54
OFFSET 16.311998, 7.562531, 38.960352
SCALE 1.000000, 1.000000, 1.000000
X -0.000824, 0.006554, -0.999978
Y -0.992712, -0.120512, 0.000029
Z -0.120509, 0.992690, 0.006606

PART 55
OFFSET 19.469565, -3.343759, 57.670712
SCALE 1.000000, 1.000000, 1.000000
X -0.000000, 1.000000, 0.000000
Y -1.000000, -0.000000, 0.000000
Z 0.000000, 0.000000, 1.000000

PART 56
OFFSET 6.714913, -3.352663, 58.569377
SCALE 1.000000, 1.000000, 1.000000
X -0.000000, 1.000000, 0.000000
Y -1.000000, -0.000000, 0.000000
Z 0.000000, 0.000000, 1.000000

PART 57
OFFSET 14.207364, -4.876184, 56.653981
SCALE 1.000000, 1.000000, 1.000000
X -0.000000, 1.000000, 0.000000
Y -1.000000, -0.000000, 0.000000
Z 0.000000, 0.000000, 1.000000

PART 58
OFFSET 18.525213, -3.336007, 57.402909
SCALE 1.000000, 1.000000, 1.000000
X -0.000000, 1.000000, 0.000000
Y -1.000000, -0.000000, 0.000000
Z 0.000000, 0.000000, 1.000000

PART 59
OFFSET 15.446269, -2.331253, 56.189122
SCALE 1.000000, 1.000000, 1.000000
X -0.000000, 1.000000, 0.000000
Y -1.000000, -0.000000, 0.000000
Z 0.000000, 0.000000, 1.000000

PART 60
OFFSET 12.999939, -1.973662, 53.460974
SCALE 1.000000, 1.000000, 1.000000
X 0.944705, -0.319582, 0.073476
Y -0.148828, -0.617519, -0.772347
Z 0.292201, 0.718705, -0.630937

PART 61
OFFSET 12.927087, -2.663807, 52.500096
SCALE 1.000000, 1.000000, 1.000000
X 0.290010, -0.894660, 0.339821
Y -0.359393, 0.227281, 0.905085
Z -0.886978, -0.384613, -0.255621

PART 62
OFFSET 9.855693, -2.749706, 51.700432
SCALE 1.000000, 1.000000, 1.000000
X 0.662949, -0.708345, 0.242374
Y -0.638554, -0.365988, 0.676980
Z -0.390829, -0.603572, -0.694948

PART 63
OFFSET 10.520583, -2.373979, 51.884609
SCALE 1.000000, 1.000000, 1.000000
X 0.820847, -0.555999, 0.130671
Y -0.468375, -0.524360, 0.711105
Z -0.326855, -0.644912, -0.690836

PART 64
OFFSET 10.377472, -0.994915, 53.629127
SCALE 1.000000, 1.000000, 1.000000
X 0.933242, -0.276914, 0.228864
Y -0.047368, -0.726349, -0.685692
Z 0.356113, 0.629075, -0.690976

PART 65
OFFSET 3.256916, -4.217660, 54.299988
SCALE 1.000000, 1.000000, 1.000000
X -0.960072, -0.056448, -0.273997
Y -0.279136, 0.258219, 0.924882
Z 0.018544, 0.964436, -0.263665

PART 66
OFFSET 3.315131, -4.644501, 53.210766
SCALE 1.000000, 1.000000, 1.000000
X -0.346746, -0.923173, 0.165889
Y 0.895042, -0.378551, -0.235796
Z 0.280478, 0.066716, 0.957539

PART 67
OFFSET 1.131635, -4.549589, 51.381682
SCALE 1.000000, 1.000000, 1.000000
X 0.974896, 0.217640, -0.047011
Y -0.052657, 0.020212, -0.998408
Z -0.216343, 0.975820, 0.031165

PART 68
OFFSET 1.456209, -4.715732, 52.064387
SCALE 1.000000, 1.000000, 1.000000
X 0.986086, 0.155307, 0.059281
Y 0.064502, -0.028790, -0.997502
Z -0.153212, 0.987447, -0.038407

PART 69
OFFSET 0.309234, -4.156147, 53.174391
SCALE 1.000000, 1.000000, 1.000000
X -0.575268, -0.715985, -0.395515
Y -0.813690, 0.451539, 0.366089
Z -0.083524, 0.532426, -0.842346

PART 70
OFFSET 13.121788, -2.031056, 53.213259
SCALE 1.000000, 1.000000, 1.000000
X 0.532738, -0.843894, -0.063499
Y -0.402939, -0.318919, 0.857864
Z -0.744198, -0.431431, -0.509938

PART 71
OFFSET 12.999939, -1.973662, 53.460974
SCALE 1.000000, 1.000000, 1.000000
X 0.944705, -0.319582, 0.073476
Y -0.148828, -0.617519, -0.772347
Z 0.292201, 0.718705, -0.630937

PART 72
OFFSET 13.519647, -4.491790, 53.194407
SCALE 1.000000, 1.000000, 1.000000
X -0.246748, -0.073278, 0.966305
Y -0.390429, 0.920147, -0.029919
Z -0.886950, -0.384656, -0.255654

PART 73
OFFSET 11.641115, -4.249820, 52.407176
SCALE 1.000000, 1.000000, 1.000000
X 0.173989, -0.476560, 0.861753
Y -0.422692, 0.754241, 0.502446
Z -0.889415, -0.451676, -0.070209

PART 74
OFFSET 12.382517, -3.645934, 52.306899
SCALE 1.000000, 1.000000, 1.000000
X 0.176374, -0.637609, 0.749898
Y -0.522674, 0.584897, 0.620247
Z -0.834088, -0.501348, -0.230101

PART 75
OFFSET 12.134870, -1.605481, 54.290777
SCALE 1.000000, 1.000000, 1.000000
X 0.948648, -0.315234, -0.026362
Y -0.287020, -0.822708, -0.490684
Z 0.132992, 0.473053, -0.870939

PART 76
OFFSET 3.068626, -4.452149, 54.127106
SCALE 1.000000, 1.000000, 1.000000
X -0.999436, 0.021196, 0.026043
Y -0.018419, -0.994554, 0.102586
Z 0.028075, 0.102048, 0.994383

PART 77
OFFSET 3.256916, -4.217660, 54.299988
SCALE 1.000000, 1.000000, 1.000000
X -0.960072, -0.056448, -0.273997
Y -0.279136, 0.258219, 0.924882
Z 0.018544, 0.964436, -0.263665

PART 78
OFFSET 4.023638, -2.758220, 52.871776
SCALE 1.000000, 1.000000, 1.000000
X 0.895412, -0.377591, -0.235926
Y 0.345830, 0.923567, -0.165604
Z 0.280424, 0.066693, 0.957556

PART 79
OFFSET 3.280337, -4.188882, 51.180047
SCALE 1.000000, 1.000000, 1.000000
X -0.008671, -0.984810, -0.173417
Y 0.849517, 0.084228, -0.520795
Z 0.527491, -0.151837, 0.835882

PART 80
OFFSET 3.383474, -4.374128, 52.183065
SCALE 1.000000, 1.000000, 1.000000
X -0.241589, -0.969583, 0.039300
Y 0.902698, -0.239414, -0.357516
Z 0.356050, -0.050896, 0.933080

PART 81
OFFSET 1.419040, -2.585109, 54.020465
SCALE 1.000000, 1.000000, 1.000000
X -0.959813, -0.279348, -0.026900
Y -0.266762, 0.878380, 0.396595
Z -0.087159, 0.387833, -0.917600

PART 82
OFFSET 14.071040, -3.534713, 53.100141
SCALE 1.000000, 1.000000, 1.000000
X 0.223022, -0.880145, 0.419054
Y -0.629599, 0.198139, 0.751230
Z -0.744222, -0.431376, -0.509949

PART 83
OFFSET 13.230358, -4.577698, 54.327281
SCALE 1.000000, 1.000000, 1.000000
X -0.388646, 0.322509, 0.863100
Y -0.249546, 0.864886, -0.435545
Z -0.886950, -0.384656, -0.255654

PART 84
OFFSET 11.868366, -4.872268, 53.532756
SCALE 1.000000, 1.000000, 1.000000
X -0.149745, 0.142792, 0.978359
Y -0.431876, 0.880681, -0.194637
Z -0.889415, -0.451676, -0.070209

PART 85
OFFSET 12.671581, -4.690959, 53.535956
SCALE 1.000000, 1.000000, 1.000000
X -0.322681, 0.105057, 0.940659
Y -0.447469, 0.858815, -0.249415
Z -0.834055, -0.501398, -0.230114

PART 86
OFFSET 13.436588, -2.068865, 54.262692
SCALE 1.000000, 1.000000, 1.000000
X 0.976576, 0.099966, 0.190541
Y 0.197431, -0.768402, -0.608752
Z 0.085558, 0.632112, -0.770139

PART 87
OFFSET 4.849458, -4.489928, 54.080667
SCALE 1.000000, 1.000000, 1.000000
X -0.284050, -0.952947, 0.105864
Y 0.958397, -0.285431, 0.002196
Z 0.028124, 0.102084, 0.994378

PART 88
OFFSET 2.973843, -2.315546, 53.148408
SCALE 1.000000, 1.000000, 1.000000
X 0.872922, 0.397214, -0.283246
Y -0.399252, 0.915299, 0.053148
Z 0.280366, 0.066692, 0.957574

PART 89
OFFSET 3.291692, -2.902566, 51.406514
SCALE 1.000000, 1.000000, 1.000000
X 0.705708, -0.469483, -0.530624
Y 0.473001, 0.869788, -0.140495
Z 0.527491, -0.151837, 0.835882

PART 90
OFFSET 3.779426, -2.785063, 52.118655
SCALE 1.000000, 1.000000, 1.000000
X 0.859935, -0.372882, -0.348527
Y 0.365682, 0.926479, -0.088960
Z 0.356075, -0.050950, 0.933067

PART 91
OFFSET 2.251891, -2.253971, 54.097151
SCALE 1.000000, 1.000000, 1.000000
X -0.879135, 0.331008, 0.342865
Y 0.438031, 0.844660, 0.307699
Z -0.187754, 0.420694, -0.887561

PART 92
OFFSET 14.282690, -4.370013, 53.497852
SCALE 1.000000, 1.000000, 1.000000
X -0.122829, -0.662065, 0.739312
Y -0.656542, 0.612849, 0.439738
Z -0.744222, -0.431376, -0.509949

PART 93
OFFSET 11.754828, -4.764005, 54.274530
SCALE 1.000000, 1.000000, 1.000000
X -0.295387, 0.450721, 0.842376
Y -0.348837, 0.769960, -0.534298
Z -0.889415, -0.451676, -0.070209

PART 94
OFFSET 12.325164, -4.578174, 54.545816
SCALE 1.000000, 1.000000, 1.000000
X -0.391911, 0.244936, 0.886799
Y -0.388275, 0.829823, -0.400794
Z -0.834055, -0.501398, -0.230114

PART 95
OFFSET 5.118966, -3.585542, 53.980224
SCALE 1.000000, 1.000000, 1.000000
X 0.213725, -0.972382, 0.093781
Y 0.976489, 0.209886, -0.049166
Z 0.028124, 0.102084, 0.994378

PART 96
OFFSET 2.756620, -2.546530, 51.808904
SCALE 1.000000, 1.000000, 1.000000
X 0.827488, 0.314647, -0.465038
Y -0.192398, 0.936986, 0.291617
Z 0.527491, -0.151837, 0.835882

PART 97
OFFSET 2.856175, -2.384744, 52.492821
SCALE 1.000000, 1.000000, 1.000000
X 0.851895, 0.428107, -0.301661
Y -0.384092, 0.902290, 0.195820
Z 0.356018, -0.050952, 0.933089

PART 98
OFFSET -0.106364, -0.000001, 59.999999
SCALE 1.000000, 1.000000, 1.000000
X 1.000000, 0.000000, 0.000000
Y 0.000000, 1.000000, 0.000000
Z 0.000000, 0.000000, 1.000000

PART 99
OFFSET -0.106364, -0.000001, 59.999999
SCALE 1.000000, 1.000000, 1.000000
X 1.000000, 0.000000, 0.000000
Y 0.000000, 1.000000, 0.000000
Z 0.000000, 0.000000, 1.000000

PART 100
OFFSET -4.738254, -0.000001, 58.623226
SCALE 1.000000, 1.000000, 1.000000
X 1.000000, 0.000000, 0.000000
Y 0.000000, 1.000000, 0.000000
Z 0.000000, 0.000000, 1.000000

PART 101
OFFSET 1.434187, -0.000001, 64.135821
SCALE 1.000000, 1.000000, 1.000000
X 1.000000, 0.000000, 0.000000
Y 0.000000, 1.000000, 0.000000
Z 0.000000, 0.000000, 1.000000

PART 102
OFFSET 1.434187, -0.000001, 64.135821
SCALE 1.000000, 1.000000, 1.000000
X 1.000000, 0.000000, 0.000000
Y 0.000000, 1.000000, 0.000000
Z 0.000000, 0.000000, 1.000000

FRAME 1
PART 0
OFFSET -1.009664, -0.000001, 52.513799
SCALE 1.000000, 1.000000, 1.000000
X 1.000000, 0.000000, 0.000000
Y 0.000000, 1.000000, 0.000000
Z 0.000000, 0.000000, 1.000000

PART 1
OFFSET -7.013895, 5.676946, 51.284496
SCALE 1.000000, 1.000000, 1.000000
X 0.935074, -0.019262, -0.353928
Y -0.237228, 0.707900, -0.665282
Z 0.263360, 0.706050, 0.657369

PART 2
OFFSET -10.579182, -6.095706, 52.209234
SCALE 1.000000, 1.000000, 1.000000
X -0.521953, 0.517618, 0.677965
Y 0.846362, 0.413060, 0.336233
Z -0.106000, 0.749302, -0.653690

PART 3
OFFSET 4.118136, -3.231599, 51.238483
SCALE 1.000000, 1.000000, 1.000000
X 0.999899, -0.012874, -0.006022
Y 0.012862, 0.999915, -0.002104
Z 0.006049, 0.002026, 0.999980

PART 4
OFFSET 4.119541, -3.228703, 51.238198
SCALE 1.000000, 1.000000, 1.000000
X 0.999900, -0.012885, -0.005907
Y 0.012872, 0.999915, -0.002113
Z 0.005934, 0.002037, 0.999980

PART 5
OFFSET 3.175314, 4.941519, 47.991714
SCALE 1.000000, 1.000000, 1.000000
X 0.619001, -0.646318, 0.446219
Y 0.739923, 0.289396, -0.607260
Z 0.263349, 0.706062, 0.657362

PART 6
OFFSET -4.805748, -10.937951, 45.723374
SCALE 1.000000, 1.000000, 1.000000
X -0.449939, -0.622217, -0.640626
Y -0.886764, 0.226249, 0.403065
Z -0.105853, 0.749438, -0.653557

PART 7
OFFSET 4.119541, -3.228703, 51.238198
SCALE 1.000000, 1.000000, 1.000000
X 0.999900, -0.012885, -0.005907
Y 0.012872, 0.999915, -0.002113
Z 0.005934, 0.002037, 0.999980

PART 8
OFFSET 3.175314, 4.941519, 47.991714
SCALE 1.000000, 1.000000, 1.000000
X 0.619001, -0.646318, 0.446219
Y 0.739923, 0.289396, -0.607260
Z 0.263349, 0.706062, 0.657362

PART 9
OFFSET 9.488825, -1.597057, 52.433083
SCALE 1.000000, 1.000000, 1.000000
X 0.947578, -0.311793, 0.069869
Y -0.148006, -0.622093, -0.768826
Z 0.283180, 0.718182, -0.635629

PART 10
OFFSET 7.727762, 0.188005, 51.272748
SCALE 1.000000, 1.000000, 1.000000
X 0.619001, -0.646318, 0.446219
Y 0.015765, -0.557810, -0.829819
Z 0.785232, 0.520693, -0.335096

PART 11
OFFSET 6.969021, 0.980257, 50.725912
SCALE 1.000000, 1.000000, 1.000000
X 0.619001, -0.646318, 0.446219
Y 0.179611, -0.436601, -0.881544
Z 0.764577, 0.625822, -0.154171

PART 12
OFFSET 6.210279, 1.772509, 50.179071
SCALE 1.000000, 1.000000, 1.000000
X 0.619001, -0.646318, 0.446219
Y 0.335550, -0.296054, -0.894292
Z 0.710102, 0.703296, 0.033615

PART 13
OFFSET 5.451536, 2.564764, 49.632233
SCALE 1.000000, 1.000000, 1.000000
X 0.619001, -0.646318, 0.446219
Y 0.468197, -0.152495, -0.870366
Z 0.630579, 0.747676, 0.208210

PART 14
OFFSET 4.692794, 3.357014, 49.085393
SCALE 1.000000, 1.000000, 1.000000
X 0.619001, -0.646318, 0.446219
Y 0.582282, -0.003611, -0.812979
Z 0.527054, 0.763060, 0.374104

PART 15
OFFSET 3.934054, 4.149267, 48.538556
SCALE 1.000000, 1.000000, 1.000000
X 0.619001, -0.646318, 0.446219
Y 0.674156, 0.145768, -0.724062
Z 0.402929, 0.749016, 0.525950

PART 16
OFFSET 8.486503, -0.604247, 51.819585
SCALE 1.000000, 1.000000, 1.000000
X 0.619001, -0.646318, 0.446219
Y -0.138175, -0.648906, -0.748217
Z 0.773140, 0.401491, -0.490978

PART 17
OFFSET -4.805748, -10.937951, 45.723374
SCALE 1.000000, 1.000000, 1.000000
X -0.449939, -0.622217, -0.640626
Y -0.886764, 0.226249, 0.403065
Z -0.105853, 0.749438, -0.653557

PART 18
OFFSET 0.117461, -4.663744, 52.298863
SCALE 1.000000, 1.000000, 1.000000
X -0.955765, -0.061656, -0.287597
Y -0.293643, 0.256350, 0.920901
Z 0.016947, 0.964616, -0.263115

PART 19
OFFSET -1.497450, -6.363843, 50.433328
SCALE 1.000000, 1.000000, 1.000000
X -0.449939, -0.622217, -0.640626
Y -0.798782, -0.040403, 0.600262
Z -0.399376, 0.781802, -0.478836

PART 20
OFFSET -2.048832, -7.126196, 49.648339
SCALE 1.000000, 1.000000, 1.000000
X -0.449939, -0.622217, -0.640626
Y -0.821326, 0.006622, 0.570421
Z -0.350683, 0.782817, -0.514022

PART 21
OFFSET -2.600218, -7.888546, 48.863344
SCALE 1.000000, 1.000000, 1.000000
X -0.449939, -0.622217, -0.640626
Y -0.840908, 0.053635, 0.538513
Z -0.300712, 0.781006, -0.547359

PART 22
OFFSET -3.151602, -8.650899, 48.078352
SCALE 1.000000, 1.000000, 1.000000
X -0.449939, -0.622217, -0.640626
Y -0.856488, 0.097470, 0.506880
Z -0.252947, 0.776754, -0.576777

PART 23
OFFSET -3.702985, -9.413248, 47.293360
SCALE 1.000000, 1.000000, 1.000000
X -0.449939, -0.622217, -0.640626
Y -0.869312, 0.140827, 0.473776
Z -0.204573, 0.770074, -0.604264

PART 24
OFFSET -4.254368, -10.175600, 46.508369
SCALE 1.000000, 1.000000, 1.000000
X -0.449939, -0.622217, -0.640626
Y -0.879428, 0.183846, 0.439098
Z -0.155438, 0.760952, -0.629914

PART 25
OFFSET -0.946067, -5.601492, 51.218319
SCALE 1.000000, 1.000000, 1.000000
X -0.449939, -0.622217, -0.640626
Y -0.775099, -0.084235, 0.626200
Z -0.443595, 0.778300, -0.444378

PART 26
OFFSET 18.334288, -3.403723, 55.010981
SCALE 1.000000, 1.000000, 1.000000
X -0.012872, -0.999915, 0.002113
Y 0.999900, -0.012885, -0.005907
Z 0.005934, 0.002037, 0.999980

PART 27
OFFSET 6.769168, -3.246791, 58.819162
SCALE 1.000000, 1.000000, 1.000000
X 0.999900, -0.012885, -0.005907
Y 0.012872, 0.999915, -0.002113
Z 0.005934, 0.002037, 0.999980

PART 28
OFFSET 14.874118, -3.356521, 56.268411
SCALE 1.000000, 1.000000, 1.000000
X 0.999900, -0.012885, -0.005907
Y 0.012872, 0.999915, -0.002113
Z 0.005934, 0.002037, 0.999980

PART 29
OFFSET 14.118795, -3.346788, 56.272873
SCALE 1.000000, 1.000000, 1.000000
X 0.999900, -0.012885, -0.005907
Y 0.012872, 0.999915, -0.002113
Z 0.005934, 0.002037, 0.999980

PART 30
OFFSET 11.502987, -2.535871, 58.218175
SCALE 1.000000, 1.000000, 1.000000
X 0.999900, -0.012885, -0.005907
Y 0.012872, 0.999915, -0.002113
Z 0.005934, 0.002037, 0.999980

PART 31
OFFSET 10.614059, -3.298236, 57.897307
SCALE 1.000000, 1.000000, 1.000000
X 0.999900, -0.012885, -0.005907
Y 0.012872, 0.999915, -0.002113
Z 0.005934, 0.002037, 0.999980

PART 32
OFFSET 39.213718, -3.671380, 55.547501
SCALE 1.000000, 1.000000, 1.000000
X 0.999900, -0.012885, -0.005907
Y 0.012872, 0.999915, -0.002113
Z 0.005934, 0.002037, 0.999980

PART 33
OFFSET 36.878799, -2.365328, 55.149962
SCALE 1.000000, 1.000000, 1.000000
X -0.999900, 0.012885, 0.005907
Y -0.001013, -0.480662, 0.876905
Z 0.014138, 0.876811, 0.480627

PART 34
OFFSET 36.845930, -4.918561, 55.155358
SCALE 1.000000, 1.000000, 1.000000
X -0.999900, 0.012885, 0.005907
Y 0.011408, 0.484231, 0.874866
Z 0.008412, 0.874846, -0.484329

PART 35
OFFSET 16.443100, 3.114447, 44.615685
SCALE 1.000000, 1.000000, 1.000000
X 0.286767, 0.838305, 0.463691
Y -0.946994, 0.321214, 0.004942
Z -0.144801, -0.440530, 0.885983

PART 36
OFFSET 16.599616, 3.516191, 44.840002
SCALE 1.000000, 1.000000, 1.000000
X 0.232643, 0.910053, 0.343047
Y -0.969300, 0.245827, 0.005203
Z -0.079596, -0.333726, 0.939304

PART 37
OFFSET 16.718890, 3.950487, 45.004155
SCALE 1.000000, 1.000000, 1.000000
X 0.152213, 0.972890, 0.174115
Y -0.988118, 0.153598, 0.005572
Z -0.021323, -0.172895, 0.984709

PART 38
OFFSET 16.795997, 4.423338, 45.089112
SCALE 1.000000, 1.000000, 1.000000
X 0.053815, 0.997761, -0.039709
Y -0.998519, 0.054086, 0.005800
Z 0.007935, 0.039338, 0.999194

PART 39
OFFSET 16.823207, 4.905222, 45.070807
SCALE 1.000000, 1.000000, 1.000000
X -0.032465, 0.962713, -0.268568
Y -0.999469, -0.032038, 0.005973
Z -0.002855, 0.268620, 0.963242

PART 40
OFFSET 16.804738, 5.373964, 44.941206
SCALE 1.000000, 1.000000, 1.000000
X -0.081206, 0.871686, -0.483289
Y -0.995973, -0.089448, 0.006020
Z -0.037982, 0.481832, 0.875440

PART 41
OFFSET 16.755637, 5.790840, 44.711052
SCALE 1.000000, 1.000000, 1.000000
X -0.093514, 0.747735, -0.657379
Y -0.992897, -0.118818, 0.006093
Z -0.073552, 0.653280, 0.753536

PART 42
OFFSET 16.688312, 6.153068, 44.392115
SCALE 1.000000, 1.000000, 1.000000
X -0.085861, 0.620188, -0.779740
Y -0.991554, -0.129553, 0.006141
Z -0.097209, 0.773681, 0.626073

PART 43
OFFSET 16.619708, 6.442438, 44.026754
SCALE 1.000000, 1.000000, 1.000000
X -0.072050, 0.504752, -0.860252
Y -0.991349, -0.131108, 0.006103
Z -0.109705, 0.853250, 0.509832

PART 44
OFFSET 16.550227, 6.683941, 43.609530
SCALE 1.000000, 1.000000, 1.000000
X -0.058690, 0.408080, -0.911058
Y -0.991610, -0.129124, 0.006042
Z -0.115174, 0.903769, 0.412235

PART 45
OFFSET 16.488678, 6.875695, 43.174475
SCALE 1.000000, 1.000000, 1.000000
X -0.047840, 0.330143, -0.942718
Y -0.991993, -0.126139, 0.006166
Z -0.116878, 0.935465, 0.333534

PART 46
OFFSET 16.433773, 7.032465, 42.717801
SCALE 1.000000, 1.000000, 1.000000
X -0.038951, 0.266293, -0.963105
Y -0.992389, -0.122989, 0.006129
Z -0.116820, 0.956013, 0.269057

PART 47
OFFSET 16.387619, 7.156763, 42.258161
SCALE 1.000000, 1.000000, 1.000000
X -0.031718, 0.212919, -0.976555
Y -0.992772, -0.119860, 0.006112
Z -0.115748, 0.969690, 0.215182

PART 48
OFFSET 16.348832, 7.257480, 41.784500
SCALE 1.000000, 1.000000, 1.000000
X -0.025875, 0.167271, -0.985571
Y -0.993038, -0.117636, 0.006106
Z -0.114917, 0.978868, 0.169150

PART 49
OFFSET 16.318618, 7.335585, 41.312633
SCALE 1.000000, 1.000000, 1.000000
X -0.021025, 0.127813, -0.991575
Y -0.993258, -0.115760, 0.006139
Z -0.114000, 0.985020, 0.129385

PART 50
OFFSET 16.295913, 7.396312, 40.831170
SCALE 1.000000, 1.000000, 1.000000
X -0.016857, 0.092960, -0.995527
Y -0.993416, -0.114398, 0.006139
Z -0.113316, 0.989076, 0.094276

PART 51
OFFSET 16.281180, 7.439887, 40.355918
SCALE 1.000000, 1.000000, 1.000000
X -0.013258, 0.061498, -0.998019
Y -0.993526, -0.113437, 0.006208
Z -0.112831, 0.991640, 0.062604

PART 52
OFFSET 16.273864, 7.469209, 39.877973
SCALE 1.000000, 1.000000, 1.000000
X -0.009856, 0.032384, -0.999427
Y -0.993594, -0.112839, 0.006142
Z -0.112575, 0.993085, 0.033289

PART 53
OFFSET 16.273807, 7.485272, 39.391654
SCALE 1.000000, 1.000000, 1.000000
X -0.006843, 0.005595, -0.999961
Y -0.993616, -0.112643, 0.006169
Z -0.112604, 0.993620, 0.006330

PART 54
OFFSET 16.281542, 7.489458, 38.916133
SCALE 1.000000, 1.000000, 1.000000
X -0.006843, 0.005595, -0.999961
Y -0.993616, -0.112643, 0.006169
Z -0.112604, 0.993620, 0.006330

PART 55
OFFSET 19.415775, -3.412870, 57.636763
SCALE 1.000000, 1.000000, 1.000000
X 0.012872, 0.999915, -0.002113
Y -0.999900, 0.012885, 0.005907
Z 0.005934, 0.002037, 0.999980

PART 56
OFFSET 6.667621, -3.255603, 58.610772
SCALE 1.000000, 1.000000, 1.000000
X 0.012872, 0.999915, -0.002113
Y -0.999900, 0.012885, 0.005907
Z 0.005934, 0.002037, 0.999980

PART 57
OFFSET 14.128343, -4.879430, 56.654373
SCALE 1.000000, 1.000000, 1.000000
X 0.012872, 0.999915, -0.002113
Y -0.999900, 0.012885, 0.005907
Z 0.005934, 0.002037, 0.999980

PART 58
OFFSET 18.470028, -3.393496, 57.374528
SCALE 1.000000, 1.000000, 1.000000
X 0.012870, 0.999915, -0.002115
Y -0.999900, 0.012883, 0.005905
Z 0.005932, 0.002039, 0.999980

PART 59
OFFSET 15.397125, -2.351629, 56.176829
SCALE 1.000000, 1.000000, 1.000000
X 0.012872, 0.999915, -0.002113
Y -0.999900, 0.012885, 0.005907
Z 0.005934, 0.002037, 0.999980

PART 60
OFFSET 12.941879, -1.949384, 53.451797
SCALE 1.000000, 1.000000, 1.000000
X 0.947578, -0.311793, 0.069869
Y -0.148006, -0.622093, -0.768826
Z 0.283180, 0.718182, -0.635629

PART 61
OFFSET 12.869421, -2.644196, 52.494167
SCALE 1.000000, 1.000000, 1.000000
X 0.298894, -0.890815, 0.342213
Y -0.356413, 0.228448, 0.905970
Z -0.885230, -0.392758, -0.249216

PART 62
OFFSET 9.794681, -2.758008, 51.711364
SCALE 1.000000, 1.000000, 1.000000
X 0.669945, -0.701935, 0.241786
Y -0.631889, -0.368159, 0.682038
Z -0.389731, -0.609710, -0.690191

PART 63
OFFSET 10.457495, -2.376217, 51.890357
SCALE 1.000000, 1.000000, 1.000000
X 0.825916, -0.548901, 0.128728
Y -0.460418, -0.524887, 0.715898
Z -0.325389, -0.650540, -0.686236

PART 64
OFFSET 10.312646, -0.990739, 53.628368
SCALE 1.000000, 1.000000, 1.000000
X 0.936594, -0.268543, 0.225113
Y -0.045257, -0.729739, -0.682226
Z 0.347481, 0.628781, -0.695623

PART 65
OFFSET 3.099523, -4.250051, 54.302032
SCALE 1.000000, 1.000000, 1.000000
X -0.955765, -0.061656, -0.287597
Y -0.293643, 0.256350, 0.920901
Z 0.016947, 0.964616, -0.263115

PART 66
OFFSET 3.175533, -4.676184, 53.213629
SCALE 1.000000, 1.000000, 1.000000
X -0.394694, -0.900229, 0.183862
Y 0.878613, -0.428335, -0.211113
Z 0.268804, 0.078218, 0.960014

PART 67
OFFSET 1.017697, -4.592699, 51.353797
SCALE 1.000000, 1.000000, 1.000000
X 0.974246, 0.223039, -0.033125
Y -0.038608, 0.020269, -0.999049
Z -0.222156, 0.974599, 0.028358

PART 68
OFFSET 1.333473, -4.757285, 52.040990
SCALE 1.000000, 1.000000, 1.000000
X 0.984273, 0.160732, 0.073298
Y 0.078795, -0.028085, -0.996495
Z -0.158110, 0.986598, -0.040308

PART 69
OFFSET 0.177590, -4.223410, 53.156926
SCALE 1.000000, 1.000000, 1.000000
X -0.555431, -0.740731, -0.377906
Y -0.810284, 0.379952, 0.446179
Z -0.186913, 0.554033, -0.811240

PART 70
OFFSET 13.062947, -2.006856, 53.203360
SCALE 1.000000, 1.000000, 1.000000
X 0.539091, -0.839914, -0.062657
Y -0.395815, -0.318310, 0.861400
Z -0.743446, -0.439572, -0.504048

PART 71
OFFSET 12.941879, -1.949384, 53.451797
SCALE 1.000000, 1.000000, 1.000000
X 0.947578, -0.311793, 0.069869
Y -0.148006, -0.622093, -0.768826
Z 0.283180, 0.718182, -0.635629

PART 72
OFFSET 13.480134, -4.464324, 53.193368
SCALE 1.000000, 1.000000, 1.000000
X -0.241042, -0.070939, 0.967919
Y -0.397859, 0.916892, -0.031880
Z -0.885216, -0.392780, -0.249233

PART 73
OFFSET 11.595211, -4.238339, 52.414155
SCALE 1.000000, 1.000000, 1.000000
X 0.182512, -0.471394, 0.862831
Y -0.426014, 0.752999, 0.501502
Z -0.886116, -0.459109, -0.063389

PART 74
OFFSET 12.331339, -3.629331, 52.308024
SCALE 1.000000, 1.000000, 1.000000
X 0.185426, -0.632861, 0.751734
Y -0.524015, 0.583470, 0.620461
Z -0.831279, -0.508969, -0.223438

PART 75
OFFSET 12.078286, -1.584514, 54.283339
SCALE 1.000000, 1.000000, 1.000000
X 0.950963, -0.307845, -0.030002
Y -0.283072, -0.827118, -0.485536
Z 0.124654, 0.470220, -0.873702

PART 76
OFFSET 2.915075, -4.485511, 54.126416
SCALE 1.000000, 1.000000, 1.000000
X -0.999588, -0.024790, 0.014485
Y 0.026146, -0.994396, 0.102433
Z 0.011865, 0.102769, 0.994634

PART 77
OFFSET 3.099523, -4.250051, 54.302032
SCALE 1.000000, 1.000000, 1.000000
X -0.955765, -0.061656, -0.287597
Y -0.293643, 0.256350, 0.920901
Z 0.016947, 0.964616, -0.263115

PART 78
OFFSET 3.982012, -2.836786, 52.837917
SCALE 1.000000, 1.000000, 1.000000
X 0.843741, -0.499873, -0.195520
Y 0.464591, 0.862560, -0.200364
Z 0.268804, 0.078218, 0.960014

PART 79
OFFSET 3.167014, -4.220055, 51.182745
SCALE 1.000000, 1.000000, 1.000000
X -0.048710, -0.988950, -0.140021
Y 0.853862, 0.031504, -0.519545
Z 0.518215, -0.144865, 0.842892

PART 80
OFFSET 3.256943, -4.405079, 52.187074
SCALE 1.000000, 1.000000, 1.000000
X -0.290753, -0.954682, 0.063604
Y 0.893782, -0.294729, -0.338067
Z 0.341492, -0.041445, 0.938970

PART 81
OFFSET 1.263685, -2.586315, 53.989153
SCALE 1.000000, 1.000000, 1.000000
X -0.917988, -0.392160, -0.059235
Y -0.372449, 0.801067, 0.468587
Z -0.136310, 0.452219, -0.881429

PART 82
OFFSET 14.023518, -3.503420, 53.091741
SCALE 1.000000, 1.000000, 1.000000
X 0.232390, -0.876524, 0.421545
Y -0.627099, 0.196266, 0.753808
Z -0.743466, -0.439528, -0.504058

PART 83
OFFSET 13.197534, -4.547490, 54.328133
SCALE 1.000000, 1.000000, 1.000000
X -0.386609, 0.323271, 0.863730
Y -0.258702, 0.860936, -0.438022
Z -0.885216, -0.392792, -0.249215

PART 84
OFFSET 11.833594, -4.854039, 53.541143
SCALE 1.000000, 1.000000, 1.000000
X -0.145568, 0.145819, 0.978543
Y -0.440009, 0.876332, -0.196044
Z -0.886116, -0.459106, -0.063404

PART 85
OFFSET 12.635238, -4.666573, 53.540091
SCALE 1.000000, 1.000000, 1.000000
X -0.318518, 0.106674, 0.941895
Y -0.455606, 0.854120, -0.250804
Z -0.831246, -0.509019, -0.223451

PART 86
OFFSET 13.383381, -2.037736, 54.250379
SCALE 1.000000, 1.000000, 1.000000
X 0.976812, 0.108135, 0.184784
Y 0.199918, -0.769562, -0.606471
Z 0.076622, 0.629350, -0.773336

PART 87
OFFSET 4.696178, -4.441351, 54.100571
SCALE 1.000000, 1.000000, 1.000000
X -0.316408, -0.943207, 0.101230
Y 0.948549, -0.315911, 0.021326
Z 0.011865, 0.102769, 0.994634

PART 88
OFFSET 2.992795, -2.250746, 53.067177
SCALE 1.000000, 1.000000, 1.000000
X 0.921813, 0.268164, -0.279907
Y -0.279341, 0.960192, -0.000039
Z 0.268754, 0.078225, 0.960027

PART 89
OFFSET 3.230665, -2.928335, 51.365590
SCALE 1.000000, 1.000000, 1.000000
X 0.643365, -0.583323, -0.495798
Y 0.563502, 0.799217, -0.209086
Z 0.518215, -0.144865, 0.842892

PART 90
OFFSET 3.733471, -2.840435, 52.082832
SCALE 1.000000, 1.000000, 1.000000
X 0.807604, -0.498104, -0.315702
Y 0.480789, 0.866126, -0.136627
Z 0.341492, -0.041445, 0.938970

PART 91
OFFSET 2.059024, -2.176239, 54.086715
SCALE 1.000000, 1.000000, 1.000000
X -0.945541, 0.112005, 0.305626
Y 0.240000, 0.874182, 0.422143
Z -0.219890, 0.472504, -0.853457

PART 92
OFFSET 14.244058, -4.335284, 53.491816
SCALE 1.000000, 1.000000, 1.000000
X -0.113472, -0.659888, 0.742746
Y -0.659076, 0.609405, 0.440732
Z -0.743467, -0.439516, -0.504067

PART 93
OFFSET 11.723222, -4.743482, 54.283057
SCALE 1.000000, 1.000000, 1.000000
X -0.294430, 0.451988, 0.842032
Y -0.357924, 0.764806, -0.535688
Z -0.886116, -0.459106, -0.063404

PART 94
OFFSET 12.293292, -4.552052, 54.551278
SCALE 1.000000, 1.000000, 1.000000
X -0.389143, 0.245759, 0.887790
Y -0.396987, 0.824926, -0.402367
Z -0.831246, -0.509019, -0.223451

PART 95
OFFSET 4.996394, -3.546206, 54.004525
SCALE 1.000000, 1.000000, 1.000000
X 0.107960, -0.989022, 0.100902
Y 0.994084, 0.106183, -0.022829
Z 0.011865, 0.102769, 0.994634

PART 96
OFFSET 2.742871, -2.485981, 51.741570
SCALE 1.000000, 1.000000, 1.000000
X 0.851009, 0.185348, -0.491354
Y -0.085053, 0.971938, 0.219325
Z 0.518217, -0.144857, 0.842892

PART 97
OFFSET 2.866401, -2.305676, 52.421756
SCALE 1.000000, 1.000000, 1.000000
X 0.901006, 0.298855, -0.314443
Y -0.267591, 0.953398, 0.139380
Z 0.341443, -0.041440, 0.938988

PART 98
OFFSET -0.106364, -0.000001, 59.999999
SCALE 1.000000, 1.000000, 1.000000
X 1.000000, 0.000000, 0.000000
Y 0.000000, 1.000000, 0.000000
Z 0.000000, 0.000000, 1.000000

PART 99
OFFSET -0.106364, -0.000001, 59.999999
SCALE 1.000000, 1.000000, 1.000000
X 0.999994, -0.003296, -0.000641
Y 0.003296, 0.999995, -0.000154
Z 0.000641, 0.000152, 1.000000

PART 100
OFFSET -4.739111, 0.015057, 58.626193
SCALE 1.000000, 1.000000, 1.000000
X 0.999994, -0.003296, -0.000641
Y 0.003296, 0.999995, -0.000154
Z 0.000641, 0.000152, 1.000000

PART 101
OFFSET 1.436830, -0.004452, 64.134833
SCALE 1.000000, 1.000000, 1.000000
X 0.999994, -0.003296, -0.000641
Y 0.003296, 0.999995, -0.000154
Z 0.000641, 0.000152, 1.000000

PART 102
OFFSET 1.436830, -0.004452, 64.134833
SCALE 1.000000, 1.000000, 1.000000
X 0.999994, -0.003296, -0.000641
Y 0.003296, 0.999995, -0.000154
Z 0.000641, 0.000152, 1.000000

FRAME 2
PART 0
OFFSET -1.009664, -0.000001, 52.513799
SCALE 1.000000, 1.000000, 1.000000
X 1.000000, 0.000000, 0.000000
Y 0.000000, 1.000000, 0.000000
Z 0.000000, 0.000000, 1.000000

PART 1
OFFSET -6.799153, 5.781900, 51.262096
SCALE 1.000000, 1.000000, 1.000000
