// Export filename: 'C:\Program Files (x86)\Steam\steamapps\common\Call of Duty Black Ops III\xanim_export\tbd\s2\lmg_m1919\vm_lmg_m1919_s2_sprint_loop.xanim_export'
// Source filename: 'C:\Users\Ash\Documents\WW2 M1919\wpn_s2_lmg_m1919_rig.mb'
// Export time: Sun Nov 19 2017, 21:05:14

ANIMATION
VERSION 3

NUMPARTS 103
PART 0 "tag_torso"
PART 1 "j_shoulder_le"
PART 2 "j_shoulder_ri"
PART 3 "tag_weapon_left"
PART 4 "tag_weapon_right"
PART 5 "j_elbow_le"
PART 6 "j_elbow_ri"
PART 7 "tag_weapon"
PART 8 "j_elbow_bulge_le"
PART 9 "j_wrist_le"
PART 10 "j_wristtwist1_le"
PART 11 "j_wristtwist2_le"
PART 12 "j_wristtwist3_le"
PART 13 "j_wristtwist4_le"
PART 14 "j_wristtwist5_le"
PART 15 "j_wristtwist6_le"
PART 16 "j_wristtwist_le"
PART 17 "j_elbow_bulge_ri"
PART 18 "j_wrist_ri"
PART 19 "j_wristtwist1_ri"
PART 20 "j_wristtwist2_ri"
PART 21 "j_wristtwist3_ri"
PART 22 "j_wristtwist4_ri"
PART 23 "j_wristtwist5_ri"
PART 24 "j_wristtwist6_ri"
PART 25 "j_wristtwist_ri"
PART 26 "tag_brass"
PART 27 "tag_red_dot"
PART 28 "tag_sight_off"
PART 29 "tag_sight_on"
PART 30 "tag_ui_ammo"
PART 31 "tag_ui_ammo_ads"
PART 32 "tag_silencer"
PART 33 "bipod_l"
PART 34 "bipod_r"
PART 35 "tag_bullet01"
PART 36 "tag_bullet02"
PART 37 "tag_bullet03"
PART 38 "tag_bullet04"
PART 39 "tag_bullet05"
PART 40 "tag_bullet06"
PART 41 "tag_bullet07"
PART 42 "tag_bullet08"
PART 43 "tag_bullet09"
PART 44 "tag_bullet10"
PART 45 "tag_bullet11"
PART 46 "tag_bullet12"
PART 47 "tag_bullet13"
PART 48 "tag_bullet14"
PART 49 "tag_bullet15"
PART 50 "tag_bullet16"
PART 51 "tag_bullet17"
PART 52 "tag_bullet18"
PART 53 "tag_bullet19"
PART 54 "tag_bullet20"
PART 55 "front_pin"
PART 56 "peephole"
PART 57 "charging_handle"
PART 58 "hatch"
PART 59 "pin"
PART 60 "j_indexbase_le"
PART 61 "j_mid_le_1"
PART 62 "j_pinkybase_le"
PART 63 "j_ringbase_le"
PART 64 "j_thumb_le_1"
PART 65 "j_indexbase_ri"
PART 66 "j_mid_ri_1"
PART 67 "j_pinkybase_ri"
PART 68 "j_ringbase_ri"
PART 69 "j_thumb_ri_1"
PART 70 "j_index_le_1"
PART 71 "j_indexretract_le"
PART 72 "j_mid_le_2"
PART 73 "j_pinky_le_1"
PART 74 "j_ring_le_1"
PART 75 "j_thumb_le_2"
PART 76 "j_index_ri_1"
PART 77 "j_indexretract_ri"
PART 78 "j_mid_ri_2"
PART 79 "j_pinky_ri_1"
PART 80 "j_ring_ri_1"
PART 81 "j_thumb_ri_2"
PART 82 "j_index_le_2"
PART 83 "j_mid_le_3"
PART 84 "j_pinky_le_2"
PART 85 "j_ring_le_2"
PART 86 "j_thumb_le_3"
PART 87 "j_index_ri_2"
PART 88 "j_mid_ri_3"
PART 89 "j_pinky_ri_2"
PART 90 "j_ring_ri_2"
PART 91 "j_thumb_ri_3"
PART 92 "j_index_le_3"
PART 93 "j_pinky_le_3"
PART 94 "j_ring_le_3"
PART 95 "j_index_ri_3"
PART 96 "j_pinky_ri_3"
PART 97 "j_ring_ri_3"
PART 98 "tag_cambone"
PART 99 "tag_camera"
PART 100 "tag_fill_light"
PART 101 "tag_flashlight"
PART 102 "tag_gasmask"

FRAMERATE 30
NUMFRAMES 17

FRAME 0
PART 0
OFFSET -1.009664, -0.000001, 52.513799
SCALE 1.000000, 1.000000, 1.000000
X 1.000000, 0.000000, 0.000000
Y 0.000000, 1.000000, 0.000000
Z 0.000000, 0.000000, 1.000000

PART 1
OFFSET -7.649464, 5.183721, 50.786395
SCALE 1.000000, 1.000000, 1.000000
X 0.482294, -0.407214, -0.775609
Y -0.782096, 0.198678, -0.590638
Z 0.394613, 0.891462, -0.222659

PART 2
OFFSET -10.644414, -6.173358, 52.224870
SCALE 1.000000, 1.000000, 1.000000
X -0.466607, 0.583342, 0.664823
Y 0.844757, 0.071237, 0.530388
Z 0.262037, 0.809097, -0.526022

PART 3
OFFSET 1.122215, -4.869339, 51.926857
SCALE 1.000000, 1.000000, 1.000000
X 0.796778, 0.535736, -0.279519
Y -0.596550, 0.771095, -0.222577
Z 0.096293, 0.344092, 0.933985

PART 4
OFFSET 1.121590, -4.869901, 51.924958
SCALE 1.000000, 1.000000, 1.000000
X 0.796817, 0.535692, -0.279494
Y -0.596479, 0.771202, -0.222394
Z 0.096412, 0.343920, 0.934036

PART 5
OFFSET -2.103835, 0.876014, 43.369423
SCALE 1.000000, 1.000000, 1.000000
X 0.669485, -0.112817, 0.734208
Y 0.629409, -0.438771, -0.641346
Z 0.394504, 0.891489, -0.222742

PART 6
OFFSET -5.491563, -11.872503, 46.026555
SCALE 1.000000, 1.000000, 1.000000
X -0.392196, -0.408515, -0.824195
Y -0.881726, 0.422320, 0.210247
Z 0.262185, 0.809173, -0.525831

PART 7
OFFSET 1.121590, -4.869901, 51.924958
SCALE 1.000000, 1.000000, 1.000000
X 0.796817, 0.535692, -0.279494
Y -0.596479, 0.771202, -0.222394
Z 0.096412, 0.343920, 0.934036

PART 8
OFFSET -2.103835, 0.876014, 43.369423
SCALE 1.000000, 1.000000, 1.000000
X 0.669485, -0.112817, 0.734208
Y 0.629409, -0.438771, -0.641346
Z 0.394504, 0.891489, -0.222742

PART 9
OFFSET 4.732707, -0.346358, 50.756532
SCALE 1.000000, 1.000000, 1.000000
X 0.957758, 0.042189, 0.284463
Y -0.004516, -0.986852, 0.161564
Z 0.287539, -0.156024, -0.944975

PART 10
OFFSET 2.819777, 0.045650, 48.768905
SCALE 1.000000, 1.000000, 1.000000
X 0.669485, -0.112817, 0.734208
Y -0.124835, -0.991430, -0.038511
Z 0.732261, -0.065872, -0.677831

PART 11
OFFSET 1.999176, 0.184046, 47.868993
SCALE 1.000000, 1.000000, 1.000000
X 0.669485, -0.112817, 0.734208
Y 0.027288, -0.983997, -0.176082
Z 0.742324, 0.137920, -0.655693

PART 12
OFFSET 1.178572, 0.322439, 46.969079
SCALE 1.000000, 1.000000, 1.000000
X 0.669485, -0.112817, 0.734208
Y 0.178297, -0.935100, -0.306266
Z 0.721110, 0.335948, -0.605920

PART 13
OFFSET 0.357969, 0.460835, 46.069164
SCALE 1.000000, 1.000000, 1.000000
X 0.669485, -0.112817, 0.734208
Y 0.312964, -0.853555, -0.416531
Z 0.673679, 0.508642, -0.536135

PART 14
OFFSET -0.462634, 0.599227, 45.169252
SCALE 1.000000, 1.000000, 1.000000
X 0.669485, -0.112817, 0.734208
Y 0.435616, -0.740975, -0.511072
Z 0.601688, 0.661988, -0.446927

PART 15
OFFSET -1.283234, 0.737623, 44.269338
SCALE 1.000000, 1.000000, 1.000000
X 0.669485, -0.112817, 0.734208
Y 0.542536, -0.600868, -0.587038
Z 0.507390, 0.791347, -0.341065

PART 16
OFFSET 3.640378, -0.092745, 49.668817
SCALE 1.000000, 1.000000, 1.000000
X 0.669485, -0.112817, 0.734208
Y -0.262411, -0.960592, 0.091676
Z 0.694932, -0.254040, -0.672706

PART 17
OFFSET -5.491563, -11.872503, 46.026555
SCALE 1.000000, 1.000000, 1.000000
X -0.392196, -0.408515, -0.824195
Y -0.881726, 0.422320, 0.210247
Z 0.262185, 0.809173, -0.525831

PART 18
OFFSET -1.169805, -7.577793, 54.398471
SCALE 1.000000, 1.000000, 1.000000
X -0.757780, -0.652027, 0.025101
Y -0.287181, 0.367808, 0.884446
Z -0.585915, 0.663007, -0.465968

PART 19
OFFSET -2.607946, -8.869613, 52.086123
SCALE 1.000000, 1.000000, 1.000000
X -0.392196, -0.408515, -0.824195
Y -0.919517, 0.148854, 0.363774
Z -0.025923, 0.900532, -0.434016

PART 20
OFFSET -3.088549, -9.370096, 51.076198
SCALE 1.000000, 1.000000, 1.000000
X -0.392196, -0.408515, -0.824195
Y -0.919544, 0.198383, 0.339238
Z 0.024923, 0.890932, -0.453453

PART 21
OFFSET -3.569153, -9.870576, 50.066267
SCALE 1.000000, 1.000000, 1.000000
X -0.392196, -0.408515, -0.824195
Y -0.916761, 0.247318, 0.313659
Z 0.075704, 0.878606, -0.471508

PART 22
OFFSET -4.049758, -10.371060, 49.056339
SCALE 1.000000, 1.000000, 1.000000
X -0.392196, -0.408515, -0.824195
Y -0.911617, 0.292443, 0.288845
Z 0.123032, 0.864634, -0.487104

PART 23
OFFSET -4.530360, -10.871539, 48.046411
SCALE 1.000000, 1.000000, 1.000000
X -0.392196, -0.408515, -0.824195
Y -0.904065, 0.336612, 0.263359
Z 0.169848, 0.848415, -0.501342

PART 24
OFFSET -5.010964, -11.372022, 47.036485
SCALE 1.000000, 1.000000, 1.000000
X -0.392196, -0.408515, -0.824195
Y -0.894084, 0.379991, 0.237108
Z 0.216325, 0.829893, -0.514278

PART 25
OFFSET -2.127342, -8.369131, 53.096049
SCALE 1.000000, 1.000000, 1.000000
X -0.392196, -0.408515, -0.824195
Y -0.916950, 0.102139, 0.385708
Z -0.073385, 0.907019, -0.414646

PART 26
OFFSET 12.802872, 4.059726, 51.560318
SCALE 1.000000, 1.000000, 1.000000
X 0.596479, -0.771202, 0.222394
Y 0.796817, 0.535692, -0.279494
Z 0.096412, 0.343920, 0.934036

PART 27
OFFSET 3.929540, -0.861936, 58.292336
SCALE 1.000000, 1.000000, 1.000000
X 0.796817, 0.535692, -0.279494
Y -0.596479, 0.771202, -0.222394
Z 0.096412, 0.343920, 0.934036

PART 28
OFFSET 10.158882, 2.627440, 53.684938
SCALE 1.000000, 1.000000, 1.000000
X 0.796817, 0.535692, -0.279494
Y -0.596479, 0.771202, -0.222394
Z 0.096412, 0.343920, 0.934036

PART 29
OFFSET 9.556968, 2.222779, 53.896067
SCALE 1.000000, 1.000000, 1.000000
X 0.796817, 0.535692, -0.279494
Y -0.596479, 0.771202, -0.222394
Z 0.096412, 0.343920, 0.934036

PART 30
OFFSET 7.180467, 2.070334, 56.265295
SCALE 1.000000, 1.000000, 1.000000
X 0.796817, 0.535692, -0.279494
Y -0.596479, 0.771202, -0.222394
Z 0.096412, 0.343920, 0.934036

PART 31
OFFSET 6.911087, 0.891579, 56.376296
SCALE 1.000000, 1.000000, 1.000000
X 0.796817, 0.535692, -0.279494
Y -0.596479, 0.771202, -0.222394
Z 0.096412, 0.343920, 0.934036

PART 32
OFFSET 29.502124, 15.470635, 46.341483
SCALE 1.000000, 1.000000, 1.000000
X 0.796817, 0.535692, -0.279494
Y -0.596479, 0.771202, -0.222394
Z 0.096412, 0.343920, 0.934036

PART 33
OFFSET 26.829325, 15.056251, 46.332359
SCALE 1.000000, 1.000000, 1.000000
X -0.796851, -0.535662, 0.279453
Y 0.372224, -0.070927, 0.925429
Z -0.475896, 0.841448, 0.255905

PART 34
OFFSET 28.352405, 13.087024, 46.900232
SCALE 1.000000, 1.000000, 1.000000
X -0.796845, -0.535641, 0.279511
Y -0.203335, 0.673391, 0.710774
Z -0.568940, 0.509543, -0.645503

PART 35
OFFSET 11.655519, 3.677191, 53.430108
SCALE 1.000000, 1.000000, 1.000000
X -0.425270, 0.905066, -0.000984
Y -0.878151, -0.412359, 0.242509
Z 0.219081, 0.103996, 0.970149

PART 36
OFFSET 11.451520, 4.117460, 53.428709
SCALE 1.000000, 1.000000, 1.000000
X -0.494074, 0.851325, -0.176457
Y -0.858627, -0.445906, 0.252838
Z 0.136564, 0.276432, 0.951281

PART 37
OFFSET 11.215094, 4.525908, 53.343997
SCALE 1.000000, 1.000000, 1.000000
X -0.553689, 0.699864, -0.451241
Y -0.832022, -0.487189, 0.265303
Z -0.034163, 0.522338, 0.852054

PART 38
OFFSET 10.944089, 4.865729, 53.124577
SCALE 1.000000, 1.000000, 1.000000
X -0.515225, 0.406109, -0.754731
Y -0.810195, -0.517980, 0.274372
Z -0.279511, 0.752843, 0.595904

PART 39
OFFSET 10.686236, 5.056015, 52.763543
SCALE 1.000000, 1.000000, 1.000000
X -0.371683, 0.085831, -0.924383
Y -0.806562, -0.522892, 0.275757
Z -0.459685, 0.848066, 0.263578

PART 40
OFFSET 10.491435, 5.087796, 52.321019
SCALE 1.000000, 1.000000, 1.000000
X -0.239205, -0.135340, -0.961491
Y -0.809924, -0.518357, 0.274462
Z -0.535541, 0.844387, 0.014379

PART 41
OFFSET 10.365325, 5.016192, 51.862096
SCALE 1.000000, 1.000000, 1.000000
X -0.150526, -0.268049, -0.951573
Y -0.812119, -0.515350, 0.273635
Z -0.563741, 0.813980, -0.140114

PART 42
OFFSET 10.287953, 4.886291, 51.402030
SCALE 1.000000, 1.000000, 1.000000
X -0.093649, -0.347781, -0.932887
Y -0.812682, -0.514578, 0.273417
Z -0.575132, 0.783746, -0.234445

PART 43
OFFSET 10.251470, 4.723140, 50.961670
SCALE 1.000000, 1.000000, 1.000000
X -0.055132, -0.398815, -0.915373
Y -0.812287, -0.515213, 0.273395
Z -0.580646, 0.758618, -0.295548

PART 44
OFFSET 10.238251, 4.537458, 50.512439
SCALE 1.000000, 1.000000, 1.000000
X -0.027217, -0.434733, -0.900148
Y -0.811233, -0.516551, 0.274000
Z -0.584089, 0.737687, -0.338611

PART 45
OFFSET 10.244087, 4.344233, 50.073085
SCALE 1.000000, 1.000000, 1.000000
X -0.005671, -0.460884, -0.887442
Y -0.809753, -0.518602, 0.274505
Z -0.586744, 0.720166, -0.370261

PART 46
OFFSET 10.270075, 4.136604, 49.635200
SCALE 1.000000, 1.000000, 1.000000
X 0.011379, -0.480925, -0.876688
Y -0.808022, -0.520896, 0.275260
Z -0.589042, 0.705251, -0.394525

PART 47
OFFSET 10.309128, 3.930870, 49.204987
SCALE 1.000000, 1.000000, 1.000000
X 0.025871, -0.497129, -0.867291
Y -0.806105, -0.523466, 0.276003
Z -0.591206, 0.691987, -0.414281

PART 48
OFFSET 10.359455, 3.715818, 48.770895
SCALE 1.000000, 1.000000, 1.000000
X 0.038762, -0.510800, -0.858825
Y -0.804015, -0.526289, 0.276731
Z -0.593345, 0.679781, -0.431091

PART 49
OFFSET 10.428158, 3.496487, 48.346638
SCALE 1.000000, 1.000000, 1.000000
X 0.050517, -0.522711, -0.851012
Y -0.801672, -0.529405, 0.277584
Z -0.595626, 0.668209, -0.445786

PART 50
OFFSET 10.503719, 3.279468, 47.918696
SCALE 1.000000, 1.000000, 1.000000
X 0.061096, -0.533086, -0.843852
Y -0.799345, -0.532441, 0.278485
Z -0.597758, 0.657514, -0.458650

PART 51
OFFSET 10.593325, 3.063968, 47.502609
SCALE 1.000000, 1.000000, 1.000000
X 0.070605, -0.541999, -0.837408
Y -0.796835, -0.535657, 0.279511
Z -0.600057, 0.647541, -0.469704

PART 52
OFFSET 10.682221, 2.853280, 47.087454
SCALE 1.000000, 1.000000, 1.000000
X 0.079698, -0.550026, -0.831336
Y -0.794401, -0.538829, 0.280341
Z -0.602143, 0.638071, -0.479885

PART 53
OFFSET 10.792592, 2.628833, 46.663800
SCALE 1.000000, 1.000000, 1.000000
X 0.088233, -0.557105, -0.825741
Y -0.791837, -0.542160, 0.281171
Z -0.604326, 0.629044, -0.488973

PART 54
OFFSET 10.901998, 2.417329, 46.253821
SCALE 1.000000, 1.000000, 1.000000
X 0.088233, -0.557105, -0.825741
Y -0.791837, -0.542160, 0.281171
Z -0.604326, 0.629044, -0.488973

PART 55
OFFSET 13.906497, 5.535410, 53.721057
SCALE 1.000000, 1.000000, 1.000000
X -0.596514, 0.771179, -0.222382
Y -0.796791, -0.535725, 0.279504
Z 0.096412, 0.343920, 0.934036

PART 56
OFFSET 3.835327, -0.994953, 58.127272
SCALE 1.000000, 1.000000, 1.000000
X -0.596514, 0.771179, -0.222382
Y -0.796791, -0.535725, 0.279504
Z 0.096412, 0.343920, 0.934036

PART 57
OFFSET 10.528883, 1.184624, 54.583145
SCALE 1.000000, 1.000000, 1.000000
X -0.596514, 0.771179, -0.222382
Y -0.796791, -0.535725, 0.279504
Z 0.096412, 0.343920, 0.934036

PART 58
OFFSET 13.123578, 4.943404, 53.733137
SCALE 1.000000, 1.000000, 1.000000
X -0.596514, 0.771179, -0.222382
Y -0.796791, -0.535725, 0.279504
Z 0.096412, 0.343920, 0.934036

PART 59
OFFSET 9.953885, 3.651462, 53.236510
SCALE 1.000000, 1.000000, 1.000000
X -0.596514, 0.771179, -0.222382
Y -0.796791, -0.535725, 0.279504
Z 0.096412, 0.343920, 0.934036

PART 60
OFFSET 8.066984, 0.848237, 51.492081
SCALE 1.000000, 1.000000, 1.000000
X 0.957758, 0.042189, 0.284463
Y -0.004516, -0.986852, 0.161564
Z 0.287539, -0.156024, -0.944975

PART 61
OFFSET 8.154187, -0.312849, 51.616884
SCALE 1.000000, 1.000000, 1.000000
X 0.936590, -0.086729, 0.339525
Y -0.253924, 0.499750, 0.828114
Z -0.241499, -0.861817, 0.446038

PART 62
OFFSET 5.278141, -1.514236, 51.387678
SCALE 1.000000, 1.000000, 1.000000
X 0.872408, -0.185173, 0.452343
Y -0.389553, 0.295547, 0.872296
Z -0.295214, -0.937210, 0.185703

PART 63
OFFSET 5.808306, -1.096076, 51.035270
SCALE 1.000000, 1.000000, 1.000000
X 0.926910, -0.126458, 0.353336
Y -0.307592, 0.283397, 0.908336
Z -0.215000, -0.950629, 0.223786

PART 64
OFFSET 5.239185, 1.094985, 50.876152
SCALE 1.000000, 1.000000, 1.000000
X 0.749467, 0.325732, 0.576366
Y 0.251232, -0.945400, 0.207607
Z 0.612521, -0.010793, -0.790381

PART 65
OFFSET 1.182515, -4.983083, 55.298801
SCALE 1.000000, 1.000000, 1.000000
X -0.757780, -0.652027, 0.025101
Y -0.287181, 0.367808, 0.884446
Z -0.585915, 0.663007, -0.465968

PART 66
OFFSET 1.383745, -5.644010, 54.353645
SCALE 1.000000, 1.000000, 1.000000
X 0.290370, -0.840607, 0.457237
Y 0.916246, 0.106416, -0.386224
Z 0.276006, 0.531090, 0.801102

PART 67
OFFSET -0.594582, -7.381382, 53.241218
SCALE 1.000000, 1.000000, 1.000000
X 0.642542, 0.673788, -0.364897
Y -0.150305, -0.356130, -0.922269
Z -0.751364, 0.647442, -0.127555

PART 68
OFFSET -0.171043, -7.100740, 53.825071
SCALE 1.000000, 1.000000, 1.000000
X 0.698787, 0.668381, -0.254879
Y -0.027698, -0.330761, -0.943308
Z -0.714793, 0.666231, -0.212619

PART 69
OFFSET -1.311512, -6.901559, 55.061587
SCALE 1.000000, 1.000000, 1.000000
X -0.069433, -0.996370, -0.049256
Y -0.882369, 0.038304, 0.468997
Z -0.465408, 0.076025, -0.881825

PART 70
OFFSET 8.257862, 0.548088, 51.200375
SCALE 1.000000, 1.000000, 1.000000
X 0.972471, -0.161813, 0.167679
Y -0.098510, 0.366639, 0.925133
Z -0.211176, -0.916183, 0.340606

PART 71
OFFSET 8.066984, 0.848237, 51.492081
SCALE 1.000000, 1.000000, 1.000000
X 0.957758, 0.042189, 0.284463
Y -0.004516, -0.986852, 0.161564
Z 0.287539, -0.156024, -0.944975

PART 72
OFFSET 10.067850, -0.490077, 52.310603
SCALE 1.000000, 1.000000, 1.000000
X -0.124335, 0.483330, 0.866564
Y -0.962382, 0.153890, -0.223916
Z -0.241581, -0.861806, 0.446014

PART 73
OFFSET 7.488583, -1.934472, 52.359512
SCALE 1.000000, 1.000000, 1.000000
X 0.671845, 0.396811, 0.625432
Y -0.739135, 0.413886, 0.531392
Z -0.047996, -0.819292, 0.571364

PART 74
OFFSET 7.914705, -1.273714, 51.893258
SCALE 1.000000, 1.000000, 1.000000
X 0.844372, 0.147408, 0.515080
Y -0.510068, 0.515312, 0.688683
Z -0.163910, -0.844230, 0.510303

PART 75
OFFSET 6.621556, 1.820861, 52.124817
SCALE 1.000000, 1.000000, 1.000000
X 0.833030, 0.360401, 0.419728
Y 0.331333, -0.932587, 0.143175
Z 0.443034, 0.019801, -0.896286

PART 76
OFFSET 1.154468, -5.324592, 55.242376
SCALE 1.000000, 1.000000, 1.000000
X -0.806518, -0.510036, 0.298984
Y 0.588420, -0.741565, 0.322247
Z 0.057358, 0.435827, 0.898201

PART 77
OFFSET 1.182515, -4.983083, 55.298801
SCALE 1.000000, 1.000000, 1.000000
X -0.757780, -0.652027, 0.025101
Y -0.287181, 0.367808, 0.884446
Z -0.585915, 0.663007, -0.465968

PART 78
OFFSET 0.790494, -3.926521, 53.419371
SCALE 1.000000, 1.000000, 1.000000
X 0.915983, 0.107118, -0.386653
Y -0.291149, 0.840537, -0.456869
Z 0.276058, 0.531058, 0.801105

PART 79
OFFSET 0.880677, -6.011233, 52.364441
SCALE 1.000000, 1.000000, 1.000000
X 0.563690, -0.823829, 0.059656
Y 0.576564, 0.340729, -0.742616
Z 0.591462, 0.453001, 0.667056

PART 80
OFFSET 1.174048, -5.752561, 53.313165
SCALE 1.000000, 1.000000, 1.000000
X 0.389551, -0.863698, 0.319806
Y 0.827621, 0.175920, -0.533006
Z 0.404096, 0.472311, 0.783344

PART 81
OFFSET -1.282800, -4.804453, 55.191963
SCALE 1.000000, 1.000000, 1.000000
X -0.600687, -0.738821, 0.305482
Y -0.698254, 0.670917, 0.249624
Z -0.389381, -0.063358, -0.918895

PART 82
OFFSET 9.990635, 0.259722, 51.499133
SCALE 1.000000, 1.000000, 1.000000
X 0.273183, 0.279340, 0.920511
Y -0.938498, 0.287453, 0.191290
Z -0.211169, -0.916155, 0.340687

PART 83
OFFSET 9.922096, 0.076532, 53.326504
SCALE 1.000000, 1.000000, 1.000000
X -0.844278, 0.413270, 0.341177
Y -0.478340, -0.294091, -0.827467
Z -0.241630, -0.861811, 0.445978

PART 84
OFFSET 8.366111, -1.416199, 53.176417
SCALE 1.000000, 1.000000, 1.000000
X -0.382714, 0.543453, 0.747121
Y -0.922619, -0.182811, -0.339638
Z -0.047996, -0.819292, 0.571364

PART 85
OFFSET 9.298606, -1.032120, 52.737447
SCALE 1.000000, 1.000000, 1.000000
X -0.239219, 0.535845, 0.809719
Y -0.957040, 0.010605, -0.289761
Z -0.163854, -0.844250, 0.510288

PART 86
OFFSET 7.716105, 2.246967, 52.701497
SCALE 1.000000, 1.000000, 1.000000
X 0.775883, 0.458133, 0.433727
Y 0.500135, -0.865722, 0.019757
Z 0.384538, 0.201593, -0.900828

PART 87
OFFSET 2.591525, -4.415838, 54.709580
SCALE 1.000000, 1.000000, 1.000000
X 0.352219, -0.850666, 0.390269
Y 0.934159, 0.293978, -0.202299
Z 0.057358, 0.435827, 0.898201

PART 88
OFFSET -0.283401, -4.052109, 53.872674
SCALE 1.000000, 1.000000, 1.000000
X 0.431424, 0.676344, -0.597020
Y -0.858875, 0.510428, -0.042401
Z 0.276058, 0.531058, 0.801105

PART 89
OFFSET 0.144413, -4.935156, 52.286484
SCALE 1.000000, 1.000000, 1.000000
X 0.791241, -0.166756, -0.588329
Y -0.155277, 0.875775, -0.457063
Z 0.591462, 0.453001, 0.667056

PART 90
OFFSET 0.535628, -4.336983, 52.789023
SCALE 1.000000, 1.000000, 1.000000
X 0.874022, 0.053222, -0.482963
Y -0.269801, 0.879823, -0.391303
Z 0.404096, 0.472311, 0.783344

PART 91
OFFSET -0.809390, -4.076600, 54.956977
SCALE 1.000000, 1.000000, 1.000000
X -0.864817, -0.097703, 0.492489
Y -0.125174, 0.991867, -0.023035
Z -0.486233, -0.081567, -0.870014

PART 92
OFFSET 10.249874, 0.524826, 52.372742
SCALE 1.000000, 1.000000, 1.000000
X -0.239334, 0.386385, 0.890744
Y -0.947709, 0.106505, -0.300840
Z -0.211109, -0.916168, 0.340690

PART 93
OFFSET 8.075959, -1.004172, 53.742855
SCALE 1.000000, 1.000000, 1.000000
X -0.997763, 0.065987, 0.010750
Y -0.046508, -0.569528, -0.820655
Z -0.048031, -0.819319, 0.571322

PART 94
OFFSET 9.041783, -0.456879, 53.606752
SCALE 1.000000, 1.000000, 1.000000
X -0.966457, 0.241086, 0.088535
Y -0.197769, -0.478664, -0.855434
Z -0.163854, -0.844250, 0.510288

PART 95
OFFSET 2.257217, -3.608529, 54.339257
SCALE 1.000000, 1.000000, 1.000000
X 0.759303, -0.603184, 0.244189
Y 0.648205, 0.668000, -0.365522
Z 0.057358, 0.435827, 0.898201

PART 96
OFFSET -0.455537, -4.808621, 52.732602
SCALE 1.000000, 1.000000, 1.000000
X 0.426951, 0.525813, -0.735686
Y -0.684046, 0.719905, 0.117552
Z 0.591434, 0.453054, 0.667044

PART 97
OFFSET -0.402734, -4.394176, 53.307539
SCALE 1.000000, 1.000000, 1.000000
X 0.394261, 0.682813, -0.615081
Y -0.825387, 0.557394, 0.089708
Z 0.404096, 0.472311, 0.783344

PART 98
OFFSET -0.106364, -0.000001, 59.999999
SCALE 1.000000, 1.000000, 1.000000
X 1.000000, 0.000000, 0.000000
Y 0.000000, 1.000000, 0.000000
Z 0.000000, 0.000000, 1.000000

PART 99
OFFSET -0.106364, -0.000001, 59.999999
SCALE 1.000000, 1.000000, 1.000000
X 1.000000, 0.000001, 0.000916
Y 0.000001, 0.999996, -0.002930
Z -0.000916, 0.002930, 0.999995

PART 100
OFFSET -4.736991, -0.004041, 58.618991
SCALE 1.000000, 1.000000, 1.000000
X 1.000000, 0.000001, 0.000916
Y 0.000001, 0.999996, -0.002930
Z -0.000916, 0.002930, 0.999995

PART 101
OFFSET 1.430400, 0.012118, 64.137212
SCALE 1.000000, 1.000000, 1.000000
X 1.000000, 0.000001, 0.000916
Y 0.000001, 0.999996, -0.002930
Z -0.000916, 0.002930, 0.999995

PART 102
OFFSET 1.430400, 0.012118, 64.137212
SCALE 1.000000, 1.000000, 1.000000
X 1.000000, 0.000001, 0.000916
Y 0.000001, 0.999996, -0.002930
Z -0.000916, 0.002930, 0.999995

FRAME 1
PART 0
OFFSET -1.009664, -0.000001, 52.513799
SCALE 1.000000, 1.000000, 1.000000
X 1.000000, 0.000000, 0.000000
Y 0.000000, 1.000000, 0.000000
Z 0.000000, 0.000000, 1.000000

PART 1
OFFSET -7.651238, 5.183768, 50.785268
SCALE 1.000000, 1.000000, 1.000000
X 0.480792, -0.407173, -0.776563
Y -0.782039, 0.201411, -0.589787
Z 0.396553, 0.890867, -0.221588

PART 2
OFFSET -10.654079, -6.176996, 52.221347
SCALE 1.000000, 1.000000, 1.000000
X -0.458411, 0.586420, 0.667810
Y 0.846165, 0.058202, 0.529733
Z 0.271778, 0.807913, -0.522889

PART 3
OFFSET 1.035130, -4.884351, 51.986372
SCALE 1.000000, 1.000000, 1.000000
X 0.784614, 0.562897, -0.259860
Y -0.615878, 0.755809, -0.222366
Z 0.071235, 0.334513, 0.939695

PART 4
OFFSET 1.034575, -4.885626, 51.985099
SCALE 1.000000, 1.000000, 1.000000
X 0.784655, 0.562820, -0.259905
Y -0.615815, 0.755875, -0.222315
Z 0.071333, 0.334494, 0.939694

PART 5
OFFSET -2.135660, 0.884278, 43.372474
SCALE 1.000000, 1.000000, 1.000000
X 0.651990, -0.103426, 0.751140
Y 0.646252, -0.442332, -0.621852
Z 0.396569, 0.890868, -0.221557

PART 6
OFFSET -5.581940, -11.914525, 45.993354
SCALE 1.000000, 1.000000, 1.000000
X -0.397166, -0.400618, -0.825690
Y -0.876571, 0.432059, 0.212009
Z 0.271812, 0.807979, -0.522770

PART 7
OFFSET 1.034575, -4.885626, 51.985099
SCALE 1.000000, 1.000000, 1.000000
X 0.784655, 0.562820, -0.259905
Y -0.615815, 0.755875, -0.222315
Z 0.071333, 0.334494, 0.939694

PART 8
OFFSET -2.135660, 0.884278, 43.372474
SCALE 1.000000, 1.000000, 1.000000
X 0.651990, -0.103426, 0.751140
Y 0.646252, -0.442332, -0.621852
Z 0.396569, 0.890868, -0.221557

PART 9
OFFSET 4.526041, -0.240673, 50.931638
SCALE 1.000000, 1.000000, 1.000000
X 0.951474, 0.067006, 0.300346
Y 0.022597, -0.988584, 0.148964
Z 0.306899, -0.134948, -0.942126

PART 10
OFFSET 2.659292, 0.122982, 48.896486
SCALE 1.000000, 1.000000, 1.000000
X 0.651990, -0.103426, 0.751140
Y -0.101283, -0.993655, -0.048905
Z 0.751432, -0.044192, -0.658329

PART 11
OFFSET 1.860134, 0.249867, 47.975820
SCALE 1.000000, 1.000000, 1.000000
X 0.651990, -0.103426, 0.751140
Y 0.050912, -0.982446, -0.179466
Z 0.756516, 0.155253, -0.635279

PART 12
OFFSET 1.060974, 0.376749, 47.055150
SCALE 1.000000, 1.000000, 1.000000
X 0.651990, -0.103426, 0.751140
Y 0.201088, -0.931593, -0.302817
Z 0.731076, 0.348479, -0.586592

PART 13
OFFSET 0.261814, 0.503633, 46.134479
SCALE 1.000000, 1.000000, 1.000000
X 0.651990, -0.103426, 0.751140
Y 0.334424, -0.849863, -0.407299
Z 0.680492, 0.516755, -0.519514

PART 14
OFFSET -0.537345, 0.630514, 45.213812
SCALE 1.000000, 1.000000, 1.000000
X 0.651990, -0.103426, 0.751140
Y 0.455484, -0.738561, -0.497054
Z 0.606171, 0.666207, -0.434425

PART 15
OFFSET -1.336503, 0.757399, 44.293144
SCALE 1.000000, 1.000000, 1.000000
X 0.651990, -0.103426, 0.751140
Y 0.560788, -0.600975, -0.569514
Z 0.510319, 0.792548, -0.333830

PART 16
OFFSET 3.458450, -0.003902, 49.817154
SCALE 1.000000, 1.000000, 1.000000
X 0.651990, -0.103426, 0.751140
Y -0.239982, -0.967873, 0.075036
Z 0.719248, -0.229183, -0.655864

PART 17
OFFSET -5.581940, -11.914525, 45.993354
SCALE 1.000000, 1.000000, 1.000000
X -0.397166, -0.400618, -0.825690
Y -0.876571, 0.432059, 0.212009
Z 0.271812, 0.807979, -0.522770

PART 18
OFFSET -1.212488, -7.690534, 54.387108
SCALE 1.000000, 1.000000, 1.000000
X -0.738059, -0.674720, 0.004787
Y -0.311999, 0.347561, 0.884227
Z -0.598269, 0.651118, -0.467032

PART 19
OFFSET -2.661786, -8.969695, 52.063909
SCALE 1.000000, 1.000000, 1.000000
X -0.397166, -0.400618, -0.825690
Y -0.916389, 0.124189, 0.380537
Z -0.049909, 0.907790, -0.416446

PART 20
OFFSET -3.148479, -9.460501, 51.052152
SCALE 1.000000, 1.000000, 1.000000
X -0.397166, -0.400618, -0.825690
Y -0.917721, 0.180092, 0.354055
Z 0.006859, 0.898372, -0.439182

PART 21
OFFSET -3.635172, -9.951304, 50.040390
SCALE 1.000000, 1.000000, 1.000000
X -0.397166, -0.400618, -0.825690
Y -0.915539, 0.235318, 0.326210
Z 0.063614, 0.885512, -0.460242

PART 22
OFFSET -4.121866, -10.442111, 49.028631
SCALE 1.000000, 1.000000, 1.000000
X -0.397166, -0.400618, -0.825690
Y -0.910319, 0.286201, 0.299011
Z 0.116524, 0.870399, -0.478360

PART 23
OFFSET -4.608558, -10.932914, 48.016872
SCALE 1.000000, 1.000000, 1.000000
X -0.397166, -0.400618, -0.825690
Y -0.902082, 0.335931, 0.270921
Z 0.168839, 0.852441, -0.494811

PART 24
OFFSET -5.095251, -11.423720, 47.005114
SCALE 1.000000, 1.000000, 1.000000
X -0.397166, -0.400618, -0.825690
Y -0.890811, 0.384658, 0.241857
Z 0.220716, 0.831591, -0.509648

PART 25
OFFSET -2.175093, -8.478889, 53.075666
SCALE 1.000000, 1.000000, 1.000000
X -0.397166, -0.400618, -0.825690
Y -0.911970, 0.071496, 0.403978
Z -0.102808, 0.913451, -0.393748

PART 26
OFFSET 12.446516, 4.392680, 51.920306
SCALE 1.000000, 1.000000, 1.000000
X 0.615815, -0.755875, 0.222315
Y 0.784655, 0.562820, -0.259905
Z 0.071333, 0.334494, 0.939694

PART 27
OFFSET 3.620335, -0.878602, 58.446482
SCALE 1.000000, 1.000000, 1.000000
X 0.784655, 0.562820, -0.259905
Y -0.615815, 0.755875, -0.222315
Z 0.071333, 0.334494, 0.939694

PART 28
OFFSET 9.813681, 2.854660, 53.983994
SCALE 1.000000, 1.000000, 1.000000
X 0.784655, 0.562820, -0.259905
Y -0.615815, 0.755875, -0.222315
Z 0.071333, 0.334494, 0.939694

PART 29
OFFSET 9.220954, 2.429506, 54.180326
SCALE 1.000000, 1.000000, 1.000000
X 0.784655, 0.562820, -0.259905
Y -0.615815, 0.755875, -0.222315
Z 0.071333, 0.334494, 0.939694

PART 30
OFFSET 6.813146, 2.175458, 56.508879
SCALE 1.000000, 1.000000, 1.000000
X 0.784655, 0.562820, -0.259905
Y -0.615815, 0.755875, -0.222315
Z 0.071333, 0.334494, 0.939694

PART 31
OFFSET 6.577599, 0.987847, 56.600783
SCALE 1.000000, 1.000000, 1.000000
X 0.784655, 0.562820, -0.259905
Y -0.615815, 0.755875, -0.222315
Z 0.071333, 0.334494, 0.939694

PART 32
OFFSET 28.875302, 16.363732, 47.114167
SCALE 1.000000, 1.000000, 1.000000
X 0.784655, 0.562820, -0.259905
Y -0.615815, 0.755875, -0.222315
Z 0.071333, 0.334494, 0.939694

PART 33
OFFSET 26.216638, 15.869905, 47.056816
SCALE 1.000000, 1.000000, 1.000000
X -0.784689, -0.562790, 0.259865
Y 0.359589, -0.071789, 0.930345
Z -0.504934, 0.823476, 0.258705

PART 34
OFFSET 27.789092, 13.939815, 47.624485
SCALE 1.000000, 1.000000, 1.000000
X -0.784685, -0.562770, 0.259923
Y -0.234631, 0.657740, 0.715769
Z -0.573775, 0.500667, -0.648162

PART 35
OFFSET 11.281916, 3.951835, 53.766446
SCALE 1.000000, 1.000000, 1.000000
X -0.453395, 0.890630, 0.034808
Y -0.864635, -0.448973, 0.225453
Z 0.216423, 0.072123, 0.973632

PART 36
OFFSET 11.056902, 4.379795, 53.780171
SCALE 1.000000, 1.000000, 1.000000
X -0.512073, 0.848525, -0.133369
Y -0.848294, -0.475219, 0.233588
Z 0.134826, 0.232751, 0.963145

PART 37
OFFSET 10.807403, 4.782817, 53.712063
SCALE 1.000000, 1.000000, 1.000000
X -0.561973, 0.741677, -0.366198
Y -0.827139, -0.506665, 0.243169
Z -0.005186, 0.439551, 0.898202

PART 38
OFFSET 10.538977, 5.143700, 53.534700
SCALE 1.000000, 1.000000, 1.000000
X -0.557581, 0.545798, -0.625465
Y -0.806309, -0.535262, 0.251713
Z -0.197404, 0.644669, 0.738535

PART 39
OFFSET 10.270071, 5.415096, 53.240238
SCALE 1.000000, 1.000000, 1.000000
X -0.474496, 0.299684, -0.827673
Y -0.794604, -0.550401, 0.256249
Z -0.378759, 0.779262, 0.499293

PART 40
OFFSET 10.029193, 5.551659, 52.842416
SCALE 1.000000, 1.000000, 1.000000
X -0.355817, 0.076516, -0.931418
Y -0.792150, -0.553512, 0.257143
Z -0.495876, 0.829319, 0.257561

PART 41
OFFSET 9.843107, 5.577886, 52.399646
SCALE 1.000000, 1.000000, 1.000000
X -0.250771, -0.088071, -0.964032
Y -0.793174, -0.552215, 0.256775
Z -0.554967, 0.829037, 0.068624

PART 42
OFFSET 9.705903, 5.524181, 51.937141
SCALE 1.000000, 1.000000, 1.000000
X -0.172123, -0.200626, -0.964429
Y -0.794399, -0.550660, 0.256329
Z -0.582499, 0.810261, -0.064596

PART 43
OFFSET 9.609773, 5.423389, 51.483901
SCALE 1.000000, 1.000000, 1.000000
X -0.116046, -0.276524, -0.953975
Y -0.795179, -0.549660, 0.256056
Z -0.595168, 0.788294, -0.156101

PART 44
OFFSET 9.547980, 5.279252, 51.027955
SCALE 1.000000, 1.000000, 1.000000
X -0.074066, -0.330933, -0.940743
Y -0.795417, -0.549393, 0.255889
Z -0.601520, 0.767236, -0.222539

PART 45
OFFSET 9.502790, 5.121265, 50.574273
SCALE 1.000000, 1.000000, 1.000000
X -0.041592, -0.371745, -0.927403
Y -0.795234, -0.549617, 0.255976
Z -0.604874, 0.748149, -0.272765

PART 46
OFFSET 9.485510, 4.937025, 50.128380
SCALE 1.000000, 1.000000, 1.000000
X -0.015441, -0.403591, -0.914809
Y -0.794819, -0.550147, 0.256126
Z -0.606650, 0.731063, -0.312287

PART 47
OFFSET 9.481803, 4.744079, 49.687550
SCALE 1.000000, 1.000000, 1.000000
X 0.006437, -0.429454, -0.903066
Y -0.794184, -0.550960, 0.256349
Z -0.607643, 0.715550, -0.344612

PART 48
OFFSET 9.490822, 4.541705, 49.246790
SCALE 1.000000, 1.000000, 1.000000
X 0.025757, -0.451804, -0.891745
Y -0.793229, -0.552115, 0.256819
Z -0.608378, 0.700744, -0.372605

PART 49
OFFSET 9.515056, 4.328452, 48.817004
SCALE 1.000000, 1.000000, 1.000000
X 0.043382, -0.471336, -0.880886
Y -0.792072, -0.553595, 0.257205
Z -0.608884, 0.686567, -0.397348

PART 50
OFFSET 9.547390, 4.113237, 48.383352
SCALE 1.000000, 1.000000, 1.000000
X 0.059499, -0.488755, -0.870390
Y -0.790889, -0.555084, 0.257635
Z -0.609060, 0.673053, -0.419578

PART 51
OFFSET 9.593626, 3.892848, 47.962577
SCALE 1.000000, 1.000000, 1.000000
X 0.074213, -0.504100, -0.860451
Y -0.789551, -0.556775, 0.258092
Z -0.609182, 0.660216, -0.439333

PART 52
OFFSET 9.653771, 3.665459, 47.542626
SCALE 1.000000, 1.000000, 1.000000
X 0.088050, -0.518038, -0.850813
Y -0.788035, -0.558678, 0.258612
Z -0.609302, 0.647700, -0.457424

PART 53
OFFSET 9.724602, 3.433017, 47.122473
SCALE 1.000000, 1.000000, 1.000000
X 0.100809, -0.530616, -0.841596
Y -0.786492, -0.560566, 0.259222
Z -0.609318, 0.635777, -0.473835

PART 54
OFFSET 9.793072, 3.200882, 46.712074
SCALE 1.000000, 1.000000, 1.000000
X 0.100809, -0.530616, -0.841596
Y -0.786492, -0.560566, 0.259222
Z -0.609318, 0.635777, -0.473835

PART 55
OFFSET 13.471181, 5.872484, 54.116819
SCALE 1.000000, 1.000000, 1.000000
X -0.615849, 0.755851, -0.222303
Y -0.784628, -0.562852, 0.259915
Z 0.071333, 0.334494, 0.939694

PART 56
OFFSET 3.532770, -1.012219, 58.278272
SCALE 1.000000, 1.000000, 1.000000
X -0.615849, 0.755851, -0.222303
Y -0.784628, -0.562852, 0.259915
Z 0.071333, 0.334494, 0.939694

PART 57
OFFSET 10.212704, 1.411996, 54.869938
SCALE 1.000000, 1.000000, 1.000000
X -0.615849, 0.755851, -0.222303
Y -0.784628, -0.562852, 0.259915
Z 0.071333, 0.334494, 0.939694

PART 58
OFFSET 12.706313, 5.257265, 54.108885
SCALE 1.000000, 1.000000, 1.000000
X -0.615849, 0.755851, -0.222303
Y -0.784628, -0.562852, 0.259915
Z 0.071333, 0.334494, 0.939694

PART 59
OFFSET 9.585079, 3.877839, 53.545159
SCALE 1.000000, 1.000000, 1.000000
X -0.615849, 0.755851, -0.222303
Y -0.784628, -0.562852, 0.259915
Z 0.071333, 0.334494, 0.939694

PART 60
OFFSET 7.810965, 1.043111, 51.735797
SCALE 1.000000, 1.000000, 1.000000
X 0.951474, 0.067006, 0.300346
Y 0.022597, -0.988584, 0.148964
Z 0.306899, -0.134948, -0.942126

PART 61
OFFSET 7.931040, -0.116395, 51.847277
SCALE 1.000000, 1.000000, 1.000000
X 0.933326, -0.063197, 0.353423
Y -0.281794, 0.481030, 0.830182
Z -0.222472, -0.874424, 0.431149

PART 62
OFFSET 5.096338, -1.399947, 51.556641
SCALE 1.000000, 1.000000, 1.000000
X 0.870368, -0.164986, 0.463939
Y -0.411905, 0.272308, 0.869588
Z -0.269805, -0.947960, 0.169049

PART 63
OFFSET 5.619169, -0.961561, 51.218130
SCALE 1.000000, 1.000000, 1.000000
X 0.924629, -0.103375, 0.366573
Y -0.330191, 0.262136, 0.906785
Z -0.189831, -0.959478, 0.208245

PART 64
OFFSET 4.987049, 1.213444, 51.077628
SCALE 1.000000, 1.000000, 1.000000
X 0.730201, 0.340350, 0.592426
Y 0.276230, -0.940129, 0.199636
Z 0.624903, 0.017871, -0.780498

PART 65
OFFSET 1.046033, -5.038340, 55.357405
SCALE 1.000000, 1.000000, 1.000000
X -0.738059, -0.674720, 0.004787
Y -0.311999, 0.347561, 0.884227
Z -0.598269, 0.651118, -0.467032

PART 66
OFFSET 1.281930, -5.680655, 54.407445
SCALE 1.000000, 1.000000, 1.000000
X 0.308392, -0.837370, 0.451339
Y 0.918567, 0.138822, -0.370085
Z 0.247243, 0.528716, 0.811992

PART 67
OFFSET -0.625358, -7.462013, 53.241790
SCALE 1.000000, 1.000000, 1.000000
X 0.627565, 0.697410, -0.346095
Y -0.124992, -0.348514, -0.928932
Z -0.768466, 0.626224, -0.131544

PART 68
OFFSET -0.219699, -7.176378, 53.835830
SCALE 1.000000, 1.000000, 1.000000
X 0.682213, 0.692269, -0.235263
Y -0.002892, -0.319212, -0.947679
Z -0.731148, 0.647200, -0.215768

PART 69
OFFSET -1.384930, -7.027487, 55.056233
SCALE 1.000000, 1.000000, 1.000000
X -0.038551, -0.997283, -0.062776
Y -0.890376, 0.005765, 0.455189
Z -0.453590, 0.073442, -0.888179

PART 70
OFFSET 8.015330, 0.752648, 51.443423
SCALE 1.000000, 1.000000, 1.000000
X 0.974141, -0.134914, 0.181240
Y -0.123994, 0.351352, 0.927996
Z -0.188879, -0.926472, 0.325538

PART 71
OFFSET 7.810965, 1.043111, 51.735797
SCALE 1.000000, 1.000000, 1.000000
X 0.951474, 0.067006, 0.300346
Y 0.022597, -0.988584, 0.148964
Z 0.306899, -0.134948, -0.942126

PART 72
OFFSET 9.838035, -0.245544, 52.569394
SCALE 1.000000, 1.000000, 1.000000
X -0.152391, 0.467980, 0.870501
Y -0.962936, 0.128035, -0.237404
Z -0.222554, -0.874415, 0.431124

PART 73
OFFSET 7.302876, -1.766772, 52.558511
SCALE 1.000000, 1.000000, 1.000000
X 0.649717, 0.408430, 0.641133
Y -0.759488, 0.384632, 0.524629
Z -0.032326, -0.827794, 0.560100

PART 74
OFFSET 7.716223, -1.087526, 52.107576
SCALE 1.000000, 1.000000, 1.000000
X 0.831371, 0.165757, 0.530422
Y -0.536070, 0.490772, 0.686856
Z -0.146465, -0.855375, 0.496871

PART 75
OFFSET 6.327213, 1.963778, 52.357460
SCALE 1.000000, 1.000000, 1.000000
X 0.815134, 0.379551, 0.437605
Y 0.356912, -0.924086, 0.136669
Z 0.456257, 0.044783, -0.888720

PART 76
OFFSET 1.029195, -5.379778, 55.296285
SCALE 1.000000, 1.000000, 1.000000
X -0.795353, -0.537809, 0.279599
Y 0.605400, -0.727699, 0.322403
Z 0.030073, 0.425694, 0.904367

PART 77
OFFSET 1.046033, -5.038340, 55.357405
SCALE 1.000000, 1.000000, 1.000000
X -0.738059, -0.674720, 0.004787
Y -0.311999, 0.347561, 0.884227
Z -0.598269, 0.651118, -0.467032

PART 78
OFFSET 0.651858, -3.969778, 53.485223
SCALE 1.000000, 1.000000, 1.000000
X 0.918290, 0.139522, -0.370510
Y -0.309174, 0.837272, -0.450984
Z 0.247296, 0.528686, 0.811995

PART 79
OFFSET 0.821461, -6.037028, 52.405988
SCALE 1.000000, 1.000000, 1.000000
X 0.587289, -0.807264, 0.058444
Y 0.577605, 0.367438, -0.728946
Z 0.566977, 0.461859, 0.682072

PART 80
OFFSET 1.091963, -5.781973, 53.362456
SCALE 1.000000, 1.000000, 1.000000
X 0.410370, -0.855697, 0.315243
Y 0.830200, 0.207531, -0.517396
Z 0.377312, 0.474039, 0.795564

PART 81
OFFSET -1.421568, -4.932325, 55.213172
SCALE 1.000000, 1.000000, 1.000000
X -0.582838, -0.760385, 0.286555
Y -0.722015, 0.646399, 0.246703
Z -0.372818, -0.063109, -0.925756

PART 82
OFFSET 9.751080, 0.512213, 51.766344
SCALE 1.000000, 1.000000, 1.000000
X 0.250180, 0.275250, 0.928249
Y -0.949598, 0.256785, 0.179791
Z -0.188873, -0.926444, 0.325620

PART 83
OFFSET 9.659392, 0.303070, 53.589910
SCALE 1.000000, 1.000000, 1.000000
X -0.861566, 0.383377, 0.332755
Y -0.456237, -0.297338, -0.838712
Z -0.222603, -0.874421, 0.431087

PART 84
OFFSET 8.151502, -1.233322, 53.395924
SCALE 1.000000, 1.000000, 1.000000
X -0.410552, 0.521930, 0.747687
Y -0.911264, -0.205780, -0.356724
Z -0.032326, -0.827794, 0.560100

PART 85
OFFSET 9.078815, -0.815857, 52.976910
SCALE 1.000000, 1.000000, 1.000000
X -0.267893, 0.517785, 0.812485
Y -0.952259, -0.014150, -0.304963
Z -0.146409, -0.855393, 0.496857

PART 86
OFFSET 7.399276, 2.414741, 52.957023
SCALE 1.000000, 1.000000, 1.000000
X 0.754864, 0.475343, 0.451918
Y 0.525546, -0.850598, 0.016839
Z 0.392405, 0.224793, -0.891901

PART 87
OFFSET 2.446359, -4.421538, 54.798030
SCALE 1.000000, 1.000000, 1.000000
X 0.371560, -0.844703, 0.385254
Y 0.927922, 0.324441, -0.183573
Z 0.030073, 0.425694, 0.904367

PART 88
OFFSET -0.424742, -4.133356, 53.919599
SCALE 1.000000, 1.000000, 1.000000
X 0.420135, 0.696640, -0.581532
Y -0.873116, 0.484958, -0.049844
Z 0.247296, 0.528686, 0.811995

PART 89
OFFSET 0.054373, -4.982587, 52.329615
SCALE 1.000000, 1.000000, 1.000000
X 0.805051, -0.135338, -0.577561
Y -0.174442, 0.876567, -0.448554
Z 0.566977, 0.461859, 0.682072

PART 90
OFFSET 0.419422, -4.379507, 52.845793
SCALE 1.000000, 1.000000, 1.000000
X 0.879491, 0.085642, -0.468146
Y -0.290053, 0.876329, -0.384599
Z 0.377312, 0.474039, 0.795564

PART 91
OFFSET -0.966709, -4.187628, 54.994915
SCALE 1.000000, 1.000000, 1.000000
X -0.869099, -0.129946, 0.477263
Y -0.154672, 0.987884, -0.012685
Z -0.469833, -0.084844, -0.878669

PART 92
OFFSET 9.988489, 0.773434, 52.647296
SCALE 1.000000, 1.000000, 1.000000
X -0.264791, 0.367338, 0.891599
Y -0.945640, 0.082123, -0.314675
Z -0.188813, -0.926455, 0.325624

PART 93
OFFSET 7.840245, -0.837612, 53.962792
SCALE 1.000000, 1.000000, 1.000000
X -0.999340, 0.036041, -0.004469
Y -0.016485, -0.559832, -0.828442
Z -0.032359, -0.827822, 0.560057

PART 94
OFFSET 8.791209, -0.260004, 53.849185
SCALE 1.000000, 1.000000, 1.000000
X -0.974535, 0.210958, 0.076021
Y -0.169844, -0.473074, -0.864497
Z -0.146409, -0.855393, 0.496857

PART 95
OFFSET 2.093695, -3.619889, 54.432466
SCALE 1.000000, 1.000000, 1.000000
X 0.773233, -0.583260, 0.248834
Y 0.633408, 0.691804, -0.346701
Z 0.030073, 0.425694, 0.904367

PART 96
OFFSET -0.556052, -4.879875, 52.767570
SCALE 1.000000, 1.000000, 1.000000
X 0.422385, 0.547849, -0.722117
Y -0.707221, 0.697495, 0.115497
Z 0.566948, 0.461912, 0.682061

PART 97
OFFSET -0.524811, -4.471506, 53.348401
SCALE 1.000000, 1.000000, 1.000000
X 0.383082, 0.702225, -0.600107
Y -0.843139, 0.531194, 0.083362
Z 0.377312, 0.474039, 0.795564

PART 98
OFFSET -0.106364, -0.000001, 59.999999
SCALE 1.000000, 1.000000, 1.000000
X 1.000000, 0.000000, 0.000000
Y 0.000000, 1.000000, 0.000000
Z 0.000000, 0.000000, 1.000000

PART 99
OFFSET -0.106364, -0.000001, 59.999999
SCALE 1.000000, 1.000000, 1.000000
X 1.000000, 0.000440, 0.000793
Y -0.000439, 0.999997, -0.002344
Z -0.000794, 0.002344, 0.999997

PART 100
OFFSET -4.737159, -0.005268, 58.619557
SCALE 1.000000, 1.000000, 1.000000
X 1.000000, 0.000440, 0.000793
Y -0.000439, 0.999997, -0.002344
Z -0.000794, 0.002344, 0.999997

PART 101
OFFSET 1.430903, 0.010370, 64.137030
SCALE 1.000000, 1.000000, 1.000000
X 1.000000, 0.000440, 0.000793
Y -0.000439, 0.999997, -0.002344
Z -0.000794, 0.002344, 0.999997

PART 102
OFFSET 1.430903, 0.010370, 64.137030
SCALE 1.000000, 1.000000, 1.000000
X 1.000000, 0.000440, 0.000793
Y -0.000439, 0.999997, -0.002344
Z -0.000794, 0.002344, 0.999997

FRAME 2
PART 0
OFFSET -1.009664, -0.000001, 52.513799
SCALE 1.000000, 1.000000, 1.000000
X 1.000000, 0.000000, 0.000000
Y 0.000000, 1.000000, 0.000000
Z 0.000000, 0.000000, 1.000000

PART 1
OFFSET -7.650655, 5.182642, 50.786221
SCALE 1.000000, 1.000000, 1.000000
X 0.481283, -0.408124, -0.775759
