// Export filename: 'C:\Program Files (x86)\Steam\steamapps\common\Call of Duty Black Ops III\xanim_export\tbd\s2\lmg_m1919\vm_lmg_m1919_s2_fire.xanim_export'
// Source filename: 'C:\Users\Ash\Documents\WW2 M1919\wpn_s2_lmg_m1919_rig.mb'
// Export time: Sun Nov 19 2017, 20:29:38

ANIMATION
VERSION 3

NUMPARTS 103
PART 0 "tag_torso"
PART 1 "j_shoulder_le"
PART 2 "j_shoulder_ri"
PART 3 "tag_weapon_left"
PART 4 "tag_weapon_right"
PART 5 "j_elbow_le"
PART 6 "j_elbow_ri"
PART 7 "tag_weapon"
PART 8 "j_elbow_bulge_le"
PART 9 "j_wrist_le"
PART 10 "j_wristtwist1_le"
PART 11 "j_wristtwist2_le"
PART 12 "j_wristtwist3_le"
PART 13 "j_wristtwist4_le"
PART 14 "j_wristtwist5_le"
PART 15 "j_wristtwist6_le"
PART 16 "j_wristtwist_le"
PART 17 "j_elbow_bulge_ri"
PART 18 "j_wrist_ri"
PART 19 "j_wristtwist1_ri"
PART 20 "j_wristtwist2_ri"
PART 21 "j_wristtwist3_ri"
PART 22 "j_wristtwist4_ri"
PART 23 "j_wristtwist5_ri"
PART 24 "j_wristtwist6_ri"
PART 25 "j_wristtwist_ri"
PART 26 "tag_brass"
PART 27 "tag_red_dot"
PART 28 "tag_sight_off"
PART 29 "tag_sight_on"
PART 30 "tag_ui_ammo"
PART 31 "tag_ui_ammo_ads"
PART 32 "tag_silencer"
PART 33 "bipod_l"
PART 34 "bipod_r"
PART 35 "tag_bullet01"
PART 36 "tag_bullet02"
PART 37 "tag_bullet03"
PART 38 "tag_bullet04"
PART 39 "tag_bullet05"
PART 40 "tag_bullet06"
PART 41 "tag_bullet07"
PART 42 "tag_bullet08"
PART 43 "tag_bullet09"
PART 44 "tag_bullet10"
PART 45 "tag_bullet11"
PART 46 "tag_bullet12"
PART 47 "tag_bullet13"
PART 48 "tag_bullet14"
PART 49 "tag_bullet15"
PART 50 "tag_bullet16"
PART 51 "tag_bullet17"
PART 52 "tag_bullet18"
PART 53 "tag_bullet19"
PART 54 "tag_bullet20"
PART 55 "front_pin"
PART 56 "peephole"
PART 57 "charging_handle"
PART 58 "hatch"
PART 59 "pin"
PART 60 "j_indexbase_le"
PART 61 "j_mid_le_1"
PART 62 "j_pinkybase_le"
PART 63 "j_ringbase_le"
PART 64 "j_thumb_le_1"
PART 65 "j_indexbase_ri"
PART 66 "j_mid_ri_1"
PART 67 "j_pinkybase_ri"
PART 68 "j_ringbase_ri"
PART 69 "j_thumb_ri_1"
PART 70 "j_index_le_1"
PART 71 "j_indexretract_le"
PART 72 "j_mid_le_2"
PART 73 "j_pinky_le_1"
PART 74 "j_ring_le_1"
PART 75 "j_thumb_le_2"
PART 76 "j_index_ri_1"
PART 77 "j_indexretract_ri"
PART 78 "j_mid_ri_2"
PART 79 "j_pinky_ri_1"
PART 80 "j_ring_ri_1"
PART 81 "j_thumb_ri_2"
PART 82 "j_index_le_2"
PART 83 "j_mid_le_3"
PART 84 "j_pinky_le_2"
PART 85 "j_ring_le_2"
PART 86 "j_thumb_le_3"
PART 87 "j_index_ri_2"
PART 88 "j_mid_ri_3"
PART 89 "j_pinky_ri_2"
PART 90 "j_ring_ri_2"
PART 91 "j_thumb_ri_3"
PART 92 "j_index_le_3"
PART 93 "j_pinky_le_3"
PART 94 "j_ring_le_3"
PART 95 "j_index_ri_3"
PART 96 "j_pinky_ri_3"
PART 97 "j_ring_ri_3"
PART 98 "tag_cambone"
PART 99 "tag_camera"
PART 100 "tag_fill_light"
PART 101 "tag_flashlight"
PART 102 "tag_gasmask"

FRAMERATE 30
NUMFRAMES 28

FRAME 0
PART 0
OFFSET -1.009664, -0.000001, 52.513799
SCALE 1.000000, 1.000000, 1.000000
X 1.000000, 0.000000, 0.000000
Y 0.000000, 1.000000, 0.000000
Z 0.000000, 0.000000, 1.000000

PART 1
OFFSET -7.111344, 5.639455, 51.294254
SCALE 1.000000, 1.000000, 1.000000
X 0.937787, -0.021399, -0.346552
Y -0.230631, 0.707709, -0.667800
Z 0.259548, 0.706180, 0.658744

PART 2
OFFSET -10.574558, -6.037470, 52.171449
SCALE 1.000000, 1.000000, 1.000000
X -0.525912, 0.468279, 0.710022
Y 0.843938, 0.391105, 0.367159
Z -0.105760, 0.792307, -0.600886

PART 3
OFFSET 4.213147, -3.344870, 51.181516
SCALE 1.000000, 1.000000, 1.000000
X 1.000000, 0.000099, -0.000051
Y -0.000099, 1.000000, -0.000054
Z 0.000051, 0.000054, 1.000000

PART 4
OFFSET 4.212736, -3.344921, 51.182499
SCALE 1.000000, 1.000000, 1.000000
X 1.000000, -0.000000, 0.000000
Y 0.000000, 1.000000, 0.000000
Z -0.000000, -0.000000, 1.000000

PART 5
OFFSET 3.115855, 4.887014, 48.070973
SCALE 1.000000, 1.000000, 1.000000
X 0.631207, -0.640292, 0.437726
Y 0.730902, 0.302193, -0.611932
Z 0.259538, 0.706191, 0.658737

PART 6
OFFSET -4.754027, -10.408406, 45.385060
SCALE 1.000000, 1.000000, 1.000000
X -0.457411, -0.575073, -0.678282
Y -0.882954, 0.203062, 0.423271
Z -0.105679, 0.792500, -0.600646

PART 7
OFFSET 4.212736, -3.344921, 51.182499
SCALE 1.000000, 1.000000, 1.000000
X 1.000000, 0.000000, 0.000000
Y 0.000000, 1.000000, 0.000000
Z 0.000000, 0.000000, 1.000000

PART 8
OFFSET 3.115855, 4.887014, 48.070973
SCALE 1.000000, 1.000000, 1.000000
X 0.631207, -0.640292, 0.437726
Y 0.730902, 0.302193, -0.611932
Z 0.259538, 0.706191, 0.658737

PART 9
OFFSET 9.555144, -1.589542, 52.425799
SCALE 1.000000, 1.000000, 1.000000
X 0.944705, -0.319582, 0.073476
Y -0.148828, -0.617519, -0.772347
Z 0.292201, 0.718705, -0.630937

PART 10
OFFSET 7.758069, 0.177819, 51.289542
SCALE 1.000000, 1.000000, 1.000000
X 0.631207, -0.640292, 0.437726
Y 0.018746, -0.551601, -0.833897
Z 0.775388, 0.534567, -0.336171

PART 11
OFFSET 6.984367, 0.962684, 50.753117
SCALE 1.000000, 1.000000, 1.000000
X 0.631207, -0.640292, 0.437726
Y 0.180025, -0.428002, -0.885667
Z 0.754433, 0.637840, -0.154890

PART 12
OFFSET 6.210664, 1.747550, 50.216687
SCALE 1.000000, 1.000000, 1.000000
X 0.631207, -0.640292, 0.437726
Y 0.333422, -0.285550, -0.898494
Z 0.700291, 0.713083, 0.033246

PART 13
OFFSET 5.436960, 2.532418, 49.680260
SCALE 1.000000, 1.000000, 1.000000
X 0.631207, -0.640292, 0.437726
Y 0.463846, -0.140692, -0.874673
Z 0.621631, 0.755137, 0.208191

PART 14
OFFSET 4.663257, 3.317281, 49.143831
SCALE 1.000000, 1.000000, 1.000000
X 0.631207, -0.640292, 0.437726
Y 0.575984, 0.009000, -0.817411
Z 0.519442, 0.768079, 0.374479

PART 15
OFFSET 3.889556, 4.102148, 48.607404
SCALE 1.000000, 1.000000, 1.000000
X 0.631207, -0.640292, 0.437726
Y 0.666272, 0.158705, -0.728625
Z 0.397063, 0.751557, 0.526785

PART 16
OFFSET 8.531771, -0.607047, 51.825969
SCALE 1.000000, 1.000000, 1.000000
X 0.631207, -0.640292, 0.437726
Y -0.132906, -0.645303, -0.752277
Z 0.764143, 0.416666, -0.492418

PART 17
OFFSET -4.754027, -10.408406, 45.385060
SCALE 1.000000, 1.000000, 1.000000
X -0.457411, -0.575073, -0.678282
Y -0.882954, 0.203062, 0.423271
Z -0.105679, 0.792500, -0.600646

PART 18
OFFSET 0.245657, -4.617473, 52.340692
SCALE 1.000000, 1.000000, 1.000000
X -0.960091, -0.056427, -0.273935
Y -0.279073, 0.258123, 0.924927
Z 0.018518, 0.964463, -0.263569

PART 19
OFFSET -1.390802, -6.180901, 50.371830
SCALE 1.000000, 1.000000, 1.000000
X -0.457411, -0.575073, -0.678282
Y -0.816261, -0.031120, 0.576844
Z -0.352836, 0.817510, -0.455175

PART 20
OFFSET -1.951339, -6.885486, 49.540705
SCALE 1.000000, 1.000000, 1.000000
X -0.457411, -0.575073, -0.678282
Y -0.832982, 0.010058, 0.553208
Z -0.311313, 0.818040, -0.483627

PART 21
OFFSET -2.511878, -7.590069, 48.709574
SCALE 1.000000, 1.000000, 1.000000
X -0.457411, -0.575073, -0.678282
Y -0.847596, 0.051221, 0.528164
Z -0.268991, 0.816497, -0.510859

PART 22
OFFSET -3.072417, -8.294656, 47.878445
SCALE 1.000000, 1.000000, 1.000000
X -0.457411, -0.575073, -0.678282
Y -0.859329, 0.089637, 0.503506
Z -0.228754, 0.813176, -0.535178

PART 23
OFFSET -3.632955, -8.999237, 47.047317
SCALE 1.000000, 1.000000, 1.000000
X -0.457411, -0.575073, -0.678282
Y -0.869119, 0.127705, 0.477832
Z -0.188169, 0.808073, -0.558221

PART 24
OFFSET -4.193492, -9.703823, 46.216191
SCALE 1.000000, 1.000000, 1.000000
X -0.457411, -0.575073, -0.678282
Y -0.877010, 0.165582, 0.451040
Z -0.147069, 0.801170, -0.580084

PART 25
OFFSET -0.830264, -5.476316, 51.202956
SCALE 1.000000, 1.000000, 1.000000
X -0.457411, -0.575073, -0.678282
Y -0.798758, -0.069545, 0.597619
Z -0.390846, 0.815141, -0.427534

PART 26
OFFSET 18.406023, -3.344921, 55.039200
SCALE 1.000000, 1.000000, 1.000000
X 0.000000, -1.000000, -0.000000
Y 1.000000, 0.000000, 0.000000
Z 0.000000, -0.000000, 1.000000

PART 27
OFFSET 6.817549, -3.344921, 58.779000
SCALE 1.000000, 1.000000, 1.000000
X 1.000000, 0.000000, 0.000000
Y 0.000000, 1.000000, 0.000000
Z 0.000000, 0.000000, 1.000000

PART 28
OFFSET 14.938165, -3.344921, 56.276169
SCALE 1.000000, 1.000000, 1.000000
X 1.000000, 0.000000, 0.000000
Y 0.000000, 1.000000, 0.000000
Z 0.000000, 0.000000, 1.000000

PART 29
OFFSET 14.182766, -3.344921, 56.276169
SCALE 1.000000, 1.000000, 1.000000
X 1.000000, 0.000000, 0.000000
Y 0.000000, 1.000000, 0.000000
Z 0.000000, 0.000000, 1.000000

PART 30
OFFSET 11.545282, -2.571856, 58.207563
SCALE 1.000000, 1.000000, 1.000000
X 1.000000, 0.000000, 0.000000
Y 0.000000, 1.000000, 0.000000
Z 0.000000, 0.000000, 1.000000

PART 31
OFFSET 10.668162, -3.344921, 57.879873
SCALE 1.000000, 1.000000, 1.000000
X 1.000000, 0.000000, 0.000000
Y 0.000000, 1.000000, 0.000000
Z 0.000000, 0.000000, 1.000000

PART 32
OFFSET 39.283635, -3.344921, 55.699058
SCALE 1.000000, 1.000000, 1.000000
X 1.000000, 0.000000, 0.000000
Y 0.000000, 1.000000, 0.000000
Z 0.000000, 0.000000, 1.000000

PART 33
OFFSET 36.934472, -2.068196, 55.290333
SCALE 1.000000, 1.000000, 1.000000
X -1.000000, 0.000000, -0.000000
Y -0.000000, -0.482487, 0.875903
Z 0.000000, 0.875903, 0.482487

PART 34
OFFSET 36.934472, -4.621646, 55.290333
SCALE 1.000000, 1.000000, 1.000000
X -1.000000, 0.000000, 0.000000
Y 0.000000, 0.482487, 0.875903
Z 0.000000, 0.875903, -0.482487

PART 35
OFFSET 16.764334, -3.371421, 56.543499
SCALE 1.000000, 1.000000, 1.000000
X 0.000000, 0.973996, 0.226565
Y -1.000000, 0.000000, -0.000000
Z -0.000000, -0.226565, 0.973996

PART 36
OFFSET 16.764334, -2.898173, 56.653434
SCALE 1.000000, 1.000000, 1.000000
X -0.000000, 0.995443, -0.095362
Y -1.000000, -0.000000, 0.000000
Z -0.000000, 0.095362, 0.995443

PART 37
OFFSET 16.763775, -2.420921, 56.608314
SCALE 1.000000, 1.000000, 1.000000
X 0.000000, 0.851807, -0.523855
Y -1.000000, 0.000000, 0.000000
Z 0.000000, 0.523855, 0.851807

PART 38
OFFSET 16.763549, -2.006390, 56.352041
SCALE 1.000000, 1.000000, 1.000000
X 0.000000, 0.587919, -0.808920
Y -1.000000, 0.000000, -0.000000
Z 0.000000, 0.808920, 0.587919

PART 39
OFFSET 16.764006, -1.723166, 55.961310
SCALE 1.000000, 1.000000, 1.000000
X 0.000000, 0.375115, -0.926978
Y -1.000000, 0.000000, -0.000000
Z 0.000000, 0.926978, 0.375115

PART 40
OFFSET 16.763647, -1.539328, 55.510956
SCALE 1.000000, 1.000000, 1.000000
X -0.000000, 0.237846, -0.971303
Y -1.000000, -0.000000, 0.000000
Z -0.000000, 0.971303, 0.237846

PART 41
OFFSET 16.765627, -1.426656, 55.046058
SCALE 1.000000, 1.000000, 1.000000
X 0.000000, 0.149063, -0.988828
Y -1.000000, 0.000000, -0.000000
Z 0.000000, 0.988828, 0.149063

PART 42
OFFSET 16.763675, -1.354443, 54.564960
SCALE 1.000000, 1.000000, 1.000000
X 0.000000, 0.091155, -0.995837
Y -1.000000, 0.000000, -0.000000
Z 0.000000, 0.995837, 0.091155

PART 43
OFFSET 16.764870, -1.310250, 54.096035
SCALE 1.000000, 1.000000, 1.000000
X 0.000000, 0.051620, -0.998667
Y -1.000000, 0.000000, -0.000000
Z 0.000000, 0.998667, 0.051620

PART 44
OFFSET 16.766011, -1.285842, 53.608928
SCALE 1.000000, 1.000000, 1.000000
X -0.000000, 0.023131, -0.999732
Y -1.000000, -0.000000, 0.000000
Z -0.000000, 0.999732, 0.023131

PART 45
OFFSET 16.763595, -1.275458, 53.130975
SCALE 1.000000, 1.000000, 1.000000
X 0.000000, 0.002258, -0.999997
Y -1.000000, 0.000000, -0.000000
Z 0.000000, 0.999997, 0.002258

PART 46
OFFSET 16.764682, -1.274700, 52.644127
SCALE 1.000000, 1.000000, 1.000000
X -0.000000, -0.013184, -0.999913
Y -1.000000, -0.000000, 0.000000
Z -0.000000, 0.999913, -0.013184

PART 47
OFFSET 16.765576, -1.278825, 52.166036
SCALE 1.000000, 1.000000, 1.000000
X 0.000000, -0.025390, -0.999678
Y -1.000000, -0.000000, 0.000000
Z -0.000000, 0.999678, -0.025390

PART 48
OFFSET 16.765140, -1.294087, 51.681343
SCALE 1.000000, 1.000000, 1.000000
X 0.000000, -0.035518, -0.999369
Y -1.000000, 0.000000, -0.000000
Z 0.000000, 0.999369, -0.035518

PART 49
OFFSET 16.764444, -1.311737, 51.200512
SCALE 1.000000, 1.000000, 1.000000
X -0.000000, -0.043875, -0.999037
Y -1.000000, -0.000000, 0.000000
Z -0.000000, 0.999037, -0.043875

PART 50
OFFSET 16.763144, -1.329930, 50.717471
SCALE 1.000000, 1.000000, 1.000000
X 0.000000, -0.050767, -0.998711
Y -1.000000, -0.000000, 0.000000
Z -0.000000, 0.998711, -0.050767

PART 51
OFFSET 16.762361, -1.355370, 50.239399
SCALE 1.000000, 1.000000, 1.000000
X -0.000000, -0.056498, -0.998403
Y -1.000000, -0.000000, 0.000000
Z -0.000000, 0.998403, -0.056498

PART 52
OFFSET 16.765569, -1.376590, 49.761399
SCALE 1.000000, 1.000000, 1.000000
X -0.000000, -0.061252, -0.998122
Y -1.000000, -0.000000, 0.000000
Z -0.000000, 0.998122, -0.061252

PART 53
OFFSET 16.762914, -1.411941, 49.275699
SCALE 1.000000, 1.000000, 1.000000
X 0.000000, -0.064178, -0.997938
Y -1.000000, 0.000000, -0.000000
Z 0.000000, 0.997938, -0.064178

PART 54
OFFSET 16.762346, -1.437083, 48.800498
SCALE 1.000000, 1.000000, 1.000000
X 0.000000, -0.064178, -0.997938
Y -1.000000, 0.000000, -0.000000
Z 0.000000, 0.997938, -0.064178

PART 55
OFFSET 19.472009, -3.345695, 57.671328
SCALE 1.000000, 1.000000, 1.000000
X -0.000000, 1.000000, 0.000000
Y -1.000000, -0.000000, 0.000000
Z 0.000000, 0.000000, 1.000000

PART 56
OFFSET 6.717357, -3.354599, 58.569993
SCALE 1.000000, 1.000000, 1.000000
X -0.000000, 1.000000, 0.000000
Y -1.000000, -0.000000, 0.000000
Z 0.000000, 0.000000, 1.000000

PART 57
OFFSET 14.209039, -4.878078, 56.654586
SCALE 1.000000, 1.000000, 1.000000
X -0.000000, 1.000000, 0.000000
Y -1.000000, -0.000000, 0.000000
Z 0.000000, 0.000000, 1.000000

PART 58
OFFSET 18.527657, -3.337943, 57.403526
SCALE 1.000000, 1.000000, 1.000000
X -0.000000, 1.000000, 0.000000
Y -1.000000, -0.000000, 0.000000
Z 0.000000, 0.000000, 1.000000

PART 59
OFFSET 15.448713, -2.333189, 56.189739
SCALE 1.000000, 1.000000, 1.000000
X -0.000000, 1.000000, 0.000000
Y -1.000000, -0.000000, 0.000000
Z 0.000000, 0.000000, 1.000000

PART 60
OFFSET 12.999861, -1.973643, 53.461117
SCALE 1.000000, 1.000000, 1.000000
X 0.944705, -0.319582, 0.073476
Y -0.148828, -0.617519, -0.772347
Z 0.292201, 0.718705, -0.630937

PART 61
OFFSET 12.927094, -2.663823, 52.500177
SCALE 1.000000, 1.000000, 1.000000
X 0.290010, -0.894660, 0.339821
Y -0.359393, 0.227281, 0.905085
Z -0.886978, -0.384613, -0.255621

PART 62
OFFSET 9.855583, -2.749733, 51.700625
SCALE 1.000000, 1.000000, 1.000000
X 0.662949, -0.708345, 0.242374
Y -0.638554, -0.365988, 0.676980
Z -0.390829, -0.603572, -0.694948

PART 63
OFFSET 10.520532, -2.373986, 51.884785
SCALE 1.000000, 1.000000, 1.000000
X 0.820847, -0.555999, 0.130671
Y -0.468375, -0.524360, 0.711105
Z -0.326855, -0.644912, -0.690836

PART 64
OFFSET 10.377335, -0.994423, 53.629106
SCALE 1.000000, 1.000000, 1.000000
X 0.933242, -0.276914, 0.228864
Y -0.047368, -0.726349, -0.685692
Z 0.356113, 0.629075, -0.690976

PART 65
OFFSET 3.258197, -4.219908, 54.301067
SCALE 1.000000, 1.000000, 1.000000
X -0.960091, -0.056427, -0.273935
Y -0.279073, 0.258123, 0.924927
Z 0.018518, 0.964463, -0.263569

PART 66
OFFSET 3.328860, -4.639484, 53.209918
SCALE 1.000000, 1.000000, 1.000000
X -0.346727, -0.923192, 0.165821
Y 0.895028, -0.378520, -0.235897
Z 0.280545, 0.066622, 0.957526

PART 67
OFFSET 1.132685, -4.551590, 51.382888
SCALE 1.000000, 1.000000, 1.000000
X 0.974891, 0.217652, -0.047058
Y -0.052728, 0.020312, -0.998402
Z -0.216349, 0.975815, 0.031278

PART 68
OFFSET 1.457345, -4.717795, 52.065562
SCALE 1.000000, 1.000000, 1.000000
X 0.986089, 0.155309, 0.059227
Y 0.064431, -0.028689, -0.997510
Z -0.153223, 0.987449, -0.038297

PART 69
OFFSET 0.309576, -4.159071, 53.179023
SCALE 1.000000, 1.000000, 1.000000
X -0.575290, -0.715950, -0.395547
Y -0.813667, 0.451496, 0.366192
Z -0.083588, 0.532510, -0.842286

PART 70
OFFSET 13.121772, -2.031495, 53.213245
SCALE 1.000000, 1.000000, 1.000000
X 0.532738, -0.843894, -0.063499
Y -0.402939, -0.318919, 0.857864
Z -0.744198, -0.431431, -0.509938

PART 71
OFFSET 12.999861, -1.973643, 53.461117
SCALE 1.000000, 1.000000, 1.000000
X 0.944705, -0.319582, 0.073476
Y -0.148828, -0.617519, -0.772347
Z 0.292201, 0.718705, -0.630937

PART 72
OFFSET 13.519688, -4.491755, 53.194482
SCALE 1.000000, 1.000000, 1.000000
X -0.246748, -0.073278, 0.966305
Y -0.390429, 0.920147, -0.029919
Z -0.886950, -0.384656, -0.255654

PART 73
OFFSET 11.640797, -4.250404, 52.407387
SCALE 1.000000, 1.000000, 1.000000
X 0.173989, -0.476560, 0.861753
Y -0.422692, 0.754241, 0.502446
Z -0.889415, -0.451676, -0.070209

PART 74
OFFSET 12.382419, -3.646199, 52.307042
SCALE 1.000000, 1.000000, 1.000000
X 0.176374, -0.637609, 0.749898
Y -0.522674, 0.584897, 0.620247
Z -0.834088, -0.501348, -0.230101

PART 75
OFFSET 12.134737, -1.604936, 54.290717
SCALE 1.000000, 1.000000, 1.000000
X 0.948648, -0.315234, -0.026362
Y -0.287020, -0.822708, -0.490684
Z 0.132992, 0.473053, -0.870939

PART 76
OFFSET 3.074424, -4.454188, 54.125238
SCALE 1.000000, 1.000000, 1.000000
X -0.984156, -0.171391, 0.045411
Y 0.172072, -0.985017, 0.011507
Z 0.042759, 0.019138, 0.998902

PART 77
OFFSET 3.258197, -4.219908, 54.301067
SCALE 1.000000, 1.000000, 1.000000
X -0.960091, -0.056427, -0.273935
Y -0.279073, 0.258123, 0.924927
Z 0.018518, 0.964463, -0.263569

PART 78
OFFSET 4.037334, -2.753138, 52.871168
SCALE 1.000000, 1.000000, 1.000000
X 0.895399, -0.377561, -0.236028
Y 0.345812, 0.923587, -0.165535
Z 0.280492, 0.066598, 0.957543

PART 79
OFFSET 3.287246, -4.179666, 51.177504
SCALE 1.000000, 1.000000, 1.000000
X -0.008719, -0.984787, -0.173549
Y 0.849508, 0.084260, -0.520804
Z 0.527504, -0.151972, 0.835849

PART 80
OFFSET 3.394446, -4.366706, 52.180860
SCALE 1.000000, 1.000000, 1.000000
X -0.241579, -0.969588, 0.039219
Y 0.902674, -0.239371, -0.357603
Z 0.356116, -0.050987, 0.933050

PART 81
OFFSET 1.419425, -2.588108, 54.025204
SCALE 1.000000, 1.000000, 1.000000
X -0.959813, -0.279352, -0.026860
Y -0.266741, 0.878338, 0.396702
Z -0.087227, 0.387924, -0.917554

PART 82
OFFSET 14.071020, -3.535122, 53.100079
SCALE 1.000000, 1.000000, 1.000000
X 0.223022, -0.880145, 0.419054
Y -0.629599, 0.198139, 0.751230
Z -0.744222, -0.431376, -0.509949

PART 83
OFFSET 13.230426, -4.577637, 54.327341
SCALE 1.000000, 1.000000, 1.000000
X -0.388646, 0.322509, 0.863100
Y -0.249546, 0.864886, -0.435545
Z -0.886950, -0.384656, -0.255654

PART 84
OFFSET 11.868045, -4.872894, 53.532967
SCALE 1.000000, 1.000000, 1.000000
X -0.149745, 0.142792, 0.978359
Y -0.431876, 0.880681, -0.194637
Z -0.889415, -0.451676, -0.070209

PART 85
OFFSET 12.671517, -4.691197, 53.536132
SCALE 1.000000, 1.000000, 1.000000
X -0.322681, 0.105057, 0.940659
Y -0.447469, 0.858815, -0.249415
Z -0.834055, -0.501398, -0.230114

PART 86
OFFSET 13.436466, -2.068300, 54.262576
SCALE 1.000000, 1.000000, 1.000000
X 0.976576, 0.099966, 0.190541
Y 0.197431, -0.768402, -0.608752
Z 0.085558, 0.632112, -0.770139

PART 87
OFFSET 4.828039, -4.148784, 54.044280
SCALE 1.000000, 1.000000, 1.000000
X 0.160807, -0.986912, 0.012068
Y 0.986061, 0.160115, -0.045233
Z 0.042709, 0.019174, 0.998904

PART 88
OFFSET 2.987584, -2.310450, 53.147859
SCALE 1.000000, 1.000000, 1.000000
X 0.872899, 0.397250, -0.283267
Y -0.399255, 0.915291, 0.053269
Z 0.280433, 0.066598, 0.957560

PART 89
OFFSET 3.298620, -2.893374, 51.404177
SCALE 1.000000, 1.000000, 1.000000
X 0.705675, -0.469443, -0.530704
Y 0.473036, 0.869786, -0.140390
Z 0.527504, -0.151972, 0.835849

PART 90
OFFSET 3.790405, -2.777641, 52.116630
SCALE 1.000000, 1.000000, 1.000000
X 0.859913, -0.372840, -0.348626
Y 0.365668, 0.926491, -0.088893
Z 0.356141, -0.051042, 0.933037

PART 91
OFFSET 2.252285, -2.256946, 54.101846
SCALE 1.000000, 1.000000, 1.000000
X -0.879113, 0.330966, 0.342960
Y 0.438046, 0.844632, 0.307753
Z -0.187819, 0.420782, -0.887506

PART 92
OFFSET 14.282685, -4.370419, 53.497786
SCALE 1.000000, 1.000000, 1.000000
X -0.122829, -0.662065, 0.739312
Y -0.656542, 0.612849, 0.439738
Z -0.744222, -0.431376, -0.509949

PART 93
OFFSET 11.754483, -4.764594, 54.274763
SCALE 1.000000, 1.000000, 1.000000
X -0.295387, 0.450721, 0.842376
Y -0.348837, 0.769960, -0.534298
Z -0.889415, -0.451676, -0.070209

PART 94
OFFSET 12.325089, -4.578424, 54.545957
SCALE 1.000000, 1.000000, 1.000000
X -0.391911, 0.244936, 0.886799
Y -0.388275, 0.829823, -0.400794
Z -0.834055, -0.501398, -0.230114

PART 95
OFFSET 4.675365, -3.212212, 54.032865
SCALE 1.000000, 1.000000, 1.000000
X 0.797063, -0.603478, -0.022496
Y 0.602385, 0.797149, -0.041057
Z 0.042709, 0.019174, 0.998904

PART 96
OFFSET 2.763616, -2.537368, 51.806635
SCALE 1.000000, 1.000000, 1.000000
X 0.827480, 0.314725, -0.464999
Y -0.192396, 0.936938, 0.291773
Z 0.527504, -0.151972, 0.835849

PART 97
OFFSET 2.867187, -2.377419, 52.490899
SCALE 1.000000, 1.000000, 1.000000
X 0.851870, 0.428144, -0.301678
Y -0.384085, 0.902268, 0.195938
Z 0.356084, -0.051043, 0.933059

PART 98
OFFSET -0.106364, -0.000001, 59.999999
SCALE 1.000000, 1.000000, 1.000000
X 1.000000, 0.000000, 0.000000
Y 0.000000, 1.000000, 0.000000
Z 0.000000, 0.000000, 1.000000

PART 99
OFFSET -0.106364, -0.000001, 59.999999
SCALE 1.000000, 1.000000, 1.000000
X 1.000000, 0.000000, 0.000000
Y 0.000000, 1.000000, 0.000000
Z 0.000000, 0.000000, 1.000000

PART 100
OFFSET -4.738254, -0.000001, 58.623226
SCALE 1.000000, 1.000000, 1.000000
X 1.000000, 0.000000, 0.000000
Y 0.000000, 1.000000, 0.000000
Z 0.000000, 0.000000, 1.000000

PART 101
OFFSET 1.434187, -0.000001, 64.135821
SCALE 1.000000, 1.000000, 1.000000
X 1.000000, 0.000000, 0.000000
Y 0.000000, 1.000000, 0.000000
Z 0.000000, 0.000000, 1.000000

PART 102
OFFSET 1.434187, -0.000001, 64.135821
SCALE 1.000000, 1.000000, 1.000000
X 1.000000, 0.000000, 0.000000
Y 0.000000, 1.000000, 0.000000
Z 0.000000, 0.000000, 1.000000

FRAME 1
PART 0
OFFSET -1.009664, -0.000001, 52.513799
SCALE 1.000000, 1.000000, 1.000000
X 1.000000, 0.000000, 0.000000
Y 0.000000, 1.000000, 0.000000
Z 0.000000, 0.000000, 1.000000

PART 1
OFFSET -7.114259, 5.644344, 51.286172
SCALE 1.000000, 1.000000, 1.000000
X 0.935319, -0.017270, -0.353384
Y -0.241416, 0.699010, -0.673130
Z 0.258644, 0.714904, 0.649627

PART 2
OFFSET -10.587243, -6.040996, 52.164504
SCALE 1.000000, 1.000000, 1.000000
X -0.515158, 0.471268, 0.715904
Y 0.849722, 0.390143, 0.354628
Z -0.112181, 0.791008, -0.601433

PART 3
OFFSET 4.009239, -3.348618, 51.252339
SCALE 1.000000, 1.000000, 1.000000
X 0.999469, 0.000035, 0.032592
Y 0.000797, 0.999674, -0.025513
Z -0.032582, 0.025525, 0.999143

PART 4
OFFSET 4.008636, -3.349401, 51.252071
SCALE 1.000000, 1.000000, 1.000000
X 0.999471, -0.000076, 0.032532
Y 0.000900, 0.999679, -0.025317
Z -0.032520, 0.025333, 0.999150

PART 5
OFFSET 3.070814, 4.933285, 48.013227
SCALE 1.000000, 1.000000, 1.000000
X 0.611177, -0.641888, 0.463080
Y 0.748045, 0.277265, -0.602953
Z 0.258632, 0.714916, 0.649619

PART 6
OFFSET -4.886698, -10.438316, 45.319185
SCALE 1.000000, 1.000000, 1.000000
X -0.446872, -0.580550, -0.680637
Y -0.887563, 0.192489, 0.418546
Z -0.111972, 0.791144, -0.601293

PART 7
OFFSET 4.008636, -3.349401, 51.252071
SCALE 1.000000, 1.000000, 1.000000
X 0.999471, -0.000076, 0.032532
Y 0.000900, 0.999679, -0.025317
Z -0.032520, 0.025333, 0.999150

PART 8
OFFSET 3.070814, 4.933285, 48.013227
SCALE 1.000000, 1.000000, 1.000000
X 0.611177, -0.641888, 0.463080
Y 0.748045, 0.277265, -0.602953
Z 0.258632, 0.714916, 0.649619

PART 9
OFFSET 9.309357, -1.562504, 52.625267
SCALE 1.000000, 1.000000, 1.000000
X 0.941518, -0.317666, 0.112389
Y -0.124097, -0.636982, -0.760824
Z 0.313278, 0.702383, -0.639152

PART 10
OFFSET 7.565731, 0.212342, 51.418265
SCALE 1.000000, 1.000000, 1.000000
X 0.611177, -0.641888, 0.463080
Y 0.026057, -0.568436, -0.822315
Z 0.791065, 0.514646, -0.330690

PART 11
OFFSET 6.816578, 0.999165, 50.850761
SCALE 1.000000, 1.000000, 1.000000
X 0.611177, -0.641888, 0.463080
Y 0.190386, -0.448668, -0.873184
Z 0.768255, 0.621834, -0.152009

PART 12
OFFSET 6.067424, 1.785989, 50.283254
SCALE 1.000000, 1.000000, 1.000000
X 0.611177, -0.641888, 0.463080
Y 0.346385, -0.309153, -0.885687
Z 0.711674, 0.701716, 0.033393

PART 13
OFFSET 5.318270, 2.572815, 49.715748
SCALE 1.000000, 1.000000, 1.000000
X 0.611177, -0.641888, 0.463080
Y 0.478739, -0.166113, -0.862099
Z 0.630294, 0.748590, 0.205772

PART 14
OFFSET 4.569117, 3.359637, 49.148241
SCALE 1.000000, 1.000000, 1.000000
X 0.611177, -0.641888, 0.463080
Y 0.592242, -0.017262, -0.805575
Z 0.525082, 0.766604, 0.369603

PART 15
OFFSET 3.819965, 4.146461, 48.580737
SCALE 1.000000, 1.000000, 1.000000
X 0.611177, -0.641888, 0.463080
Y 0.683291, 0.132607, -0.718003
Z 0.399470, 0.755245, 0.519642

PART 16
OFFSET 8.314883, -0.574482, 51.985769
SCALE 1.000000, 1.000000, 1.000000
X 0.611177, -0.641888, 0.463080
Y -0.128740, -0.657900, -0.742020
Z 0.780954, 0.393889, -0.484730

PART 17
OFFSET -4.886698, -10.438316, 45.319185
SCALE 1.000000, 1.000000, 1.000000
X -0.446872, -0.580550, -0.680637
Y -0.887563, 0.192489, 0.418546
Z -0.111972, 0.791144, -0.601293

PART 18
OFFSET 0.004076, -4.590634, 52.311672
SCALE 1.000000, 1.000000, 1.000000
X -0.950729, -0.063330, -0.303487
Y -0.308764, 0.281582, 0.908502
Z 0.027922, 0.957445, -0.287262

PART 19
OFFSET -1.600947, -6.170541, 50.323272
SCALE 1.000000, 1.000000, 1.000000
X -0.446872, -0.580550, -0.680637
Y -0.829018, -0.017193, 0.558957
Z -0.336204, 0.814043, -0.473604

PART 20
OFFSET -2.148571, -6.881838, 49.489261
SCALE 1.000000, 1.000000, 1.000000
X -0.446872, -0.580550, -0.680637
Y -0.843385, 0.019667, 0.536950
Z -0.298341, 0.813987, -0.498416

PART 21
OFFSET -2.696199, -7.593132, 48.655244
SCALE 1.000000, 1.000000, 1.000000
X -0.446872, -0.580550, -0.680637
Y -0.856026, 0.056494, 0.513837
Z -0.259857, 0.812262, -0.522211

PART 22
OFFSET -3.243825, -8.304431, 47.821229
SCALE 1.000000, 1.000000, 1.000000
X -0.446872, -0.580550, -0.680637
Y -0.866268, 0.090864, 0.491246
Z -0.223348, 0.809139, -0.543517

PART 23
OFFSET -3.791450, -9.015724, 46.987215
SCALE 1.000000, 1.000000, 1.000000
X -0.446872, -0.580550, -0.680637
Y -0.874924, 0.124937, 0.467866
Z -0.186583, 0.804582, -0.563768

PART 24
OFFSET -4.339075, -9.727021, 46.153202
SCALE 1.000000, 1.000000, 1.000000
X -0.446872, -0.580550, -0.680637
Y -0.882035, 0.158869, 0.443593
Z -0.149396, 0.798575, -0.583060

PART 25
OFFSET -1.053321, -5.459244, 51.157285
SCALE 1.000000, 1.000000, 1.000000
X -0.446872, -0.580550, -0.680637
Y -0.814052, -0.051619, 0.578494
Z -0.370979, 0.812587, -0.449531

PART 26
OFFSET 18.068992, -3.252780, 55.567230
SCALE 1.000000, 1.000000, 1.000000
X -0.000900, -0.999679, 0.025317
Y 0.999471, -0.000076, 0.032532
Z -0.032520, 0.025333, 0.999150

PART 27
OFFSET 6.365034, -3.157158, 58.926855
SCALE 1.000000, 1.000000, 1.000000
X 0.999471, -0.000076, 0.032532
Y 0.000900, 0.999679, -0.025317
Z -0.032520, 0.025333, 0.999150

PART 28
OFFSET 14.562744, -3.221180, 56.690331
SCALE 1.000000, 1.000000, 1.000000
X 0.999471, -0.000076, 0.032532
Y 0.000900, 0.999679, -0.025317
Z -0.032520, 0.025333, 0.999150

PART 29
OFFSET 13.807745, -3.221123, 56.665756
SCALE 1.000000, 1.000000, 1.000000
X 0.999471, -0.000076, 0.032532
Y 0.000900, 0.999679, -0.025317
Z -0.032520, 0.025333, 0.999150

PART 30
OFFSET 11.109544, -2.399177, 58.490134
SCALE 1.000000, 1.000000, 1.000000
X 0.999471, -0.000076, 0.032532
Y 0.000900, 0.999679, -0.025317
Z -0.032520, 0.025333, 0.999150

PART 31
OFFSET 10.242849, -3.180229, 58.153760
SCALE 1.000000, 1.000000, 1.000000
X 0.999471, -0.000076, 0.032532
Y 0.000900, 0.999679, -0.025317
Z -0.032520, 0.025333, 0.999150

PART 32
OFFSET 38.914095, -3.237654, 56.905719
SCALE 1.000000, 1.000000, 1.000000
X 0.999471, -0.000076, 0.032532
Y 0.000900, 0.999679, -0.025317
Z -0.032520, 0.025333, 0.999150

PART 33
OFFSET 36.580616, -1.971514, 56.388595
SCALE 1.000000, 1.000000, 1.000000
X -0.999471, 0.000076, -0.032532
Y -0.028918, -0.460143, 0.887374
Z -0.014902, 0.887845, 0.459902

PART 34
OFFSET 36.578317, -4.524145, 56.453241
SCALE 1.000000, 1.000000, 1.000000
X -0.999471, 0.000076, -0.032532
Y -0.028050, 0.504522, 0.862943
Z 0.016479, 0.863399, -0.504252

PART 35
OFFSET 16.379592, -3.441009, 57.022242
SCALE 1.000000, 1.000000, 1.000000
X 0.212384, 0.936626, 0.278611
Y -0.972094, 0.231578, -0.037492
Z -0.099636, -0.262874, 0.959672

PART 36
OFFSET 16.488057, -2.986998, 57.157695
SCALE 1.000000, 1.000000, 1.000000
X 0.254335, 0.965613, 0.053899
Y -0.965795, 0.256505, -0.038023
Z -0.050541, -0.042385, 0.997822

PART 37
OFFSET 16.610578, -2.524395, 57.183295
SCALE 1.000000, 1.000000, 1.000000
X 0.292243, 0.874045, -0.388122
Y -0.952720, 0.301380, -0.038665
Z 0.083177, 0.381071, 0.920796

PART 38
OFFSET 16.747576, -2.097286, 56.994451
SCALE 1.000000, 1.000000, 1.000000
X 0.228120, 0.538048, -0.811459
Y -0.939857, 0.339306, -0.039235
Z 0.254223, 0.771606, 0.583091

PART 39
OFFSET 16.857013, -1.836499, 56.603640
SCALE 1.000000, 1.000000, 1.000000
X 0.134872, 0.252974, -0.958026
Y -0.935937, 0.349963, -0.039352
Z 0.325318, 0.901959, 0.283968

PART 40
OFFSET 16.931618, -1.717136, 56.136834
SCALE 1.000000, 1.000000, 1.000000
X 0.080640, 0.103287, -0.991377
Y -0.935265, 0.351746, -0.039429
Z 0.344641, 0.930380, 0.124966

PART 41
OFFSET 16.983079, -1.674032, 55.663485
SCALE 1.000000, 1.000000, 1.000000
X 0.050418, 0.022344, -0.998478
Y -0.935181, 0.351979, -0.039345
Z 0.350564, 0.935741, 0.038641

PART 42
OFFSET 17.021937, -1.667987, 55.178466
SCALE 1.000000, 1.000000, 1.000000
X 0.033233, -0.023633, -0.999168
Y -0.935186, 0.351954, -0.039430
Z 0.352593, 0.935719, -0.010405

PART 43
OFFSET 17.051234, -1.683828, 54.707582
SCALE 1.000000, 1.000000, 1.000000
X 0.022802, -0.051126, -0.998432
Y -0.935177, 0.351986, -0.039381
Z 0.353447, 0.934608, -0.039786

PART 44
OFFSET 17.075651, -1.713795, 54.224013
SCALE 1.000000, 1.000000, 1.000000
X 0.016472, -0.068156, -0.997539
Y -0.935142, 0.352064, -0.039497
Z 0.353890, 0.933491, -0.057937

PART 45
OFFSET 17.095599, -1.750988, 53.747249
SCALE 1.000000, 1.000000, 1.000000
X 0.012528, -0.078086, -0.996868
Y -0.935105, 0.352179, -0.039338
Z 0.354148, 0.932669, -0.068606

PART 46
OFFSET 17.112717, -1.793135, 53.261940
SCALE 1.000000, 1.000000, 1.000000
X 0.010624, -0.083306, -0.996467
Y -0.935007, 0.352430, -0.039433
Z 0.354470, 0.932123, -0.074147

PART 47
OFFSET 17.127092, -1.836550, 52.785535
SCALE 1.000000, 1.000000, 1.000000
X 0.009729, -0.085586, -0.996283
Y -0.934923, 0.352653, -0.039425
Z 0.354716, 0.931832, -0.076585

PART 48
OFFSET 17.139647, -1.881148, 52.302270
SCALE 1.000000, 1.000000, 1.000000
X 0.009607, -0.085717, -0.996273
Y -0.934870, 0.352802, -0.039369
Z 0.354861, 0.931764, -0.076745

PART 49
OFFSET 17.150430, -1.923728, 51.824737
SCALE 1.000000, 1.000000, 1.000000
X 0.010155, -0.084393, -0.996381
Y -0.934783, 0.353023, -0.039428
Z 0.355073, 0.931801, -0.075304

PART 50
OFFSET 17.159689, -1.966614, 51.341219
SCALE 1.000000, 1.000000, 1.000000
X 0.011102, -0.081749, -0.996591
Y -0.934691, 0.353273, -0.039391
Z 0.355289, 0.931942, -0.072488

PART 51
OFFSET 17.167672, -2.009540, 50.864939
SCALE 1.000000, 1.000000, 1.000000
X 0.012386, -0.078300, -0.996853
Y -0.934601, 0.353511, -0.039380
Z 0.355482, 0.932147, -0.068800

PART 52
OFFSET 17.174444, -2.045724, 50.387668
SCALE 1.000000, 1.000000, 1.000000
X 0.014101, -0.073877, -0.997168
Y -0.934531, 0.353691, -0.039419
Z 0.355601, 0.932440, -0.064053

PART 53
OFFSET 17.180229, -2.086580, 49.904915
SCALE 1.000000, 1.000000, 1.000000
X 0.016021, -0.068841, -0.997499
Y -0.934450, 0.353905, -0.039433
Z 0.355734, 0.932745, -0.058658

PART 54
OFFSET 17.185000, -2.106006, 49.429687
SCALE 1.000000, 1.000000, 1.000000
X 0.016021, -0.068841, -0.997499
Y -0.934450, 0.353905, -0.039433
Z 0.355734, 0.932745, -0.058658

PART 55
OFFSET 19.048817, -3.186956, 58.231819
SCALE 1.000000, 1.000000, 1.000000
X 0.000900, 0.999679, -0.025317
Y -0.999471, 0.000076, -0.032532
Z -0.032520, 0.025333, 0.999150

PART 56
OFFSET 6.271683, -3.172120, 58.715011
SCALE 1.000000, 1.000000, 1.000000
X 0.000900, 0.999679, -0.025317
Y -0.999471, 0.000076, -0.032532
Z -0.032520, 0.025333, 0.999150

PART 57
OFFSET 13.820318, -4.744203, 57.083522
SCALE 1.000000, 1.000000, 1.000000
X 0.000900, 0.999679, -0.025317
Y -0.999471, 0.000076, -0.032532
Z -0.032520, 0.025333, 0.999150

PART 58
OFFSET 18.113681, -3.185919, 57.933327
SCALE 1.000000, 1.000000, 1.000000
X 0.000900, 0.999679, -0.025317
Y -0.999471, 0.000076, -0.032532
Z -0.032520, 0.025333, 0.999150

PART 59
OFFSET 15.076743, -2.212002, 56.594970
SCALE 1.000000, 1.000000, 1.000000
X 0.000900, 0.999679, -0.025317
Y -0.999471, 0.000076, -0.032532
Z -0.032520, 0.025333, 0.999150

PART 60
OFFSET 12.718109, -1.920325, 53.781929
SCALE 1.000000, 1.000000, 1.000000
X 0.941518, -0.317666, 0.112389
Y -0.124097, -0.636982, -0.760824
Z 0.313278, 0.702383, -0.639152

PART 61
OFFSET 12.676111, -2.634740, 52.837007
SCALE 1.000000, 1.000000, 1.000000
X 0.277966, -0.885732, 0.371771
Y -0.388535, 0.250284, 0.886791
Z -0.878508, -0.390944, -0.274567

PART 62
OFFSET 9.632266, -2.740798, 51.940049
SCALE 1.000000, 1.000000, 1.000000
X 0.654053, -0.701983, 0.281840
Y -0.660633, -0.348586, 0.664870
Z -0.368482, -0.621053, -0.691747

PART 63
OFFSET 10.291178, -2.360528, 52.136197
SCALE 1.000000, 1.000000, 1.000000
X 0.815648, -0.552542, 0.171509
Y -0.491800, -0.506048, 0.708553
Z -0.304713, -0.662279, -0.684497

PART 64
OFFSET 10.092365, -0.936980, 53.839235
SCALE 1.000000, 1.000000, 1.000000
X 0.925028, -0.271053, 0.266183
Y -0.025616, -0.743576, -0.668161
Z 0.379034, 0.611249, -0.694772

PART 65
OFFSET 2.951647, -4.143480, 54.358230
SCALE 1.000000, 1.000000, 1.000000
X -0.950729, -0.063330, -0.303487
Y -0.308764, 0.281582, 0.908502
Z 0.027922, 0.957445, -0.287262

PART 66
OFFSET 3.057367, -4.590690, 53.280977
SCALE 1.000000, 1.000000, 1.000000
X -0.352744, -0.918658, 0.177875
Y 0.901891, -0.384443, -0.196969
Z 0.249330, 0.090944, 0.964139

PART 67
OFFSET 0.921830, -4.549172, 51.381854
SCALE 1.000000, 1.000000, 1.000000
X 0.976096, 0.216336, -0.020850
Y -0.020228, -0.005089, -0.999782
Z -0.216395, 0.976306, -0.000592

PART 68
OFFSET 1.223975, -4.697976, 52.078725
SCALE 1.000000, 1.000000, 1.000000
X 0.983778, 0.156716, 0.087293
Y 0.096797, -0.054058, -0.993835
Z -0.151031, 0.986163, -0.068351

PART 69
OFFSET 0.041114, -4.111053, 53.139713
SCALE 1.000000, 1.000000, 1.000000
X -0.562756, -0.725751, -0.395715
Y -0.824744, 0.460706, 0.327943
Z -0.055697, 0.510916, -0.857824

PART 70
OFFSET 12.847992, -1.984473, 53.539719
SCALE 1.000000, 1.000000, 1.000000
X 0.533772, -0.845271, -0.024571
Y -0.431004, -0.296940, 0.852093
Z -0.727546, -0.444233, -0.522813

PART 71
OFFSET 12.718109, -1.920325, 53.781929
SCALE 1.000000, 1.000000, 1.000000
X 0.941518, -0.317666, 0.112389
Y -0.124097, -0.636982, -0.760824
Z 0.313278, 0.702383, -0.639152

PART 72
OFFSET 13.244085, -4.444438, 53.596588
SCALE 1.000000, 1.000000, 1.000000
X -0.278215, -0.048626, 0.959287
Y -0.388422, 0.919111, -0.066062
Z -0.878479, -0.390988, -0.274598

PART 73
OFFSET 11.392110, -4.223079, 52.742687
SCALE 1.000000, 1.000000, 1.000000
X 0.145348, -0.454466, 0.878826
Y -0.438189, 0.766821, 0.469017
Z -0.887054, -0.453262, -0.087686

PART 74
OFFSET 12.137174, -3.621675, 52.651254
SCALE 1.000000, 1.000000, 1.000000
X 0.151239, -0.618313, 0.771243
Y -0.542114, 0.600538, 0.587764
Z -0.826583, -0.506994, -0.244371

PART 75
OFFSET 11.826687, -1.530557, 54.573194
SCALE 1.000000, 1.000000, 1.000000
X 0.948721, -0.315863, 0.012654
Y -0.271590, -0.834922, -0.478691
Z 0.161766, 0.450707, -0.877892

PART 76
OFFSET 2.772996, -4.382151, 54.182743
SCALE 1.000000, 1.000000, 1.000000
X -0.985262, -0.170131, 0.017727
Y 0.170743, -0.984414, 0.042134
Z 0.010283, 0.044540, 0.998955

PART 77
OFFSET 2.951647, -4.143480, 54.358230
SCALE 1.000000, 1.000000, 1.000000
X -0.950729, -0.063330, -0.303487
Y -0.308764, 0.281582, 0.908502
Z 0.027922, 0.957445, -0.287262

PART 78
OFFSET 3.778136, -2.713612, 52.917578
SCALE 1.000000, 1.000000, 1.000000
X 0.902266, -0.383488, -0.197111
Y 0.351820, 0.919060, -0.177629
Z 0.249276, 0.090921, 0.964155

PART 79
OFFSET 3.082249, -4.182701, 51.237257
SCALE 1.000000, 1.000000, 1.000000
X -0.003937, -0.988882, -0.148648
Y 0.866062, 0.070942, -0.494878
Z 0.499921, -0.130687, 0.856154

PART 80
OFFSET 3.156614, -4.344149, 52.247997
SCALE 1.000000, 1.000000, 1.000000
X -0.243576, -0.968265, 0.055980
Y 0.913611, -0.248436, -0.321860
Z 0.325553, -0.027253, 0.945131

PART 81
OFFSET 1.124250, -2.519115, 53.981323
SCALE 1.000000, 1.000000, 1.000000
X -0.958677, -0.279897, -0.050947
Y -0.278725, 0.888158, 0.365360
Z -0.057015, 0.364462, -0.929471

PART 82
OFFSET 13.799082, -3.490565, 53.495924
SCALE 1.000000, 1.000000, 1.000000
X 0.208441, -0.869200, 0.448380
Y -0.653602, 0.217249, 0.724988
Z -0.727570, -0.444179, -0.522827

PART 83
OFFSET 12.917928, -4.501423, 54.721218
SCALE 1.000000, 1.000000, 1.000000
X -0.416317, 0.344413, 0.841463
Y -0.234426, 0.853527, -0.465334
Z -0.878479, -0.390988, -0.274598

PART 84
OFFSET 11.581949, -4.816710, 53.890564
SCALE 1.000000, 1.000000, 1.000000
X -0.181464, 0.167675, 0.968997
Y -0.424507, 0.875465, -0.230988
Z -0.887054, -0.453262, -0.087686

PART 85
OFFSET 12.385073, -4.635044, 53.915329
SCALE 1.000000, 1.000000, 1.000000
X -0.353112, 0.129003, 0.926645
Y -0.438324, 0.852212, -0.285670
Z -0.826550, -0.507044, -0.244382

PART 86
OFFSET 13.128227, -1.994580, 54.599381
SCALE 1.000000, 1.000000, 1.000000
X 0.969927, 0.104726, 0.219714
Y 0.216505, -0.783671, -0.582225
Z 0.111209, 0.612285, -0.782777

PART 87
OFFSET 4.528581, -4.079001, 54.151115
SCALE 1.000000, 1.000000, 1.000000
X 0.159464, -0.986294, 0.042377
Y 0.987151, 0.158863, -0.017201
Z 0.010233, 0.044576, 0.998954

PART 88
OFFSET 2.720333, -2.263980, 53.148649
SCALE 1.000000, 1.000000, 1.000000
X 0.881994, 0.389872, -0.264740
Y -0.399973, 0.916370, 0.016971
Z 0.249217, 0.090921, 0.964170

PART 89
OFFSET 3.087382, -2.891060, 51.431403
SCALE 1.000000, 1.000000, 1.000000
X 0.722141, -0.482826, -0.495370
Y 0.478112, 0.865910, -0.147001
Z 0.499921, -0.130687, 0.856154

PART 90
OFFSET 3.555841, -2.757250, 52.156290
SCALE 1.000000, 1.000000, 1.000000
X 0.870464, -0.381631, -0.310887
Y 0.369177, 0.923911, -0.100480
Z 0.325579, -0.027308, 0.945120

PART 91
OFFSET 1.954470, -2.186163, 54.076567
SCALE 1.000000, 1.000000, 1.000000
X -0.889506, 0.339628, 0.305667
Y 0.428552, 0.852166, 0.300262
Z -0.158502, 0.398079, -0.903554

PART 92
OFFSET 13.996908, -4.315476, 53.921463
SCALE 1.000000, 1.000000, 1.000000
X -0.147482, -0.643012, 0.751522
Y -0.669994, 0.623892, 0.402327
Z -0.727570, -0.444179, -0.522827

PART 93
OFFSET 11.444341, -4.689551, 54.625259
SCALE 1.000000, 1.000000, 1.000000
X -0.322316, 0.472050, 0.820537
Y -0.330526, 0.756123, -0.564827
Z -0.887054, -0.453262, -0.087686

PART 94
OFFSET 12.005978, -4.496560, 54.910113
SCALE 1.000000, 1.000000, 1.000000
X -0.420422, 0.267469, 0.867009
Y -0.374247, 0.819370, -0.434249
Z -0.826550, -0.507044, -0.244382

PART 95
OFFSET 4.377185, -3.143009, 54.110935
SCALE 1.000000, 1.000000, 1.000000
X 0.796843, -0.603894, 0.018785
Y 0.604100, 0.795817, -0.041699
Z 0.010233, 0.044576, 0.998954

PART 96
OFFSET 2.539877, -2.524904, 51.807070
SCALE 1.000000, 1.000000, 1.000000
X 0.842434, 0.302753, -0.445697
Y -0.200957, 0.944066, 0.261448
Z 0.499921, -0.130687, 0.856154

PART 97
OFFSET 2.621290, -2.347585, 52.490044
SCALE 1.000000, 1.000000, 1.000000
X 0.861602, 0.420289, -0.284605
Y -0.389460, 0.906979, 0.160343
Z 0.325521, -0.027309, 0.945140

PART 98
OFFSET -0.106364, -0.000001, 59.999999
SCALE 1.000000, 1.000000, 1.000000
X 1.000000, 0.000000, 0.000000
Y 0.000000, 1.000000, 0.000000
Z 0.000000, 0.000000, 1.000000

PART 99
OFFSET -0.106364, -0.000001, 59.999999
SCALE 1.000000, 1.000000, 1.000000
X 1.000000, 0.000000, 0.000000
Y 0.000000, 1.000000, 0.000000
Z 0.000000, 0.000000, 1.000000

PART 100
OFFSET -4.738254, -0.000001, 58.623226
SCALE 1.000000, 1.000000, 1.000000
X 1.000000, 0.000000, 0.000000
Y 0.000000, 1.000000, 0.000000
Z 0.000000, 0.000000, 1.000000

PART 101
OFFSET 1.434187, -0.000001, 64.135821
SCALE 1.000000, 1.000000, 1.000000
X 1.000000, 0.000000, 0.000000
Y 0.000000, 1.000000, 0.000000
Z 0.000000, 0.000000, 1.000000

PART 102
OFFSET 1.434187, -0.000001, 64.135821
SCALE 1.000000, 1.000000, 1.000000
X 1.000000, 0.000000, 0.000000
Y 0.000000, 1.000000, 0.000000
Z 0.000000, 0.000000, 1.000000

FRAME 2
PART 0
OFFSET -1.009664, -0.000001, 52.513799
SCALE 1.000000, 1.000000, 1.000000
X 1.000000, 0.000000, 0.000000
Y 0.000000, 1.000000, 0.000000
Z 0.000000, 0.000000, 1.000000

PART 1
OFFSET -7.112556, 5.643217, 51.290770
SCALE 1.000000, 1.000000, 1.000000
