// Export filename: 'C:\Program Files (x86)\Steam\steamapps\common\Call of Duty Black Ops III\xanim_export\tbd\s2\lmg_m1919\vm_lmg_m1919_s2_sprint_in.xanim_export'
// Source filename: 'C:\Users\Ash\Documents\WW2 M1919\wpn_s2_lmg_m1919_rig.mb'
// Export time: Sun Nov 19 2017, 21:03:51

ANIMATION
VERSION 3

NUMPARTS 103
PART 0 "tag_torso"
PART 1 "j_shoulder_le"
PART 2 "j_shoulder_ri"
PART 3 "tag_weapon_left"
PART 4 "tag_weapon_right"
PART 5 "j_elbow_le"
PART 6 "j_elbow_ri"
PART 7 "tag_weapon"
PART 8 "j_elbow_bulge_le"
PART 9 "j_wrist_le"
PART 10 "j_wristtwist1_le"
PART 11 "j_wristtwist2_le"
PART 12 "j_wristtwist3_le"
PART 13 "j_wristtwist4_le"
PART 14 "j_wristtwist5_le"
PART 15 "j_wristtwist6_le"
PART 16 "j_wristtwist_le"
PART 17 "j_elbow_bulge_ri"
PART 18 "j_wrist_ri"
PART 19 "j_wristtwist1_ri"
PART 20 "j_wristtwist2_ri"
PART 21 "j_wristtwist3_ri"
PART 22 "j_wristtwist4_ri"
PART 23 "j_wristtwist5_ri"
PART 24 "j_wristtwist6_ri"
PART 25 "j_wristtwist_ri"
PART 26 "tag_brass"
PART 27 "tag_red_dot"
PART 28 "tag_sight_off"
PART 29 "tag_sight_on"
PART 30 "tag_ui_ammo"
PART 31 "tag_ui_ammo_ads"
PART 32 "tag_silencer"
PART 33 "bipod_l"
PART 34 "bipod_r"
PART 35 "tag_bullet01"
PART 36 "tag_bullet02"
PART 37 "tag_bullet03"
PART 38 "tag_bullet04"
PART 39 "tag_bullet05"
PART 40 "tag_bullet06"
PART 41 "tag_bullet07"
PART 42 "tag_bullet08"
PART 43 "tag_bullet09"
PART 44 "tag_bullet10"
PART 45 "tag_bullet11"
PART 46 "tag_bullet12"
PART 47 "tag_bullet13"
PART 48 "tag_bullet14"
PART 49 "tag_bullet15"
PART 50 "tag_bullet16"
PART 51 "tag_bullet17"
PART 52 "tag_bullet18"
PART 53 "tag_bullet19"
PART 54 "tag_bullet20"
PART 55 "front_pin"
PART 56 "peephole"
PART 57 "charging_handle"
PART 58 "hatch"
PART 59 "pin"
PART 60 "j_indexbase_le"
PART 61 "j_mid_le_1"
PART 62 "j_pinkybase_le"
PART 63 "j_ringbase_le"
PART 64 "j_thumb_le_1"
PART 65 "j_indexbase_ri"
PART 66 "j_mid_ri_1"
PART 67 "j_pinkybase_ri"
PART 68 "j_ringbase_ri"
PART 69 "j_thumb_ri_1"
PART 70 "j_index_le_1"
PART 71 "j_indexretract_le"
PART 72 "j_mid_le_2"
PART 73 "j_pinky_le_1"
PART 74 "j_ring_le_1"
PART 75 "j_thumb_le_2"
PART 76 "j_index_ri_1"
PART 77 "j_indexretract_ri"
PART 78 "j_mid_ri_2"
PART 79 "j_pinky_ri_1"
PART 80 "j_ring_ri_1"
PART 81 "j_thumb_ri_2"
PART 82 "j_index_le_2"
PART 83 "j_mid_le_3"
PART 84 "j_pinky_le_2"
PART 85 "j_ring_le_2"
PART 86 "j_thumb_le_3"
PART 87 "j_index_ri_2"
PART 88 "j_mid_ri_3"
PART 89 "j_pinky_ri_2"
PART 90 "j_ring_ri_2"
PART 91 "j_thumb_ri_3"
PART 92 "j_index_le_3"
PART 93 "j_pinky_le_3"
PART 94 "j_ring_le_3"
PART 95 "j_index_ri_3"
PART 96 "j_pinky_ri_3"
PART 97 "j_ring_ri_3"
PART 98 "tag_cambone"
PART 99 "tag_camera"
PART 100 "tag_fill_light"
PART 101 "tag_flashlight"
PART 102 "tag_gasmask"

FRAMERATE 30
NUMFRAMES 7

FRAME 0
PART 0
OFFSET -1.009664, -0.000001, 52.513799
SCALE 1.000000, 1.000000, 1.000000
X 1.000000, 0.000000, 0.000000
Y 0.000000, 1.000000, 0.000000
Z 0.000000, 0.000000, 1.000000

PART 1
OFFSET -7.111344, 5.639455, 51.294254
SCALE 1.000000, 1.000000, 1.000000
X 0.937787, -0.021399, -0.346552
Y -0.230631, 0.707709, -0.667800
Z 0.259548, 0.706180, 0.658744

PART 2
OFFSET -10.574599, -6.037421, 52.171387
SCALE 1.000000, 1.000000, 1.000000
X -0.525878, 0.468238, 0.710074
Y 0.843951, 0.391119, 0.367114
Z -0.105827, 0.792325, -0.600851

PART 3
OFFSET 4.212555, -3.346090, 51.182778
SCALE 1.000000, 1.000000, 1.000000
X 1.000000, 0.000099, -0.000051
Y -0.000099, 1.000000, -0.000054
Z 0.000051, 0.000054, 1.000000

PART 4
OFFSET 4.212736, -3.345001, 51.182499
SCALE 1.000000, 1.000000, 1.000000
X 1.000000, -0.000000, 0.000000
Y 0.000000, 1.000000, 0.000000
Z -0.000000, -0.000000, 1.000000

PART 5
OFFSET 3.116232, 4.886851, 48.070830
SCALE 1.000000, 1.000000, 1.000000
X 0.631207, -0.640292, 0.437726
Y 0.730902, 0.302193, -0.611932
Z 0.259538, 0.706191, 0.658737

PART 6
OFFSET -4.754053, -10.407752, 45.384230
SCALE 1.000000, 1.000000, 1.000000
X -0.457352, -0.575183, -0.678228
Y -0.882984, 0.203085, 0.423197
Z -0.105678, 0.792414, -0.600759

PART 7
OFFSET 4.212736, -3.345001, 51.182499
SCALE 1.000000, 1.000000, 1.000000
X 1.000000, 0.000000, 0.000000
Y 0.000000, 1.000000, 0.000000
Z 0.000000, 0.000000, 1.000000

PART 8
OFFSET 3.116232, 4.886851, 48.070830
SCALE 1.000000, 1.000000, 1.000000
X 0.631207, -0.640292, 0.437726
Y 0.730902, 0.302193, -0.611932
Z 0.259538, 0.706191, 0.658737

PART 9
OFFSET 9.555435, -1.589606, 52.425871
SCALE 1.000000, 1.000000, 1.000000
X 0.944705, -0.319582, 0.073476
Y -0.148828, -0.617519, -0.772347
Z 0.292201, 0.718705, -0.630937

PART 10
OFFSET 7.758446, 0.177656, 51.289400
SCALE 1.000000, 1.000000, 1.000000
X 0.631207, -0.640292, 0.437726
Y 0.018746, -0.551601, -0.833897
Z 0.775388, 0.534567, -0.336171

PART 11
OFFSET 6.984744, 0.962521, 50.752974
SCALE 1.000000, 1.000000, 1.000000
X 0.631207, -0.640292, 0.437726
Y 0.180025, -0.428002, -0.885667
Z 0.754433, 0.637840, -0.154890

PART 12
OFFSET 6.211041, 1.747387, 50.216545
SCALE 1.000000, 1.000000, 1.000000
X 0.631207, -0.640292, 0.437726
Y 0.333422, -0.285550, -0.898494
Z 0.700291, 0.713083, 0.033246

PART 13
OFFSET 5.437337, 2.532255, 49.680117
SCALE 1.000000, 1.000000, 1.000000
X 0.631207, -0.640292, 0.437726
Y 0.463846, -0.140692, -0.874673
Z 0.621631, 0.755137, 0.208191

PART 14
OFFSET 4.663634, 3.317119, 49.143688
SCALE 1.000000, 1.000000, 1.000000
X 0.631207, -0.640292, 0.437726
Y 0.575984, 0.009000, -0.817411
Z 0.519442, 0.768079, 0.374479

PART 15
OFFSET 3.889933, 4.101985, 48.607262
SCALE 1.000000, 1.000000, 1.000000
X 0.631207, -0.640292, 0.437726
Y 0.666272, 0.158705, -0.728625
Z 0.397063, 0.751557, 0.526785

PART 16
OFFSET 8.532148, -0.607210, 51.825826
SCALE 1.000000, 1.000000, 1.000000
X 0.631207, -0.640292, 0.437726
Y -0.132906, -0.645303, -0.752277
Z 0.764143, 0.416666, -0.492418

PART 17
OFFSET -4.754053, -10.407752, 45.384230
SCALE 1.000000, 1.000000, 1.000000
X -0.457352, -0.575183, -0.678228
Y -0.882984, 0.203085, 0.423197
Z -0.105678, 0.792414, -0.600759

PART 18
OFFSET 0.244915, -4.615495, 52.339321
SCALE 1.000000, 1.000000, 1.000000
X -0.960072, -0.056448, -0.273997
Y -0.279136, 0.258219, 0.924882
Z 0.018544, 0.964436, -0.263665

PART 19
OFFSET -1.391257, -6.179439, 50.370606
SCALE 1.000000, 1.000000, 1.000000
X -0.457352, -0.575183, -0.678228
Y -0.816284, -0.031090, 0.576814
Z -0.352860, 0.817434, -0.455294

PART 20
OFFSET -1.951722, -6.884159, 49.539546
SCALE 1.000000, 1.000000, 1.000000
X -0.457352, -0.575183, -0.678228
Y -0.833007, 0.010088, 0.553170
Z -0.311332, 0.817962, -0.483745

PART 21
OFFSET -2.512190, -7.588877, 48.708481
SCALE 1.000000, 1.000000, 1.000000
X -0.457352, -0.575183, -0.678228
Y -0.847623, 0.051249, 0.528118
Z -0.269006, 0.816418, -0.510977

PART 22
OFFSET -3.072657, -8.293598, 47.877418
SCALE 1.000000, 1.000000, 1.000000
X -0.457352, -0.575183, -0.678228
Y -0.859358, 0.089664, 0.503453
Z -0.228765, 0.813096, -0.535296

PART 23
OFFSET -3.633123, -8.998314, 47.046356
SCALE 1.000000, 1.000000, 1.000000
X -0.457352, -0.575183, -0.678228
Y -0.869148, 0.127731, 0.477772
Z -0.188176, 0.807991, -0.558337

PART 24
OFFSET -4.193589, -9.703034, 46.215295
SCALE 1.000000, 1.000000, 1.000000
X -0.457352, -0.575183, -0.678228
Y -0.877040, 0.165607, 0.450972
Z -0.147072, 0.801086, -0.580199

PART 25
OFFSET -0.830790, -5.474720, 51.201666
SCALE 1.000000, 1.000000, 1.000000
X -0.457352, -0.575183, -0.678228
Y -0.798778, -0.069514, 0.597596
Z -0.390874, 0.815066, -0.427651

PART 26
OFFSET 18.406023, -3.345001, 55.039200
SCALE 1.000000, 1.000000, 1.000000
X 0.000000, -1.000000, -0.000000
Y 1.000000, 0.000000, 0.000000
Z 0.000000, -0.000000, 1.000000

PART 27
OFFSET 6.817549, -3.345001, 58.779000
SCALE 1.000000, 1.000000, 1.000000
X 1.000000, 0.000000, 0.000000
Y 0.000000, 1.000000, 0.000000
Z 0.000000, 0.000000, 1.000000

PART 28
OFFSET 14.938165, -3.345001, 56.276169
SCALE 1.000000, 1.000000, 1.000000
X 1.000000, 0.000000, 0.000000
Y 0.000000, 1.000000, 0.000000
Z 0.000000, 0.000000, 1.000000

PART 29
OFFSET 14.182766, -3.345001, 56.276169
SCALE 1.000000, 1.000000, 1.000000
X 1.000000, 0.000000, 0.000000
Y 0.000000, 1.000000, 0.000000
Z 0.000000, 0.000000, 1.000000

PART 30
OFFSET 11.545282, -2.571936, 58.207563
SCALE 1.000000, 1.000000, 1.000000
X 1.000000, 0.000000, 0.000000
Y 0.000000, 1.000000, 0.000000
Z 0.000000, 0.000000, 1.000000

PART 31
OFFSET 10.668162, -3.345001, 57.879873
SCALE 1.000000, 1.000000, 1.000000
X 1.000000, 0.000000, 0.000000
Y 0.000000, 1.000000, 0.000000
Z 0.000000, 0.000000, 1.000000

PART 32
OFFSET 39.283635, -3.345001, 55.699058
SCALE 1.000000, 1.000000, 1.000000
X 1.000000, 0.000000, 0.000000
Y 0.000000, 1.000000, 0.000000
Z 0.000000, 0.000000, 1.000000

PART 33
OFFSET 36.934472, -2.068276, 55.290333
SCALE 1.000000, 1.000000, 1.000000
X -1.000000, 0.000000, -0.000000
Y -0.000000, -0.482487, 0.875903
Z 0.000000, 0.875903, 0.482487

PART 34
OFFSET 36.934472, -4.621726, 55.290333
SCALE 1.000000, 1.000000, 1.000000
X -1.000000, 0.000000, 0.000000
Y 0.000000, 0.482487, 0.875903
Z 0.000000, 0.875903, -0.482487

PART 35
OFFSET 16.764277, -3.371471, 56.543472
SCALE 1.000000, 1.000000, 1.000000
X 0.000000, 0.973996, 0.226565
Y -1.000000, 0.000000, -0.000000
Z -0.000000, -0.226565, 0.973996

PART 36
OFFSET 16.764240, -2.898227, 56.653560
SCALE 1.000000, 1.000000, 1.000000
X -0.000000, 0.995443, -0.095362
Y -1.000000, -0.000000, 0.000000
Z -0.000000, 0.095362, 0.995443

PART 37
OFFSET 16.764176, -2.421040, 56.607898
SCALE 1.000000, 1.000000, 1.000000
X 0.000000, 0.851807, -0.523855
Y -1.000000, 0.000000, 0.000000
Z 0.000000, 0.523855, 0.851807

PART 38
OFFSET 16.764334, -2.006501, 56.352899
SCALE 1.000000, 1.000000, 1.000000
X 0.000000, 0.587919, -0.808920
Y -1.000000, 0.000000, -0.000000
Z 0.000000, 0.808920, 0.587919

PART 39
OFFSET 16.764334, -1.722866, 55.962298
SCALE 1.000000, 1.000000, 1.000000
X 0.000000, 0.375115, -0.926978
Y -1.000000, 0.000000, -0.000000
Z 0.000000, 0.926978, 0.375115

PART 40
OFFSET 16.764334, -1.540678, 55.511299
SCALE 1.000000, 1.000000, 1.000000
X -0.000000, 0.237846, -0.971303
Y -1.000000, -0.000000, 0.000000
Z -0.000000, 0.971303, 0.237846

PART 41
OFFSET 16.764334, -1.425535, 55.046499
SCALE 1.000000, 1.000000, 1.000000
X 0.000000, 0.149063, -0.988828
Y -1.000000, 0.000000, -0.000000
Z 0.000000, 0.988828, 0.149063

PART 42
OFFSET 16.764334, -1.353641, 54.564999
SCALE 1.000000, 1.000000, 1.000000
X 0.000000, 0.091155, -0.995837
Y -1.000000, 0.000000, -0.000000
Z 0.000000, 0.995837, 0.091155

PART 43
OFFSET 16.764334, -1.309869, 54.095768
SCALE 1.000000, 1.000000, 1.000000
X 0.000000, 0.051620, -0.998667
Y -1.000000, 0.000000, -0.000000
Z 0.000000, 0.998667, 0.051620

PART 44
OFFSET 16.764334, -1.285164, 53.609699
SCALE 1.000000, 1.000000, 1.000000
X -0.000000, 0.023131, -0.999732
Y -1.000000, -0.000000, 0.000000
Z -0.000000, 0.999732, 0.023131

PART 45
OFFSET 16.764334, -1.275048, 53.130598
SCALE 1.000000, 1.000000, 1.000000
X 0.000000, 0.002258, -0.999997
Y -1.000000, 0.000000, -0.000000
Z 0.000000, 0.999997, 0.002258

PART 46
OFFSET 16.764334, -1.273501, 52.644699
SCALE 1.000000, 1.000000, 1.000000
X -0.000000, -0.013184, -0.999913
Y -1.000000, -0.000000, 0.000000
Z -0.000000, 0.999913, -0.013184

PART 47
OFFSET 16.764334, -1.279801, 52.166398
SCALE 1.000000, 1.000000, 1.000000
X 0.000000, -0.025390, -0.999678
Y -1.000000, -0.000000, 0.000000
Z -0.000000, 0.999678, -0.025390

PART 48
OFFSET 16.764334, -1.292201, 51.680599
SCALE 1.000000, 1.000000, 1.000000
X 0.000000, -0.035518, -0.999369
Y -1.000000, 0.000000, -0.000000
Z 0.000000, 0.999369, -0.035518

PART 49
OFFSET 16.764334, -1.309201, 51.201699
SCALE 1.000000, 1.000000, 1.000000
X -0.000000, -0.043875, -0.999037
Y -1.000000, -0.000000, 0.000000
Z -0.000000, 0.999037, -0.043875

PART 50
OFFSET 16.764334, -1.330501, 50.716299
SCALE 1.000000, 1.000000, 1.000000
X 0.000000, -0.050767, -0.998711
Y -1.000000, -0.000000, 0.000000
Z -0.000000, 0.998711, -0.050767

PART 51
OFFSET 16.764334, -1.354801, 50.239399
SCALE 1.000000, 1.000000, 1.000000
X -0.000000, -0.056498, -0.998403
Y -1.000000, -0.000000, 0.000000
Z -0.000000, 0.998403, -0.056498

PART 52
OFFSET 16.764334, -1.381801, 49.761399
SCALE 1.000000, 1.000000, 1.000000
X -0.000000, -0.061252, -0.998122
Y -1.000000, -0.000000, 0.000000
Z -0.000000, 0.998122, -0.061252

PART 53
OFFSET 16.764334, -1.411701, 49.275699
SCALE 1.000000, 1.000000, 1.000000
X 0.000000, -0.064178, -0.997938
Y -1.000000, 0.000000, -0.000000
Z 0.000000, 0.997938, -0.064178

PART 54
OFFSET 16.764334, -1.442201, 48.800498
SCALE 1.000000, 1.000000, 1.000000
X 0.000000, -0.064178, -0.997938
Y -1.000000, 0.000000, -0.000000
Z 0.000000, 0.997938, -0.064178

PART 55
OFFSET 19.472009, -3.345775, 57.671328
SCALE 1.000000, 1.000000, 1.000000
X -0.000000, 1.000000, 0.000000
Y -1.000000, -0.000000, 0.000000
Z 0.000000, 0.000000, 1.000000

PART 56
OFFSET 6.717357, -3.354679, 58.569993
SCALE 1.000000, 1.000000, 1.000000
X -0.000000, 1.000000, 0.000000
Y -1.000000, -0.000000, 0.000000
Z 0.000000, 0.000000, 1.000000

PART 57
OFFSET 14.209039, -4.878158, 56.654586
SCALE 1.000000, 1.000000, 1.000000
X -0.000000, 1.000000, 0.000000
Y -1.000000, -0.000000, 0.000000
Z 0.000000, 0.000000, 1.000000

PART 58
OFFSET 18.527657, -3.338023, 57.403526
SCALE 1.000000, 1.000000, 1.000000
X -0.000000, 1.000000, 0.000000
Y -1.000000, -0.000000, 0.000000
Z 0.000000, 0.000000, 1.000000

PART 59
OFFSET 15.448713, -2.333269, 56.189739
SCALE 1.000000, 1.000000, 1.000000
X -0.000000, 1.000000, 0.000000
Y -1.000000, -0.000000, 0.000000
Z 0.000000, 0.000000, 1.000000

PART 60
OFFSET 13.000153, -1.973707, 53.461189
SCALE 1.000000, 1.000000, 1.000000
X 0.944705, -0.319582, 0.073476
Y -0.148828, -0.617519, -0.772347
Z 0.292201, 0.718705, -0.630937

PART 61
OFFSET 12.924099, -2.655163, 52.501323
SCALE 1.000000, 1.000000, 1.000000
X 0.290010, -0.894660, 0.339821
Y -0.359393, 0.227281, 0.905085
Z -0.886978, -0.384613, -0.255621

PART 62
OFFSET 9.855898, -2.749836, 51.700661
SCALE 1.000000, 1.000000, 1.000000
X 0.662949, -0.708345, 0.242374
Y -0.638554, -0.365988, 0.676980
Z -0.390829, -0.603572, -0.694948

PART 63
OFFSET 10.520806, -2.374092, 51.884826
SCALE 1.000000, 1.000000, 1.000000
X 0.820847, -0.555999, 0.130671
Y -0.468375, -0.524360, 0.711105
Z -0.326855, -0.644912, -0.690836

PART 64
OFFSET 10.378775, -0.994274, 53.629445
SCALE 1.000000, 1.000000, 1.000000
X 0.933242, -0.276914, 0.228864
Y -0.047368, -0.726349, -0.685692
Z 0.356113, 0.629075, -0.690976

PART 65
OFFSET 3.257320, -4.217756, 54.299868
SCALE 1.000000, 1.000000, 1.000000
X -0.960072, -0.056448, -0.273997
Y -0.279136, 0.258219, 0.924882
Z 0.018544, 0.964436, -0.263665

PART 66
OFFSET 3.328053, -4.637464, 53.208788
SCALE 1.000000, 1.000000, 1.000000
X -0.346746, -0.923173, 0.165889
Y 0.895042, -0.378551, -0.235796
Z 0.280478, 0.066716, 0.957539

PART 67
OFFSET 1.132083, -4.549707, 51.381530
SCALE 1.000000, 1.000000, 1.000000
X 0.974896, 0.217640, -0.047011
Y -0.052657, 0.020212, -0.998408
Z -0.216343, 0.975820, 0.031165

PART 68
OFFSET 1.456637, -4.715831, 52.064248
SCALE 1.000000, 1.000000, 1.000000
X 0.986086, 0.155307, 0.059281
Y 0.064502, -0.028790, -0.997502
Z -0.153212, 0.987447, -0.038407

PART 69
OFFSET 0.308785, -4.156970, 53.177648
SCALE 1.000000, 1.000000, 1.000000
X -0.575268, -0.715985, -0.395515
Y -0.813690, 0.451539, 0.366089
Z -0.083524, 0.532426, -0.842346

PART 70
OFFSET 13.118224, -2.028704, 53.214125
SCALE 1.000000, 1.000000, 1.000000
X 0.532738, -0.843894, -0.063499
Y -0.402939, -0.318919, 0.857864
Z -0.744198, -0.431431, -0.509938

PART 71
OFFSET 13.000153, -1.973707, 53.461189
SCALE 1.000000, 1.000000, 1.000000
X 0.944705, -0.319582, 0.073476
Y -0.148828, -0.617519, -0.772347
Z 0.292201, 0.718705, -0.630937

PART 72
OFFSET 13.516663, -4.483135, 53.195574
SCALE 1.000000, 1.000000, 1.000000
X -0.246748, -0.073278, 0.966305
Y -0.390429, 0.920147, -0.029919
Z -0.886950, -0.384656, -0.255654

PART 73
OFFSET 11.641088, -4.250402, 52.407424
SCALE 1.000000, 1.000000, 1.000000
X 0.173989, -0.476560, 0.861753
Y -0.422692, 0.754241, 0.502446
Z -0.889415, -0.451676, -0.070209

PART 74
OFFSET 12.382828, -3.635024, 52.305376
SCALE 1.000000, 1.000000, 1.000000
X 0.176374, -0.637609, 0.749898
Y -0.522674, 0.584897, 0.620247
Z -0.834088, -0.501348, -0.230101

PART 75
OFFSET 12.136140, -1.604807, 54.291069
SCALE 1.000000, 1.000000, 1.000000
X 0.948648, -0.315234, -0.026362
Y -0.287020, -0.822708, -0.490684
Z 0.132992, 0.473053, -0.870939

PART 76
OFFSET 3.067970, -4.451936, 54.126718
SCALE 1.000000, 1.000000, 1.000000
X -0.999436, 0.021196, 0.026043
Y -0.018419, -0.994554, 0.102586
Z 0.028075, 0.102048, 0.994383

PART 77
OFFSET 3.257320, -4.217756, 54.299868
SCALE 1.000000, 1.000000, 1.000000
X -0.960072, -0.056448, -0.273997
Y -0.279136, 0.258219, 0.924882
Z 0.018544, 0.964436, -0.263665

PART 78
OFFSET 4.036535, -2.751156, 52.869826
SCALE 1.000000, 1.000000, 1.000000
X 0.895412, -0.377591, -0.235926
Y 0.345830, 0.923567, -0.165604
Z 0.280424, 0.066693, 0.957556

PART 79
OFFSET 3.286617, -4.177837, 51.176356
SCALE 1.000000, 1.000000, 1.000000
X -0.008706, -0.984812, -0.173404
Y 0.849526, 0.084189, -0.520786
Z 0.527475, -0.151845, 0.835891

PART 80
OFFSET 3.393757, -4.364646, 52.179652
SCALE 1.000000, 1.000000, 1.000000
X -0.241589, -0.969583, 0.039300
Y 0.902698, -0.239414, -0.357516
Z 0.356050, -0.050896, 0.933080

PART 81
OFFSET 1.418579, -2.585959, 54.023719
SCALE 1.000000, 1.000000, 1.000000
X -0.959813, -0.279348, -0.026900
Y -0.266762, 0.878380, 0.396595
Z -0.087159, 0.387833, -0.917600

PART 82
OFFSET 14.067523, -3.532346, 53.100970
SCALE 1.000000, 1.000000, 1.000000
X 0.223022, -0.880145, 0.419054
Y -0.629599, 0.198139, 0.751230
Z -0.744222, -0.431376, -0.509949

PART 83
OFFSET 13.227449, -4.569048, 54.328404
SCALE 1.000000, 1.000000, 1.000000
X -0.388646, 0.322509, 0.863100
Y -0.249546, 0.864886, -0.435545
Z -0.886950, -0.384656, -0.255654

PART 84
OFFSET 11.868334, -4.872854, 53.532992
SCALE 1.000000, 1.000000, 1.000000
X -0.149745, 0.142792, 0.978359
Y -0.431876, 0.880681, -0.194637
Z -0.889415, -0.451676, -0.070209

PART 85
OFFSET 12.671884, -4.679971, 53.534422
SCALE 1.000000, 1.000000, 1.000000
X -0.322681, 0.105057, 0.940659
Y -0.447469, 0.858815, -0.249415
Z -0.834055, -0.501398, -0.230114

PART 86
OFFSET 13.437903, -2.068174, 54.262975
SCALE 1.000000, 1.000000, 1.000000
X 0.976576, 0.099966, 0.190541
Y 0.197431, -0.768402, -0.608752
Z 0.085558, 0.632112, -0.770139

PART 87
OFFSET 4.848774, -4.489689, 54.080284
SCALE 1.000000, 1.000000, 1.000000
X -0.284050, -0.952947, 0.105864
Y 0.958397, -0.285431, 0.002196
Z 0.028124, 0.102084, 0.994378

PART 88
OFFSET 2.986748, -2.308478, 53.146431
SCALE 1.000000, 1.000000, 1.000000
X 0.872922, 0.397214, -0.283246
Y -0.399252, 0.915299, 0.053148
Z 0.280366, 0.066692, 0.957574

PART 89
OFFSET 3.297979, -2.891495, 51.402793
SCALE 1.000000, 1.000000, 1.000000
X 0.705700, -0.469571, -0.530557
Y 0.473057, 0.869748, -0.140555
Z 0.527451, -0.151794, 0.835915

PART 90
OFFSET 3.789715, -2.775591, 52.115241
SCALE 1.000000, 1.000000, 1.000000
X 0.859935, -0.372882, -0.348527
Y 0.365682, 0.926479, -0.088960
Z 0.356075, -0.050950, 0.933067

PART 91
OFFSET 2.251433, -2.254810, 54.100424
SCALE 1.000000, 1.000000, 1.000000
X -0.879135, 0.331008, 0.342865
Y 0.438031, 0.844660, 0.307699
Z -0.187754, 0.420694, -0.887561

PART 92
OFFSET 14.279184, -4.367668, 53.498704
SCALE 1.000000, 1.000000, 1.000000
X -0.122829, -0.662065, 0.739312
Y -0.656542, 0.612849, 0.439738
Z -0.744222, -0.431376, -0.509949

PART 93
OFFSET 11.754769, -4.764593, 54.274775
SCALE 1.000000, 1.000000, 1.000000
X -0.295387, 0.450721, 0.842376
Y -0.348837, 0.769960, -0.534298
Z -0.889415, -0.451676, -0.070209

PART 94
OFFSET 12.325461, -4.567197, 54.544271
SCALE 1.000000, 1.000000, 1.000000
X -0.391911, 0.244936, 0.886799
Y -0.388275, 0.829823, -0.400794
Z -0.834055, -0.501398, -0.230114

PART 95
OFFSET 5.118262, -3.585304, 53.979827
SCALE 1.000000, 1.000000, 1.000000
X 0.213725, -0.972382, 0.093781
Y 0.976489, 0.209886, -0.049166
Z 0.028124, 0.102084, 0.994378

PART 96
OFFSET 2.762920, -2.535394, 51.805132
SCALE 1.000000, 1.000000, 1.000000
X 0.827513, 0.314610, -0.465019
Y -0.192400, 0.937006, 0.291553
Z 0.527451, -0.151794, 0.835915

PART 97
OFFSET 2.866457, -2.375290, 52.489397
SCALE 1.000000, 1.000000, 1.000000
X 0.851895, 0.428107, -0.301661
Y -0.384092, 0.902290, 0.195820
Z 0.356018, -0.050952, 0.933089

PART 98
OFFSET -0.106364, -0.000001, 59.999999
SCALE 1.000000, 1.000000, 1.000000
X 1.000000, 0.000000, 0.000000
Y 0.000000, 1.000000, 0.000000
Z 0.000000, 0.000000, 1.000000

PART 99
OFFSET -0.106364, -0.000001, 59.999999
SCALE 1.000000, 1.000000, 1.000000
X 1.000000, 0.000000, 0.000000
Y 0.000000, 1.000000, 0.000000
Z 0.000000, 0.000000, 1.000000

PART 100
OFFSET -4.738254, -0.000001, 58.623226
SCALE 1.000000, 1.000000, 1.000000
X 1.000000, 0.000000, 0.000000
Y 0.000000, 1.000000, 0.000000
Z 0.000000, 0.000000, 1.000000

PART 101
OFFSET 1.434187, -0.000001, 64.135821
SCALE 1.000000, 1.000000, 1.000000
X 1.000000, 0.000000, 0.000000
Y 0.000000, 1.000000, 0.000000
Z 0.000000, 0.000000, 1.000000

PART 102
OFFSET 1.434187, -0.000001, 64.135821
SCALE 1.000000, 1.000000, 1.000000
X 1.000000, 0.000000, 0.000000
Y 0.000000, 1.000000, 0.000000
Z 0.000000, 0.000000, 1.000000

FRAME 1
PART 0
OFFSET -1.009664, -0.000001, 52.513799
SCALE 1.000000, 1.000000, 1.000000
X 1.000000, 0.000000, 0.000000
Y 0.000000, 1.000000, 0.000000
Z 0.000000, 0.000000, 1.000000

PART 1
OFFSET -7.138056, 5.644389, 51.227826
SCALE 1.000000, 1.000000, 1.000000
X 0.915160, -0.017258, -0.402722
Y -0.288955, 0.668503, -0.685280
Z 0.281047, 0.743510, 0.606800

PART 2
OFFSET -10.584572, -6.049252, 52.171935
SCALE 1.000000, 1.000000, 1.000000
X -0.517415, 0.478260, 0.709612
Y 0.851475, 0.370373, 0.371233
Z -0.085275, 0.796299, -0.598863

PART 3
OFFSET 3.874997, -3.348938, 51.208747
SCALE 1.000000, 1.000000, 1.000000
X 0.998503, 0.045162, -0.030846
Y -0.045280, 0.998969, -0.003159
Z 0.030671, 0.004551, 0.999519

PART 4
OFFSET 3.873288, -3.350981, 51.211632
SCALE 1.000000, 1.000000, 1.000000
X 0.998505, 0.045214, -0.030714
Y -0.045330, 0.998967, -0.003089
Z 0.030543, 0.004477, 0.999523

PART 5
OFFSET 2.852547, 4.950902, 47.449726
SCALE 1.000000, 1.000000, 1.000000
X 0.627808, -0.620650, 0.469736
Y 0.725863, 0.248936, -0.641212
Z 0.281034, 0.743522, 0.606791

PART 6
OFFSET -4.862743, -10.529027, 45.401592
SCALE 1.000000, 1.000000, 1.000000
X -0.443938, -0.568278, -0.692805
Y -0.891993, 0.206708, 0.402021
Z -0.085251, 0.796449, -0.598666

PART 7
OFFSET 3.873288, -3.350981, 51.211632
SCALE 1.000000, 1.000000, 1.000000
X 0.998505, 0.045214, -0.030714
Y -0.045330, 0.998967, -0.003089
Z 0.030543, 0.004477, 0.999523

PART 8
OFFSET 2.852547, 4.950902, 47.449726
SCALE 1.000000, 1.000000, 1.000000
X 0.627808, -0.620650, 0.469736
Y 0.725863, 0.248936, -0.641212
Z 0.281034, 0.743522, 0.606791

PART 9
OFFSET 9.253189, -1.332028, 52.128371
SCALE 1.000000, 1.000000, 1.000000
X 0.951204, -0.300927, 0.068216
Y -0.157889, -0.664624, -0.730306
Z 0.265107, 0.683899, -0.679706

PART 10
OFFSET 7.469749, 0.386123, 50.903724
SCALE 1.000000, 1.000000, 1.000000
X 0.627808, -0.620650, 0.469736
Y -0.001073, -0.604177, -0.796849
Z 0.778368, 0.499764, -0.379973

PART 11
OFFSET 6.700215, 1.146919, 50.328061
SCALE 1.000000, 1.000000, 1.000000
X 0.627808, -0.620650, 0.469736
Y 0.160911, -0.486963, -0.858472
Z 0.761554, 0.614541, -0.205850

PART 12
OFFSET 5.930681, 1.907716, 49.752393
SCALE 1.000000, 1.000000, 1.000000
X 0.627808, -0.620650, 0.469736
Y 0.315887, -0.348398, -0.882516
Z 0.711388, 0.702433, -0.022672

PART 13
OFFSET 5.161146, 2.668515, 49.176727
SCALE 1.000000, 1.000000, 1.000000
X 0.627808, -0.620650, 0.469736
Y 0.448543, -0.204736, -0.869996
Z 0.636134, 0.756886, 0.149853

PART 14
OFFSET 4.391612, 3.429309, 48.601060
SCALE 1.000000, 1.000000, 1.000000
X 0.627808, -0.620650, 0.469736
Y 0.563566, -0.053814, -0.824316
Z 0.536890, 0.782239, 0.315992

PART 15
OFFSET 3.622079, 4.190106, 48.025395
SCALE 1.000000, 1.000000, 1.000000
X 0.627808, -0.620650, 0.469736
Y 0.657318, 0.099527, -0.747012
Z 0.416882, 0.777746, 0.470448

PART 16
OFFSET 8.239282, -0.374673, 51.479389
SCALE 1.000000, 1.000000, 1.000000
X 0.627808, -0.620650, 0.469736
Y -0.152597, -0.689917, -0.707622
Z 0.763264, 0.372570, -0.527844

PART 17
OFFSET -4.862743, -10.529027, 45.401592
SCALE 1.000000, 1.000000, 1.000000
X -0.443938, -0.568278, -0.692805
Y -0.891993, 0.206708, 0.402021
Z -0.085251, 0.796449, -0.598666

PART 18
OFFSET 0.003585, -4.792238, 52.495710
SCALE 1.000000, 1.000000, 1.000000
X -0.964482, -0.101042, -0.244060
Y -0.262034, 0.249273, 0.932310
Z -0.033364, 0.963148, -0.266895

PART 19
OFFSET -1.598570, -6.351481, 50.495142
SCALE 1.000000, 1.000000, 1.000000
X -0.443938, -0.568278, -0.692805
Y -0.827222, -0.037265, 0.560638
Z -0.344416, 0.821992, -0.453549

PART 20
OFFSET -2.142598, -7.047740, 49.646220
SCALE 1.000000, 1.000000, 1.000000
X -0.443938, -0.568278, -0.692805
Y -0.844050, 0.005632, 0.536234
Z -0.300828, 0.822817, -0.482156

PART 21
OFFSET -2.686629, -7.743996, 48.797293
SCALE 1.000000, 1.000000, 1.000000
X -0.443938, -0.568278, -0.692805
Y -0.858587, 0.048524, 0.510367
Z -0.256413, 0.821404, -0.509458

PART 22
OFFSET -3.230659, -8.440256, 47.948368
SCALE 1.000000, 1.000000, 1.000000
X -0.443938, -0.568278, -0.692805
Y -0.870078, 0.088557, 0.484893
Z -0.214202, 0.818057, -0.533760

PART 23
OFFSET -3.774688, -9.136511, 47.099443
SCALE 1.000000, 1.000000, 1.000000
X -0.443938, -0.568278, -0.692805
Y -0.879463, 0.128223, 0.458370
Z -0.171648, 0.812784, -0.556703

PART 24
OFFSET -4.318717, -9.832770, 46.250520
SCALE 1.000000, 1.000000, 1.000000
X -0.443938, -0.568278, -0.692805
Y -0.886783, 0.167681, 0.430695
Z -0.128585, 0.805570, -0.578380

PART 25
OFFSET -1.054541, -5.655223, 51.344065
SCALE 1.000000, 1.000000, 1.000000
X -0.443938, -0.568278, -0.692805
Y -0.809456, -0.077276, 0.582073
Z -0.384317, 0.819200, -0.425690

PART 26
OFFSET 18.163153, -2.691980, 54.630556
SCALE 1.000000, 1.000000, 1.000000
X 0.045330, -0.998967, 0.003089
Y 0.998505, 0.045214, -0.030714
Z 0.030543, 0.004477, 0.999523

PART 27
OFFSET 6.706228, -3.199200, 58.724507
SCALE 1.000000, 1.000000, 1.000000
X 0.998505, 0.045214, -0.030714
Y -0.045330, 0.998967, -0.003089
Z 0.030543, 0.004477, 0.999523

PART 28
OFFSET 14.738260, -2.843238, 55.973449
SCALE 1.000000, 1.000000, 1.000000
X 0.998505, 0.045214, -0.030714
Y -0.045330, 0.998967, -0.003089
Z 0.030543, 0.004477, 0.999523

PART 29
OFFSET 13.983990, -2.877393, 55.996650
SCALE 1.000000, 1.000000, 1.000000
X 0.998505, 0.045214, -0.030714
Y -0.045330, 0.998967, -0.003089
Z 0.030543, 0.004477, 0.999523

PART 30
OFFSET 11.374396, -2.215731, 58.005745
SCALE 1.000000, 1.000000, 1.000000
X 0.998505, 0.045214, -0.030714
Y -0.045330, 0.998967, -0.003089
Z 0.030543, 0.004477, 0.999523

PART 31
OFFSET 10.523622, -3.029123, 57.707539
SCALE 1.000000, 1.000000, 1.000000
X 0.998505, 0.045214, -0.030714
Y -0.045330, 0.998967, -0.003089
Z 0.030543, 0.004477, 0.999523

PART 32
OFFSET 39.029708, -1.745064, 54.648854
SCALE 1.000000, 1.000000, 1.000000
X 0.998505, 0.045214, -0.030714
Y -0.045330, 0.998967, -0.003089
Z 0.030543, 0.004477, 0.999523

PART 33
OFFSET 36.613698, -0.577702, 54.308534
SCALE 1.000000, 1.000000, 1.000000
X -0.998506, -0.045205, 0.030709
Y 0.048615, -0.478076, 0.876972
Z -0.024962, 0.877154, 0.479559

PART 34
OFFSET 36.729446, -3.128516, 54.316421
SCALE 1.000000, 1.000000, 1.000000
X -0.998505, -0.045205, 0.030720
Y 0.004890, 0.485918, 0.873991
Z -0.054436, 0.872834, -0.484971

PART 35
OFFSET 16.571006, -2.785918, 56.184618
SCALE 1.000000, 1.000000, 1.000000
X -0.037601, 0.967042, 0.251826
Y -0.998430, -0.046824, 0.030728
Z 0.041507, -0.250275, 0.967285

PART 36
OFFSET 16.560514, -2.311281, 56.287282
SCALE 1.000000, 1.000000, 1.000000
X -0.047809, 0.998741, -0.015189
Y -0.998409, -0.047327, 0.030648
Z 0.029890, 0.016630, 0.999415

PART 37
OFFSET 16.529985, -1.837330, 56.300297
SCALE 1.000000, 1.000000, 1.000000
X -0.048643, 0.861643, -0.505179
Y -0.998791, -0.038372, 0.030724
Z 0.007088, 0.506063, 0.862468

PART 38
OFFSET 16.512367, -1.402599, 56.042570
SCALE 1.000000, 1.000000, 1.000000
X -0.037801, 0.492693, -0.869382
Y -0.999275, -0.022560, 0.030664
Z -0.004506, 0.869911, 0.493189

PART 39
OFFSET 16.496397, -1.179886, 55.634221
SCALE 1.000000, 1.000000, 1.000000
X -0.033136, 0.232600, -0.972008
Y -0.999427, -0.014430, 0.030618
Z -0.006904, 0.972465, 0.232945

PART 40
OFFSET 16.498728, -1.066381, 55.160892
SCALE 1.000000, 1.000000, 1.000000
X -0.031644, 0.100850, -0.994398
Y -0.999463, -0.011643, 0.030625
Z -0.008489, 0.994834, 0.101164

PART 41
OFFSET 16.509768, -1.017772, 54.685236
SCALE 1.000000, 1.000000, 1.000000
X -0.030895, 0.030376, -0.999061
Y -0.999474, -0.010798, 0.030580
Z -0.009858, 0.999480, 0.030694

PART 42
OFFSET 16.527257, -1.002303, 54.198550
SCALE 1.000000, 1.000000, 1.000000
X -0.030470, -0.009237, -0.999493
Y -0.999475, -0.010742, 0.030569
Z -0.011019, 0.999900, -0.008905

PART 43
OFFSET 16.548431, -1.007078, 53.728470
SCALE 1.000000, 1.000000, 1.000000
X -0.030164, -0.032733, -0.999009
Y -0.999476, -0.010740, 0.030530
Z -0.011728, 0.999406, -0.032392

PART 44
OFFSET 16.574666, -1.023216, 53.242874
SCALE 1.000000, 1.000000, 1.000000
X -0.030015, -0.046978, -0.998445
Y -0.999471, -0.011070, 0.030567
Z -0.012489, 0.998835, -0.046621

PART 45
OFFSET 16.604597, -1.042853, 52.764184
SCALE 1.000000, 1.000000, 1.000000
X -0.029980, -0.054998, -0.998036
Y -0.999464, -0.011462, 0.030655
Z -0.013125, 0.998421, -0.054625

PART 46
OFFSET 16.637819, -1.069903, 52.280170
SCALE 1.000000, 1.000000, 1.000000
X -0.029853, -0.058960, -0.997814
Y -0.999463, -0.011767, 0.030597
Z -0.013545, 0.998191, -0.058577

PART 47
OFFSET 16.672008, -1.098026, 51.803921
SCALE 1.000000, 1.000000, 1.000000
X -0.029827, -0.060575, -0.997718
Y -0.999459, -0.012041, 0.030610
Z -0.013867, 0.998091, -0.060183

PART 48
OFFSET 16.712932, -1.126510, 51.321089
SCALE 1.000000, 1.000000, 1.000000
X -0.029732, -0.060358, -0.997734
Y -0.999457, -0.012380, 0.030533
Z -0.014194, 0.998100, -0.059957

PART 49
OFFSET 16.753668, -1.155672, 50.844114
SCALE 1.000000, 1.000000, 1.000000
X -0.029738, -0.058987, -0.997816
Y -0.999454, -0.012594, 0.030531
Z -0.014367, 0.998179, -0.058580

PART 50
OFFSET 16.797821, -1.184395, 50.361073
SCALE 1.000000, 1.000000, 1.000000
X -0.029805, -0.056610, -0.997951
Y -0.999450, -0.012837, 0.030578
Z -0.014542, 0.998314, -0.056197

PART 51
OFFSET 16.844041, -1.211517, 49.886984
SCALE 1.000000, 1.000000, 1.000000
X -0.029803, -0.053408, -0.998128
Y -0.999446, -0.013176, 0.030548
Z -0.014782, 0.998486, -0.052986

PART 52
OFFSET 16.887945, -1.232606, 49.409949
SCALE 1.000000, 1.000000, 1.000000
X -0.029824, -0.049596, -0.998324
Y -0.999444, -0.013391, 0.030523
Z -0.014883, 0.998680, -0.049169

PART 53
OFFSET 16.939916, -1.255637, 48.927884
SCALE 1.000000, 1.000000, 1.000000
X -0.029969, -0.046733, -0.998458
Y -0.999439, -0.013572, 0.030634
Z -0.014983, 0.998815, -0.046300

PART 54
OFFSET 16.993519, -1.279166, 48.453891
SCALE 1.000000, 1.000000, 1.000000
X -0.029969, -0.046733, -0.998458
Y -0.999439, -0.013572, 0.030634
Z -0.014983, 0.998815, -0.046300

PART 55
OFFSET 19.307973, -2.632772, 57.228691
SCALE 1.000000, 1.000000, 1.000000
X -0.045337, 0.998967, -0.003089
Y -0.998505, -0.045221, 0.030715
Z 0.030543, 0.004477, 0.999523

PART 56
OFFSET 6.600240, -3.214334, 58.518708
SCALE 1.000000, 1.000000, 1.000000
X -0.045337, 0.998967, -0.003089
Y -0.998505, -0.045221, 0.030715
Z 0.030543, 0.004477, 0.999523

PART 57
OFFSET 14.091280, -4.406085, 56.378816
SCALE 1.000000, 1.000000, 1.000000
X -0.045337, 0.998967, -0.003089
Y -0.998505, -0.045221, 0.030715
Z 0.030543, 0.004477, 0.999523

PART 58
OFFSET 18.356502, -2.668925, 56.989997
SCALE 1.000000, 1.000000, 1.000000
X -0.045337, 0.998967, -0.003089
Y -0.998505, -0.045221, 0.030715
Z 0.030543, 0.004477, 0.999523

PART 59
OFFSET 15.199543, -1.809854, 55.868253
SCALE 1.000000, 1.000000, 1.000000
X -0.045337, 0.998967, -0.003089
Y -0.998505, -0.045221, 0.030715
Z 0.030543, 0.004477, 0.999523

PART 60
OFFSET 12.727994, -1.603757, 53.096558
SCALE 1.000000, 1.000000, 1.000000
X 0.951204, -0.300927, 0.068216
Y -0.157889, -0.664624, -0.730306
Z 0.265107, 0.683899, -0.679706

PART 61
OFFSET 12.638951, -2.343275, 52.182449
SCALE 1.000000, 1.000000, 1.000000
X 0.413531, -0.848707, 0.329679
Y -0.328891, 0.198400, 0.923292
Z -0.849013, -0.490239, -0.197088

PART 62
OFFSET 9.558390, -2.530098, 51.463989
SCALE 1.000000, 1.000000, 1.000000
X 0.694293, -0.676075, 0.246738
Y -0.597677, -0.350653, 0.720988
Z -0.400923, -0.648047, -0.647531

PART 63
OFFSET 10.216720, -2.128361, 51.603598
SCALE 1.000000, 1.000000, 1.000000
X 0.838403, -0.529350, 0.129883
Y -0.429698, -0.495325, 0.754992
Z -0.335321, -0.688798, -0.642742

PART 64
OFFSET 9.928193, -0.647256, 53.247254
SCALE 1.000000, 1.000000, 1.000000
X 0.905477, -0.140373, 0.400509
Y 0.150228, -0.776597, -0.611824
Z 0.396918, 0.614160, -0.682103

PART 65
OFFSET 3.053619, -4.250090, 54.361158
SCALE 1.000000, 1.000000, 1.000000
X -0.964482, -0.101042, -0.244060
Y -0.262034, 0.249273, 0.932310
Z -0.033364, 0.963148, -0.266895

PART 66
OFFSET 3.109775, -4.670806, 53.269690
SCALE 1.000000, 1.000000, 1.000000
X -0.299217, -0.937211, 0.179181
Y 0.903646, -0.338631, -0.262208
Z 0.306420, 0.083459, 0.948231

PART 67
OFFSET 0.857020, -4.690448, 51.510796
SCALE 1.000000, 1.000000, 1.000000
X 0.962111, 0.261348, -0.077715
Y -0.084154, 0.013517, -0.996361
Z -0.259346, 0.965150, 0.034999

PART 68
OFFSET 1.209592, -4.838769, 52.183652
SCALE 1.000000, 1.000000, 1.000000
X 0.979372, 0.200065, 0.028365
Y 0.035081, -0.030105, -0.998931
Z -0.198997, 0.979320, -0.036502

PART 69
OFFSET 0.072289, -4.327704, 53.330337
SCALE 1.000000, 1.000000, 1.000000
X -0.554039, -0.742999, -0.375490
Y -0.821726, 0.415787, 0.389728
Z -0.133443, 0.524475, -0.840904

PART 70
OFFSET 12.843996, -1.661901, 52.836706
SCALE 1.000000, 1.000000, 1.000000
X 0.635218, -0.769878, -0.061537
Y -0.316949, -0.332509, 0.888246
Z -0.704303, -0.544726, -0.455227

PART 71
OFFSET 12.727994, -1.603757, 53.096558
SCALE 1.000000, 1.000000, 1.000000
X 0.951204, -0.300927, 0.068216
Y -0.157889, -0.664624, -0.730306
Z 0.265107, 0.683899, -0.679706

PART 72
OFFSET 13.483890, -4.077356, 52.855978
SCALE 1.000000, 1.000000, 1.000000
X -0.142992, -0.146004, 0.978895
Y -0.508639, 0.859293, 0.053866
Z -0.849022, -0.490202, -0.197136

PART 73
OFFSET 11.409713, -3.965608, 52.138949
SCALE 1.000000, 1.000000, 1.000000
X 0.277431, -0.500545, 0.820053
Y -0.457357, 0.681831, 0.570904
Z -0.844900, -0.533443, -0.039766

PART 74
OFFSET 12.122983, -3.322084, 52.022080
SCALE 1.000000, 1.000000, 1.000000
X 0.314422, -0.646128, 0.695455
Y -0.520368, 0.495418, 0.695542
Z -0.793950, -0.580586, -0.180454

PART 75
OFFSET 11.590977, -0.972570, 54.222947
SCALE 1.000000, 1.000000, 1.000000
X 0.952642, -0.279691, 0.119353
Y -0.178604, -0.832282, -0.524793
Z 0.246115, 0.478623, -0.842821

PART 76
OFFSET 2.869853, -4.493334, 54.194653
SCALE 1.000000, 1.000000, 1.000000
X -0.998097, -0.023974, 0.056811
Y 0.029906, -0.993918, 0.105987
Z 0.053925, 0.107484, 0.992743

PART 77
OFFSET 3.053619, -4.250090, 54.361158
SCALE 1.000000, 1.000000, 1.000000
X -0.964482, -0.101042, -0.244060
Y -0.262034, 0.249273, 0.932310
Z -0.033364, 0.963148, -0.266895

PART 78
OFFSET 3.721142, -2.755815, 52.903570
SCALE 1.000000, 1.000000, 1.000000
X 0.903956, -0.337685, -0.262361
Y 0.298320, 0.937555, -0.178876
Z 0.306381, 0.083428, 0.948246

PART 79
OFFSET 2.985141, -4.222305, 51.238130
SCALE 1.000000, 1.000000, 1.000000
X 0.030678, -0.984934, -0.170190
Y 0.828441, 0.120321, -0.546999
Z 0.559236, -0.124212, 0.819651

PART 80
OFFSET 3.131397, -4.399711, 52.238191
SCALE 1.000000, 1.000000, 1.000000
X -0.196011, -0.979351, 0.049516
Y 0.901235, -0.199818, -0.384509
Z 0.386464, -0.030742, 0.921792

PART 81
OFFSET 1.135063, -2.704417, 54.137185
SCALE 1.000000, 1.000000, 1.000000
X -0.946509, -0.322657, 0.003566
Y -0.294068, 0.867087, 0.402100
Z -0.132833, 0.379543, -0.915589

PART 82
OFFSET 13.975890, -3.033652, 52.727044
SCALE 1.000000, 1.000000, 1.000000
X 0.354502, -0.825472, 0.439231
Y -0.615032, 0.147978, 0.774493
Z -0.704318, -0.544700, -0.455233

PART 83
OFFSET 13.316312, -4.248520, 54.003563
SCALE 1.000000, 1.000000, 1.000000
X -0.331940, 0.204730, 0.920815
Y -0.411037, 0.847224, -0.336541
Z -0.849037, -0.490201, -0.197076

PART 84
OFFSET 11.772069, -4.619389, 53.210051
SCALE 1.000000, 1.000000, 1.000000
X -0.111035, 0.102171, 0.988551
Y -0.523273, 0.839642, -0.145555
Z -0.844900, -0.533443, -0.039766

PART 85
OFFSET 12.638286, -4.380993, 53.161902
SCALE 1.000000, 1.000000, 1.000000
X -0.253835, 0.046743, 0.966118
Y -0.552457, 0.812871, -0.184479
Z -0.793952, -0.580566, -0.180511

PART 86
OFFSET 12.837020, -1.391017, 54.376964
SCALE 1.000000, 1.000000, 1.000000
X 0.962299, -0.140013, 0.233189
Y 0.044474, -0.764797, -0.642734
Z 0.268334, 0.628873, -0.729737

PART 87
OFFSET 4.648269, -4.450602, 54.093395
SCALE 1.000000, 1.000000, 1.000000
X -0.237120, -0.964369, 0.117333
Y 0.969980, -0.241730, -0.026547
Z 0.053964, 0.107516, 0.992738

PART 88
OFFSET 2.661340, -2.359924, 53.211167
SCALE 1.000000, 1.000000, 1.000000
X 0.844887, 0.435098, -0.311217
Y -0.438550, 0.896510, 0.062800
Z 0.306333, 0.083425, 0.948262

PART 89
OFFSET 2.945060, -2.935806, 51.460371
SCALE 1.000000, 1.000000, 1.000000
X 0.709658, -0.439418, -0.550725
Y 0.428562, 0.889659, -0.157610
Z 0.559214, -0.124170, 0.819671

PART 90
OFFSET 3.452657, -2.794646, 52.157036
SCALE 1.000000, 1.000000, 1.000000
X 0.864876, -0.335039, -0.373817
Y 0.320341, 0.941701, -0.102861
Z 0.386486, -0.030787, 0.921781

PART 91
OFFSET 1.953981, -2.335551, 54.187171
SCALE 1.000000, 1.000000, 1.000000
X -0.882311, 0.292309, 0.368895
Y 0.408465, 0.864950, 0.291577
Z -0.233845, 0.407942, -0.882553

PART 92
OFFSET 14.312336, -3.817085, 53.143928
SCALE 1.000000, 1.000000, 1.000000
X 0.050425, -0.678046, 0.733288
Y -0.708091, 0.493513, 0.505027
Z -0.704318, -0.544700, -0.455233

PART 93
OFFSET 11.687853, -4.541930, 53.959562
SCALE 1.000000, 1.000000, 1.000000
X -0.317055, 0.439521, 0.840415
Y -0.430836, 0.722675, -0.540483
Z -0.844900, -0.533443, -0.039766

PART 94
OFFSET 12.365774, -4.330823, 54.199083
SCALE 1.000000, 1.000000, 1.000000
X -0.376133, 0.235773, 0.896066
Y -0.477666, 0.779330, -0.405563
Z -0.793952, -0.580566, -0.180511

PART 95
OFFSET 4.873219, -3.535382, 53.982057
SCALE 1.000000, 1.000000, 1.000000
X 0.260419, -0.961296, 0.089954
Y 0.963986, 0.253673, -0.079875
Z 0.053964, 0.107516, 0.992738

PART 96
OFFSET 2.406998, -2.602566, 51.878000
SCALE 1.000000, 1.000000, 1.000000
X 0.797712, 0.349748, -0.491255
Y -0.225684, 0.928580, 0.294629
Z 0.559215, -0.124160, 0.819672

PART 97
OFFSET 2.524095, -2.434975, 52.558344
SCALE 1.000000, 1.000000, 1.000000
X 0.821911, 0.464974, -0.329032
Y -0.418482, 0.884789, 0.204991
Z 0.386440, -0.030790, 0.921801

PART 98
OFFSET -0.106364, -0.000001, 59.999999
SCALE 1.000000, 1.000000, 1.000000
X 1.000000, 0.000000, 0.000000
Y 0.000000, 1.000000, 0.000000
Z 0.000000, 0.000000, 1.000000

PART 99
OFFSET -0.106364, -0.000001, 59.999999
SCALE 1.000000, 1.000000, 1.000000
X 1.000000, 0.000000, 0.000153
Y 0.000000, 1.000000, -0.000488
Z -0.000153, 0.000488, 1.000000

PART 100
OFFSET -4.738044, -0.000674, 58.622519
SCALE 1.000000, 1.000000, 1.000000
X 1.000000, 0.000000, 0.000153
Y 0.000000, 1.000000, -0.000488
Z -0.000153, 0.000488, 1.000000

PART 101
OFFSET 1.433556, 0.002018, 64.136056
SCALE 1.000000, 1.000000, 1.000000
X 1.000000, 0.000000, 0.000153
Y 0.000000, 1.000000, -0.000488
Z -0.000153, 0.000488, 1.000000

PART 102
OFFSET 1.433556, 0.002018, 64.136056
SCALE 1.000000, 1.000000, 1.000000
X 1.000000, 0.000000, 0.000153
Y 0.000000, 1.000000, -0.000488
Z -0.000153, 0.000488, 1.000000

FRAME 2
PART 0
OFFSET -1.009664, -0.000001, 52.513799
SCALE 1.000000, 1.000000, 1.000000
X 1.000000, 0.000000, 0.000000
Y 0.000000, 1.000000, 0.000000
Z 0.000000, 0.000000, 1.000000

PART 1
