// Export filename: 'C:\Program Files (x86)\Steam\steamapps\common\Call of Duty Black Ops III\xanim_export\tbd\s2\grenade_frag\vm_frag_grenade_s2_pullpin.xanim_export'
// Source filename: 'C:\Users\Ash\Documents\WW2 Waffe 28\rig\iw7-t7.ma'
// Export time: Sat Oct 14 2017, 23:34:26

ANIMATION
VERSION 3

NUMPARTS 111
PART 0 "tag_torso"
PART 1 "j_shoulder_le"
PART 2 "j_shoulder_ri"
PART 3 "tag_weapon_left"
PART 4 "tag_weapon_right"
PART 5 "j_elbow_le"
PART 6 "j_elbow_ri"
PART 7 "tag_weapon"
PART 8 "j_elbow_bulge_le"
PART 9 "j_sleeve1_01_le"
PART 10 "j_sleeve1_02_le"
PART 11 "j_sleeve1_03_le"
PART 12 "j_sleeve1_04_le"
PART 13 "j_sleeve1_05_le"
PART 14 "j_sleeve1_06_le"
PART 15 "j_sleeve2_01_le"
PART 16 "j_sleeve2_02_le"
PART 17 "j_sleeve2_03_le"
PART 18 "j_sleeve2_04_le"
PART 19 "j_sleeve2_05_le"
PART 20 "j_sleeve2_06_le"
PART 21 "j_sleeve3_01_le"
PART 22 "j_sleeve3_02_le"
PART 23 "j_sleeve3_03_le"
PART 24 "j_sleeve3_04_le"
PART 25 "j_sleeve3_05_le"
PART 26 "j_sleeve3_06_le"
PART 27 "j_wrist_le"
PART 28 "j_wristtwist1_le"
PART 29 "j_wristtwist2_le"
PART 30 "j_wristtwist3_le"
PART 31 "j_wristtwist4_le"
PART 32 "j_wristtwist5_le"
PART 33 "j_wristtwist6_le"
PART 34 "j_wristtwist_le"
PART 35 "j_elbow_bulge_ri"
PART 36 "j_sleeve1_01_ri"
PART 37 "j_sleeve1_02_ri"
PART 38 "j_sleeve1_03_ri"
PART 39 "j_sleeve1_04_ri"
PART 40 "j_sleeve1_05_ri"
PART 41 "j_sleeve1_06_ri"
PART 42 "j_sleeve2_01_ri"
PART 43 "j_sleeve2_02_ri"
PART 44 "j_sleeve2_03_ri"
PART 45 "j_sleeve2_04_ri"
PART 46 "j_sleeve2_05_ri"
PART 47 "j_sleeve2_06_ri"
PART 48 "j_sleeve3_01_ri"
PART 49 "j_sleeve3_02_ri"
PART 50 "j_sleeve3_03_ri"
PART 51 "j_sleeve3_04_ri"
PART 52 "j_sleeve3_05_ri"
PART 53 "j_sleeve3_06_ri"
PART 54 "j_wrist_ri"
PART 55 "j_wristtwist1_ri"
PART 56 "j_wristtwist2_ri"
PART 57 "j_wristtwist3_ri"
PART 58 "j_wristtwist4_ri"
PART 59 "j_wristtwist5_ri"
PART 60 "j_wristtwist6_ri"
PART 61 "j_wristtwist_ri"
PART 62 "tag_clip"
PART 63 "j_indexbase_le"
PART 64 "j_mid_le_1"
PART 65 "j_pinkybase_le"
PART 66 "j_ringbase_le"
PART 67 "j_thumb_le_1"
PART 68 "j_wristcrease2_le"
PART 69 "j_wristcrease_le"
PART 70 "j_indexbase_ri"
PART 71 "j_mid_ri_1"
PART 72 "j_pinkybase_ri"
PART 73 "j_ringbase_ri"
PART 74 "j_thumb_ri_1"
PART 75 "j_wristcrease2_ri"
PART 76 "j_wristcrease_ri"
PART 77 "jnt_pin"
PART 78 "j_index_le_1"
PART 79 "j_indexretract_le"
PART 80 "j_mid_le_2"
PART 81 "j_pinky_le_1"
PART 82 "j_ring_le_1"
PART 83 "j_thumb_le_2"
PART 84 "j_index_ri_1"
PART 85 "j_indexretract_ri"
PART 86 "j_mid_ri_2"
PART 87 "j_pinky_ri_1"
PART 88 "j_ring_ri_1"
PART 89 "j_thumb_ri_2"
PART 90 "j_index_le_2"
PART 91 "j_mid_le_3"
PART 92 "j_pinky_le_2"
PART 93 "j_ring_le_2"
PART 94 "j_thumb_le_3"
PART 95 "j_index_ri_2"
PART 96 "j_mid_ri_3"
PART 97 "j_pinky_ri_2"
PART 98 "j_ring_ri_2"
PART 99 "j_thumb_ri_3"
PART 100 "j_index_le_3"
PART 101 "j_pinky_le_3"
PART 102 "j_ring_le_3"
PART 103 "j_index_ri_3"
PART 104 "j_pinky_ri_3"
PART 105 "j_ring_ri_3"
PART 106 "tag_cambone"
PART 107 "tag_camera"
PART 108 "tag_fill_light"
PART 109 "tag_flashlight"
PART 110 "tag_gasmask"

FRAMERATE 30
NUMFRAMES 27

FRAME 0
PART 0
OFFSET -4.738198, -0.000001, 62.942887
SCALE 1.000000, 1.000000, 1.000000
X 1.000000, 0.000000, 0.000000
Y 0.000000, 1.000000, 0.000000
Z 0.000000, 0.000000, 1.000000

PART 1
OFFSET -5.296268, 10.361647, 58.086632
SCALE 1.000000, 1.000000, 1.000000
X 0.169852, 0.724666, -0.667839
Y -0.944890, 0.312226, 0.098479
Z 0.279881, 0.614307, 0.737762

PART 2
OFFSET -2.122410, -10.146153, 57.140647
SCALE 1.000000, 1.000000, 1.000000
X -0.863526, -0.041686, 0.502579
Y 0.211888, 0.874354, 0.436587
Z -0.457632, 0.483495, -0.746194

PART 3
OFFSET 10.527126, -0.002042, 56.185849
SCALE 1.000000, 1.000000, 1.000000
X 1.000000, -0.000094, -0.000167
Y 0.000095, 1.000000, 0.000234
Z 0.000167, -0.000234, 1.000000

PART 4
OFFSET 6.126928, 1.936694, 51.163142
SCALE 1.000000, 1.000000, 1.000000
X 0.176927, -0.695609, -0.696293
Y -0.901758, -0.398040, 0.168513
Z -0.394372, 0.598074, -0.697695

PART 5
OFFSET -2.900070, 16.424991, 51.806742
SCALE 1.000000, 1.000000, 1.000000
X 0.771966, -0.621068, -0.135437
Y 0.268496, 0.511705, -0.816130
Z 0.576176, 0.593660, 0.561773

PART 6
OFFSET 6.166270, -8.794153, 52.610195
SCALE 1.000000, 1.000000, 1.000000
X -0.123974, -0.974917, -0.184845
Y -0.767071, -0.024012, 0.641113
Z -0.629470, 0.221271, -0.744853

PART 7
OFFSET 6.126928, 1.936694, 51.163142
SCALE 1.000000, 1.000000, 1.000000
X 0.176898, -0.695558, -0.696352
Y -0.901902, -0.397823, 0.168255
Z -0.394056, 0.598278, -0.697699

PART 8
OFFSET -2.900070, 16.424991, 51.806742
SCALE 1.000000, 1.000000, 1.000000
X 0.771966, -0.621068, -0.135437
Y 0.268496, 0.511705, -0.816130
Z 0.576176, 0.593660, 0.561773

PART 9
OFFSET 4.920062, 12.214315, 51.738541
SCALE 1.000000, 1.000000, 1.000000
X 0.771966, -0.621068, -0.135437
Y 0.268496, 0.511705, -0.816130
Z 0.576176, 0.593660, 0.561773

PART 10
OFFSET 3.895464, 10.757696, 52.577087
SCALE 1.000000, 1.000000, 1.000000
X 0.771962, -0.621074, -0.135436
Y 0.633236, 0.769973, 0.078444
Z 0.055563, -0.146319, 0.987676

PART 11
OFFSET 2.761216, 9.589011, 51.471509
SCALE 1.000000, 1.000000, 1.000000
X 0.771946, -0.621091, -0.135443
Y 0.364363, 0.257711, 0.894888
Z -0.520902, -0.740156, 0.425242

PART 12
OFFSET 2.651556, 9.876950, 49.527388
SCALE 1.000000, 1.000000, 1.000000
X 0.771966, -0.621068, -0.135437
Y -0.268496, -0.511705, 0.816130
Z -0.576176, -0.593660, -0.561773

PART 13
OFFSET 3.676151, 11.333565, 48.688842
SCALE 1.000000, 1.000000, 1.000000
X 0.771971, -0.621062, -0.135433
Y -0.633183, -0.770091, -0.077714
Z -0.056030, 0.145746, -0.987734

PART 14
OFFSET 4.810406, 12.502247, 49.794416
SCALE 1.000000, 1.000000, 1.000000
X 0.771967, -0.621065, -0.135444
Y -0.364738, -0.258269, -0.894574
Z 0.520608, 0.739983, -0.425901

PART 15
OFFSET 2.792734, 13.925927, 52.112018
SCALE 1.000000, 1.000000, 1.000000
X 0.771966, -0.621068, -0.135437
Y 0.268496, 0.511705, -0.816130
Z 0.576176, 0.593660, 0.561773

PART 16
OFFSET 1.768142, 12.469310, 52.950562
SCALE 1.000000, 1.000000, 1.000000
X 0.771962, -0.621074, -0.135436
Y 0.633236, 0.769973, 0.078444
Z 0.055563, -0.146319, 0.987676

PART 17
OFFSET 0.633889, 11.300625, 51.844983
SCALE 1.000000, 1.000000, 1.000000
X 0.771946, -0.621091, -0.135443
Y 0.364363, 0.257711, 0.894888
Z -0.520902, -0.740156, 0.425242

PART 18
OFFSET 0.524232, 11.588561, 49.900861
SCALE 1.000000, 1.000000, 1.000000
X 0.771966, -0.621068, -0.135437
Y -0.268496, -0.511705, 0.816130
Z -0.576176, -0.593660, -0.561773

PART 19
OFFSET 1.548828, 13.045178, 49.062314
SCALE 1.000000, 1.000000, 1.000000
X 0.771971, -0.621062, -0.135433
Y -0.633183, -0.770091, -0.077714
Z -0.056030, 0.145746, -0.987734

PART 20
OFFSET 2.683079, 14.213860, 50.167891
SCALE 1.000000, 1.000000, 1.000000
X 0.771967, -0.621065, -0.135444
Y -0.364738, -0.258269, -0.894574
Z 0.520608, 0.739983, -0.425901

PART 21
OFFSET 0.665408, 15.637542, 52.485489
SCALE 1.000000, 1.000000, 1.000000
X 0.771966, -0.621068, -0.135437
Y 0.268496, 0.511705, -0.816130
Z 0.576176, 0.593660, 0.561773

PART 22
OFFSET -0.359185, 14.180924, 53.324036
SCALE 1.000000, 1.000000, 1.000000
X 0.771962, -0.621074, -0.135436
Y 0.633236, 0.769973, 0.078444
Z 0.055563, -0.146319, 0.987676

PART 23
OFFSET -1.493436, 13.012244, 52.218463
SCALE 1.000000, 1.000000, 1.000000
X 0.771946, -0.621091, -0.135443
Y 0.364363, 0.257711, 0.894888
Z -0.520902, -0.740156, 0.425242

PART 24
OFFSET -1.603092, 13.300177, 50.274336
SCALE 1.000000, 1.000000, 1.000000
X 0.771966, -0.621068, -0.135437
Y -0.268496, -0.511705, 0.816130
Z -0.576176, -0.593660, -0.561773

PART 25
OFFSET -0.578499, 14.756794, 49.435790
SCALE 1.000000, 1.000000, 1.000000
X 0.771971, -0.621062, -0.135433
Y -0.633183, -0.770091, -0.077714
Z -0.056030, 0.145746, -0.987734

PART 26
OFFSET 0.555754, 15.925477, 50.541365
SCALE 1.000000, 1.000000, 1.000000
X 0.771967, -0.621065, -0.135444
Y -0.364738, -0.258269, -0.894574
Z 0.520608, 0.739983, -0.425901

PART 27
OFFSET 4.594046, 10.359121, 50.289269
SCALE 1.000000, 1.000000, 1.000000
X 0.780597, -0.451910, -0.431794
Y -0.030489, 0.662479, -0.748460
Z 0.624291, 0.597410, 0.503350

PART 28
OFFSET 2.776977, 11.857320, 50.810073
SCALE 1.000000, 1.000000, 1.000000
X 0.771966, -0.621068, -0.135437
Y 0.253530, 0.496208, -0.830362
Z 0.582916, 0.606673, 0.540515

PART 29
OFFSET 1.830804, 12.618597, 50.976187
SCALE 1.000000, 1.000000, 1.000000
X 0.771966, -0.621068, -0.135437
Y 0.258122, 0.500979, -0.826071
Z 0.580897, 0.602740, 0.547050

PART 30
OFFSET 0.884630, 13.379874, 51.142297
SCALE 1.000000, 1.000000, 1.000000
X 0.771966, -0.621068, -0.135437
Y 0.261866, 0.504859, -0.822523
Z 0.579219, 0.599493, 0.552371

PART 31
OFFSET -0.061546, 14.141156, 51.308411
SCALE 1.000000, 1.000000, 1.000000
X 0.771966, -0.621068, -0.135437
Y 0.264771, 0.507863, -0.819739
Z 0.577897, 0.596951, 0.556493

PART 32
OFFSET -1.007722, 14.902432, 51.474521
SCALE 1.000000, 1.000000, 1.000000
X 0.771966, -0.621068, -0.135437
Y 0.266842, 0.510000, -0.817738
Z 0.576944, 0.595126, 0.559430

PART 33
OFFSET -1.953895, 15.663711, 51.640634
SCALE 1.000000, 1.000000, 1.000000
X 0.771966, -0.621068, -0.135437
Y 0.268496, 0.511705, -0.816130
Z 0.576176, 0.593660, 0.561773

PART 34
OFFSET 3.727876, 11.094716, 50.673866
SCALE 1.000000, 1.000000, 1.000000
X 0.777074, -0.616591, -0.126379
Y 0.251251, 0.487978, -0.835913
Z 0.577087, 0.617813, 0.534114

PART 35
OFFSET 6.166270, -8.794153, 52.610195
SCALE 1.000000, 1.000000, 1.000000
X -0.123974, -0.974917, -0.184845
Y -0.767071, -0.024012, 0.641113
Z -0.629470, 0.221271, -0.744853

PART 36
OFFSET 8.479274, -0.788479, 55.676387
SCALE 1.000000, 1.000000, 1.000000
X -0.123974, -0.974917, -0.184845
Y -0.767071, -0.024012, 0.641113
Z -0.629470, 0.221271, -0.744853

PART 37
OFFSET 6.552053, -0.611769, 56.036311
SCALE 1.000000, 1.000000, 1.000000
X -0.123967, -0.974918, -0.184844
Y -0.928673, 0.179614, -0.324507
Z 0.349568, 0.131432, -0.927646

PART 38
OFFSET 5.313115, -0.176338, 54.570658
SCALE 1.000000, 1.000000, 1.000000
X -0.123947, -0.974923, -0.184832
Y -0.160878, 0.203548, -0.965757
Z 0.979161, -0.089967, -0.182072

PART 39
OFFSET 6.001399, 0.082425, 52.745105
SCALE 1.000000, 1.000000, 1.000000
X -0.123974, -0.974917, -0.184845
Y 0.767071, 0.024012, -0.641113
Z 0.629470, -0.221271, 0.744853

PART 40
OFFSET 7.928623, -0.094286, 52.385182
SCALE 1.000000, 1.000000, 1.000000
X -0.123981, -0.974915, -0.184852
Y 0.928931, -0.179531, 0.323816
Z -0.348879, -0.131567, 0.927886

PART 41
OFFSET 9.167561, -0.529720, 53.850836
SCALE 1.000000, 1.000000, 1.000000
X -0.123979, -0.974917, -0.184840
Y 0.161602, -0.203628, 0.965619
Z -0.979037, 0.089846, 0.182794

PART 42
OFFSET 8.137520, -3.474195, 55.166970
SCALE 1.000000, 1.000000, 1.000000
X -0.123974, -0.974917, -0.184845
Y -0.767071, -0.024012, 0.641113
Z -0.629470, 0.221271, -0.744853

PART 43
OFFSET 6.210304, -3.297522, 55.526874
SCALE 1.000000, 1.000000, 1.000000
X -0.123967, -0.974918, -0.184844
Y -0.928673, 0.179614, -0.324507
Z 0.349568, 0.131432, -0.927646

PART 44
OFFSET 4.971357, -2.862055, 54.061244
SCALE 1.000000, 1.000000, 1.000000
X -0.123947, -0.974923, -0.184832
Y -0.160878, 0.203548, -0.965757
Z 0.979161, -0.089967, -0.182072

PART 45
OFFSET 5.659624, -2.603534, 52.236005
SCALE 1.000000, 1.000000, 1.000000
X -0.123974, -0.974917, -0.184845
Y 0.767071, 0.024012, -0.641113
Z 0.629470, -0.221271, 0.744853

PART 46
OFFSET 7.586867, -2.780002, 51.875768
SCALE 1.000000, 1.000000, 1.000000
X -0.123981, -0.974915, -0.184852
Y 0.928931, -0.179531, 0.323816
Z -0.348879, -0.131567, 0.927886

PART 47
OFFSET 8.825804, -3.215435, 53.341416
SCALE 1.000000, 1.000000, 1.000000
X -0.123979, -0.974917, -0.184840
Y 0.161602, -0.203628, 0.965619
Z -0.979037, 0.089846, 0.182794

PART 48
OFFSET 7.795776, -6.160114, 54.657896
SCALE 1.000000, 1.000000, 1.000000
X -0.123974, -0.974917, -0.184845
Y -0.767071, -0.024012, 0.641113
Z -0.629470, 0.221271, -0.744853

PART 49
OFFSET 5.868558, -5.983440, 55.017799
SCALE 1.000000, 1.000000, 1.000000
X -0.123967, -0.974918, -0.184844
Y -0.928673, 0.179614, -0.324507
Z 0.349568, 0.131432, -0.927646

PART 50
OFFSET 4.629609, -5.547972, 53.552167
SCALE 1.000000, 1.000000, 1.000000
X -0.123947, -0.974923, -0.184832
Y -0.160878, 0.203548, -0.965757
Z 0.979161, -0.089967, -0.182072

PART 51
OFFSET 5.317903, -5.289247, 51.726593
SCALE 1.000000, 1.000000, 1.000000
X -0.123974, -0.974917, -0.184845
Y 0.767071, 0.024012, -0.641113
Z 0.629470, -0.221271, 0.744853

PART 52
OFFSET 7.245120, -5.465923, 51.366693
SCALE 1.000000, 1.000000, 1.000000
X -0.123981, -0.974915, -0.184852
Y 0.928931, -0.179531, 0.323816
Z -0.348879, -0.131567, 0.927886

PART 53
OFFSET 8.484058, -5.901356, 52.832343
SCALE 1.000000, 1.000000, 1.000000
X -0.123979, -0.974917, -0.184840
Y 0.161602, -0.203628, 0.965619
Z -0.979037, 0.089846, 0.182794

PART 54
OFFSET 7.439537, 0.588846, 53.962120
SCALE 1.000000, 1.000000, 1.000000
X -0.373991, -0.738424, 0.561124
Y -0.721357, 0.611876, 0.324426
Z -0.582902, -0.283438, -0.761504

PART 55
OFFSET 7.078262, -1.626708, 53.969233
SCALE 1.000000, 1.000000, 1.000000
X -0.123974, -0.974917, -0.184845
Y -0.752596, -0.029025, 0.657843
Z -0.646707, 0.220670, -0.730120

PART 56
OFFSET 6.926265, -2.821283, 53.742729
SCALE 1.000000, 1.000000, 1.000000
X -0.123974, -0.974917, -0.184845
Y -0.757060, -0.027494, 0.652766
Z -0.641475, 0.220866, -0.734662

PART 57
OFFSET 6.774264, -4.015856, 53.516221
SCALE 1.000000, 1.000000, 1.000000
X -0.123974, -0.974917, -0.184845
Y -0.760686, -0.026241, 0.648590
Z -0.637171, 0.221018, -0.738352

PART 58
OFFSET 6.622265, -5.210433, 53.289716
SCALE 1.000000, 1.000000, 1.000000
X -0.123974, -0.974917, -0.184845
Y -0.763489, -0.025266, 0.645327
Z -0.633810, 0.221131, -0.741206

PART 59
OFFSET 6.470265, -6.405006, 53.063209
SCALE 1.000000, 1.000000, 1.000000
X -0.123974, -0.974917, -0.184845
Y -0.765482, -0.024570, 0.642988
Z -0.631401, 0.221210, -0.743235

PART 60
OFFSET 6.318268, -7.599579, 52.836705
SCALE 1.000000, 1.000000, 1.000000
X -0.123974, -0.974917, -0.184845
Y -0.767071, -0.024012, 0.641113
Z -0.629470, 0.221271, -0.744853

PART 61
OFFSET 7.225427, -0.436257, 54.223188
SCALE 1.000000, 1.000000, 1.000000
X -0.127963, -0.972419, -0.195002
Y -0.747745, -0.034573, 0.663086
Z -0.651539, 0.230662, -0.722697

PART 62
OFFSET 5.428492, 2.997098, 49.926521
SCALE 1.000000, 1.000000, 1.000000
X 0.085213, -0.545749, -0.833605
Y -0.901902, -0.397823, 0.168255
Z -0.423452, 0.737492, -0.526111

PART 63
OFFSET 7.240699, 8.038937, 49.486659
SCALE 1.000000, 1.000000, 1.000000
X 0.480021, -0.513534, -0.711240
Y 0.090309, 0.835375, -0.542212
Z 0.872596, 0.196042, 0.447374

PART 64
OFFSET 7.338562, 8.900025, 48.774457
SCALE 1.000000, 1.000000, 1.000000
X 0.052779, -0.645463, -0.761966
Y -0.987804, -0.145674, 0.054979
Z -0.146485, 0.749771, -0.645279

PART 65
OFFSET 4.867104, 10.660284, 49.027807
SCALE 1.000000, 1.000000, 1.000000
X 0.572574, -0.243920, -0.782727
Y -0.754402, -0.530547, -0.386520
Z -0.320993, 0.811802, -0.487792

PART 66
OFFSET 5.448275, 10.321616, 49.377286
SCALE 1.000000, 1.000000, 1.000000
X 0.672849, -0.306185, -0.673443
Y -0.706391, -0.536313, -0.461930
Z -0.219740, 0.786523, -0.577144

PART 67
OFFSET 4.839154, 9.413149, 50.871221
SCALE 1.000000, 1.000000, 1.000000
X -0.053325, -0.930645, -0.362017
Y 0.258398, 0.337325, -0.905230
Z 0.964566, -0.141816, 0.222489

PART 68
OFFSET 3.727876, 11.094716, 50.673866
SCALE 1.000000, 1.000000, 1.000000
X 0.777074, -0.616591, -0.126379
Y 0.251251, 0.487978, -0.835913
Z 0.577087, 0.617813, 0.534114

PART 69
OFFSET 3.727876, 11.094716, 50.673866
SCALE 1.000000, 1.000000, 1.000000
X 0.777074, -0.616591, -0.126379
Y 0.251251, 0.487978, -0.835913
Z 0.577087, 0.617813, 0.534114

PART 70
OFFSET 7.848594, 3.742097, 52.245657
SCALE 1.000000, 1.000000, 1.000000
X -0.027163, -0.471810, 0.881282
Y -0.784107, 0.556881, 0.273969
Z -0.620031, -0.683578, -0.385076

PART 71
OFFSET 8.720940, 3.114659, 51.925500
SCALE 1.000000, 1.000000, 1.000000
X 0.507840, -0.078288, 0.857887
Y 0.633936, 0.708258, -0.310636
Z -0.583286, 0.701599, 0.409312

PART 72
OFFSET 8.325420, 0.272545, 53.028332
SCALE 1.000000, 1.000000, 1.000000
X 0.486836, 0.426278, -0.762415
Y 0.304801, -0.900875, -0.309064
Z -0.818588, -0.081922, -0.568509

PART 73
OFFSET 8.328473, 1.012477, 53.192275
SCALE 1.000000, 1.000000, 1.000000
X 0.392311, 0.549314, -0.737798
Y 0.413020, -0.821893, -0.392310
Z -0.821892, -0.150818, -0.549316

PART 74
OFFSET 6.594687, 1.202417, 54.000337
SCALE 1.000000, 1.000000, 1.000000
X 0.620953, -0.011101, 0.783769
Y -0.776334, -0.146827, 0.612983
Z 0.108274, -0.989100, -0.099791

PART 75
OFFSET 7.225427, -0.436257, 54.223188
SCALE 1.000000, 1.000000, 1.000000
X -0.127963, -0.972419, -0.195002
Y -0.747745, -0.034573, 0.663086
Z -0.651539, 0.230662, -0.722697

PART 76
OFFSET 7.225427, -0.436257, 54.223188
SCALE 1.000000, 1.000000, 1.000000
X -0.127963, -0.972419, -0.195002
Y -0.747745, -0.034573, 0.663086
Z -0.651539, 0.230662, -0.722697

PART 77
OFFSET 4.601563, 3.554288, 50.004657
SCALE 1.000000, 1.000000, 1.000000
X -0.975584, -0.030404, -0.217512
Y -0.176941, 0.695506, 0.696394
Z 0.130108, 0.717877, -0.683904

PART 78
OFFSET 7.240699, 8.038937, 49.486659
SCALE 1.000000, 1.000000, 1.000000
X -0.107843, -0.583688, -0.804785
Y -0.993462, 0.093772, 0.065116
Z 0.037459, 0.806545, -0.589984

PART 79
OFFSET 7.240699, 8.038937, 49.486659
SCALE 1.000000, 1.000000, 1.000000
X 0.480021, -0.513534, -0.711240
Y 0.090309, 0.835375, -0.542212
Z 0.872596, 0.196042, 0.447374

PART 80
OFFSET 7.406875, 7.765714, 47.439460
SCALE 1.000000, 1.000000, 1.000000
X -0.339949, -0.655929, -0.673938
Y -0.926890, 0.112462, 0.358087
Z -0.159087, 0.746398, -0.646205

PART 81
OFFSET 6.167586, 10.178701, 47.318799
SCALE 1.000000, 1.000000, 1.000000
X 0.505997, -0.491726, -0.708641
Y -0.779132, -0.613030, -0.130949
Z -0.370027, 0.618384, -0.693311

PART 82
OFFSET 6.822421, 9.762424, 48.027487
SCALE 1.000000, 1.000000, 1.000000
X 0.264885, -0.560321, -0.784778
Y -0.873832, -0.483614, 0.050350
Z -0.407742, 0.672427, -0.617729

PART 83
OFFSET 4.728930, 7.304070, 49.997455
SCALE 1.000000, 1.000000, 1.000000
X 0.095203, -0.595963, -0.797348
Y 0.253176, 0.789144, -0.559602
Z 0.962724, -0.148594, 0.226012

PART 84
OFFSET 7.848594, 3.742097, 52.245657
SCALE 1.000000, 1.000000, 1.000000
X 0.378058, -0.032360, 0.925216
Y 0.560164, 0.803680, -0.200782
Z -0.737081, 0.594181, 0.321965

PART 85
OFFSET 7.848594, 3.742097, 52.245657
SCALE 1.000000, 1.000000, 1.000000
X -0.027163, -0.471810, 0.881282
Y -0.784107, 0.556881, 0.273969
Z -0.620031, -0.683578, -0.385076

PART 86
OFFSET 7.816172, 3.242336, 50.414989
SCALE 1.000000, 1.000000, 1.000000
X 0.772945, 0.314606, 0.550980
Y 0.261252, 0.633554, -0.728255
Z -0.578190, 0.706846, 0.407511

PART 87
OFFSET 9.401769, 1.203099, 51.328695
SCALE 1.000000, 1.000000, 1.000000
X 0.428815, -0.261192, 0.864810
Y 0.897324, 0.233915, -0.374290
Z -0.104531, 0.936516, 0.334680

PART 88
OFFSET 9.140645, 2.118047, 51.574330
SCALE 1.000000, 1.000000, 1.000000
X 0.367956, -0.202581, 0.907507
Y 0.900531, 0.320760, -0.293525
Z -0.231630, 0.925243, 0.300456

PART 89
OFFSET 5.171277, 1.227856, 52.203921
SCALE 1.000000, 1.000000, 1.000000
X 0.215387, -0.074705, 0.973667
Y -0.970512, -0.126889, 0.204953
Z 0.108237, -0.989100, -0.099832

PART 90
OFFSET 7.086478, 7.205527, 48.337021
SCALE 1.000000, 1.000000, 1.000000
X -0.367769, -0.498696, -0.784887
Y -0.928430, 0.244624, 0.279601
Z 0.052566, 0.831541, -0.552970

PART 91
OFFSET 7.028564, 7.083483, 46.743300
SCALE 1.000000, 1.000000, 1.000000
X -0.459430, -0.637401, -0.618582
Y -0.873286, 0.197008, 0.445601
Z -0.162161, 0.744922, -0.647144

PART 92
OFFSET 6.763081, 9.610157, 46.492903
SCALE 1.000000, 1.000000, 1.000000
X -0.342975, -0.786796, -0.513148
Y -0.857876, 0.039830, 0.512311
Z -0.382645, 0.615927, -0.688634

PART 93
OFFSET 7.259782, 8.837069, 46.732410
SCALE 1.000000, 1.000000, 1.000000
X -0.351454, -0.740022, -0.573452
Y -0.842612, -0.016924, 0.538254
Z -0.408025, 0.672369, -0.617604

PART 94
OFFSET 4.835912, 6.601037, 49.082173
SCALE 1.000000, 1.000000, 1.000000
X 0.149242, -0.404369, -0.902337
Y 0.222133, 0.902943, -0.367901
Z 0.963527, -0.145533, 0.224581

PART 95
OFFSET 7.308501, 3.792648, 50.919124
SCALE 1.000000, 1.000000, 1.000000
X 0.551053, 0.455862, 0.698949
Y 0.271177, 0.694309, -0.666632
Z -0.789179, 0.556888, 0.258981

PART 96
OFFSET 6.978456, 2.954560, 49.734549
SCALE 1.000000, 1.000000, 1.000000
X 0.750759, 0.659151, -0.043367
Y -0.302133, 0.284259, -0.909897
Z -0.587432, 0.696216, 0.412561

PART 97
OFFSET 8.912070, 1.502176, 50.338014
SCALE 1.000000, 1.000000, 1.000000
X 0.938116, -0.014931, 0.345998
Y 0.328938, 0.350960, -0.876714
Z -0.108341, 0.936272, 0.334152

PART 98
OFFSET 8.499038, 2.441943, 50.076968
SCALE 1.000000, 1.000000, 1.000000
X 0.927371, 0.132448, 0.349915
Y 0.284562, 0.357523, -0.889495
Z -0.242914, 0.924465, 0.293867

PART 99
OFFSET 5.007144, 1.324975, 51.045964
SCALE 1.000000, 1.000000, 1.000000
X -0.355697, -0.136775, 0.924539
Y -0.925805, -0.083837, -0.368587
Z 0.127924, -0.987048, -0.096806

PART 100
OFFSET 6.736507, 6.718433, 47.571747
SCALE 1.000000, 1.000000, 1.000000
X -0.170314, -0.642227, -0.747353
Y -0.985390, 0.111242, 0.128966
Z 0.000312, 0.758399, -0.651790

PART 101
OFFSET 6.488465, 9.050680, 46.147218
SCALE 1.000000, 1.000000, 1.000000
X -0.650421, -0.704613, -0.283677
Y -0.664506, 0.346930, 0.661870
Z -0.367946, 0.618999, -0.693870

PART 102
OFFSET 6.938733, 8.210593, 46.265555
SCALE 1.000000, 1.000000, 1.000000
X -0.693897, -0.666293, -0.273056
Y -0.596788, 0.319950, 0.735851
Z -0.402928, 0.673561, -0.619648

PART 103
OFFSET 6.770881, 3.349366, 50.236129
SCALE 1.000000, 1.000000, 1.000000
X 0.649441, 0.592992, 0.476011
Y 0.111207, 0.545194, -0.830901
Z -0.752236, 0.592557, 0.288127

PART 104
OFFSET 8.229150, 1.513812, 50.083544
SCALE 1.000000, 1.000000, 1.000000
X 0.929937, 0.215637, -0.297856
Y -0.350849, 0.277781, -0.894283
Z -0.110102, 0.936129, 0.333975

PART 105
OFFSET 7.697733, 2.327496, 49.774306
SCALE 1.000000, 1.000000, 1.000000
X 0.936484, 0.302523, -0.177420
Y -0.252907, 0.232056, -0.939249
Z -0.242973, 0.924462, 0.293827

PART 106
OFFSET -0.106364, -0.000001, 64.319843
SCALE 1.000000, 1.000000, 1.000000
X 1.000000, 0.000000, 0.000000
Y 0.000000, 1.000000, 0.000000
Z 0.000000, 0.000000, 1.000000

PART 107
OFFSET -0.106364, -0.000001, 64.319843
SCALE 1.000000, 1.000000, 1.000000
X 1.000000, 0.000000, 0.000000
Y 0.000000, 1.000000, 0.000000
Z 0.000000, 0.000000, 1.000000

PART 108
OFFSET -4.738254, -0.000001, 62.943069
SCALE 1.000000, 1.000000, 1.000000
X 1.000000, 0.000000, 0.000000
Y 0.000000, 1.000000, 0.000000
Z 0.000000, 0.000000, 1.000000

PART 109
OFFSET 1.434187, -0.000001, 68.455665
SCALE 1.000000, 1.000000, 1.000000
X 1.000000, 0.000000, 0.000000
Y 0.000000, 1.000000, 0.000000
Z 0.000000, 0.000000, 1.000000

PART 110
OFFSET 1.434187, -0.000001, 68.455665
SCALE 1.000000, 1.000000, 1.000000
X 1.000000, 0.000000, 0.000000
Y 0.000000, 1.000000, 0.000000
Z 0.000000, 0.000000, 1.000000

FRAME 1
PART 0
OFFSET -4.738198, -0.000001, 62.942887
SCALE 1.000000, 1.000000, 1.000000
X 1.000000, 0.000000, 0.000000
Y 0.000000, 1.000000, 0.000000
Z 0.000000, 0.000000, 1.000000

PART 1
OFFSET -5.532390, 10.191980, 58.162258
SCALE 1.000000, 1.000000, 1.000000
X 0.138346, 0.828165, -0.543142
Y -0.985305, 0.170561, 0.009096
Z 0.100172, 0.533902, 0.839592

PART 2
OFFSET -1.597745, -9.907184, 57.371688
SCALE 1.000000, 1.000000, 1.000000
X -0.931369, -0.155088, 0.329394
Y 0.029394, 0.869751, 0.492615
Z -0.362889, 0.468488, -0.805500

PART 3
OFFSET 10.529916, 0.000855, 56.189138
SCALE 1.000000, 1.000000, 1.000000
X 1.000000, 0.000081, -0.000078
Y -0.000081, 1.000000, 0.000125
Z 0.000078, -0.000125, 1.000000

PART 4
OFFSET 6.130484, 3.251899, 53.397201
SCALE 1.000000, 1.000000, 1.000000
X 0.176927, -0.695609, -0.696293
Y -0.901758, -0.398040, 0.168513
Z -0.394372, 0.598074, -0.697695

PART 5
OFFSET -3.383546, 17.205346, 53.175191
SCALE 1.000000, 1.000000, 1.000000
X 0.824782, -0.563704, -0.044419
Y 0.371283, 0.599138, -0.709353
Z 0.426478, 0.568570, 0.703452

PART 6
OFFSET 7.235364, -7.489970, 54.501610
SCALE 1.000000, 1.000000, 1.000000
X -0.009382, -0.975530, -0.219665
Y -0.864701, -0.102411, 0.491735
Z -0.502199, 0.194558, -0.842581

PART 7
OFFSET 6.130484, 3.251899, 53.397201
SCALE 1.000000, 1.000000, 1.000000
X 0.176898, -0.695558, -0.696352
Y -0.901902, -0.397823, 0.168255
Z -0.394056, 0.598278, -0.697699

PART 8
OFFSET -3.383546, 17.205346, 53.175191
SCALE 1.000000, 1.000000, 1.000000
X 0.824782, -0.563704, -0.044419
Y 0.371283, 0.599138, -0.709353
Z 0.426478, 0.568570, 0.703452

PART 9
OFFSET 4.599541, 13.442204, 54.174181
SCALE 1.000000, 1.000000, 1.000000
X 0.824782, -0.563704, -0.044419
Y 0.371283, 0.599138, -0.709353
Z 0.426478, 0.568570, 0.703452

PART 10
OFFSET 3.547019, 11.861225, 54.691292
SCALE 1.000000, 1.000000, 1.000000
X 0.824778, -0.563710, -0.044420
Y 0.554989, 0.791961, 0.254530
Z -0.108303, -0.234583, 0.966044

PART 11
OFFSET 2.707408, 10.741902, 53.306801
SCALE 1.000000, 1.000000, 1.000000
X 0.824765, -0.563727, -0.044430
Y 0.183318, 0.192220, 0.964078
Z -0.534937, -0.803282, 0.261878

PART 12
OFFSET 2.920308, 11.203564, 51.405200
SCALE 1.000000, 1.000000, 1.000000
X 0.824782, -0.563704, -0.044419
Y -0.371283, -0.599138, 0.709353
Z -0.426478, -0.568570, -0.703452

PART 13
OFFSET 3.972827, 12.784539, 50.888089
SCALE 1.000000, 1.000000, 1.000000
X 0.824786, -0.563698, -0.044413
Y -0.555056, -0.792143, -0.253814
Z 0.107893, 0.233994, -0.966233

PART 14
OFFSET 4.812446, 13.903859, 52.272577
SCALE 1.000000, 1.000000, 1.000000
X 0.824784, -0.563700, -0.044425
Y -0.183703, -0.192824, -0.963884
Z 0.534775, 0.803157, -0.262592

PART 15
OFFSET 2.326615, 14.995712, 54.296842
SCALE 1.000000, 1.000000, 1.000000
X 0.824782, -0.563704, -0.044419
Y 0.371283, 0.599138, -0.709353
Z 0.426478, 0.568570, 0.703452

PART 16
OFFSET 1.274100, 13.414735, 54.813952
SCALE 1.000000, 1.000000, 1.000000
X 0.824778, -0.563710, -0.044420
Y 0.554989, 0.791961, 0.254530
Z -0.108303, -0.234583, 0.966044

PART 17
OFFSET 0.434485, 12.295413, 53.429459
SCALE 1.000000, 1.000000, 1.000000
X 0.824765, -0.563727, -0.044430
Y 0.183318, 0.192220, 0.964078
Z -0.534937, -0.803282, 0.261878

PART 18
OFFSET 0.647387, 12.757072, 51.527857
SCALE 1.000000, 1.000000, 1.000000
X 0.824782, -0.563704, -0.044419
Y -0.371283, -0.599138, 0.709353
Z -0.426478, -0.568570, -0.703452

PART 19
OFFSET 1.699907, 14.338049, 51.010745
SCALE 1.000000, 1.000000, 1.000000
X 0.824786, -0.563698, -0.044413
Y -0.555056, -0.792143, -0.253814
Z 0.107893, 0.233994, -0.966233

PART 20
OFFSET 2.539521, 15.457368, 52.395237
SCALE 1.000000, 1.000000, 1.000000
X 0.824784, -0.563700, -0.044425
Y -0.183703, -0.192824, -0.963884
Z 0.534775, 0.803157, -0.262592

PART 21
OFFSET 0.053693, 16.549224, 54.419498
SCALE 1.000000, 1.000000, 1.000000
X 0.824782, -0.563704, -0.044419
Y 0.371283, 0.599138, -0.709353
Z 0.426478, 0.568570, 0.703452

PART 22
OFFSET -0.998824, 14.968247, 54.936610
SCALE 1.000000, 1.000000, 1.000000
X 0.824778, -0.563710, -0.044420
Y 0.554989, 0.791961, 0.254530
Z -0.108303, -0.234583, 0.966044

PART 23
OFFSET -1.838439, 13.848929, 53.552123
SCALE 1.000000, 1.000000, 1.000000
X 0.824765, -0.563727, -0.044430
Y 0.183318, 0.192220, 0.964078
Z -0.534937, -0.803282, 0.261878

PART 24
OFFSET -1.625535, 14.310585, 51.650518
SCALE 1.000000, 1.000000, 1.000000
X 0.824782, -0.563704, -0.044419
Y -0.371283, -0.599138, 0.709353
Z -0.426478, -0.568570, -0.703452

PART 25
OFFSET -0.573019, 15.891562, 51.133406
SCALE 1.000000, 1.000000, 1.000000
X 0.824786, -0.563698, -0.044413
Y -0.555056, -0.792143, -0.253814
Z 0.107893, 0.233994, -0.966233

PART 26
OFFSET 0.266599, 17.010882, 52.517895
SCALE 1.000000, 1.000000, 1.000000
X 0.824784, -0.563700, -0.044425
Y -0.183703, -0.192824, -0.963884
Z 0.534775, 0.803157, -0.262592

PART 27
OFFSET 4.595508, 11.676358, 52.523157
SCALE 1.000000, 1.000000, 1.000000
X 0.780714, -0.451821, -0.431675
Y -0.030538, 0.662391, -0.748535
Z 0.624141, 0.597575, 0.503341

PART 28
OFFSET 2.682047, 13.059595, 52.847856
SCALE 1.000000, 1.000000, 1.000000
X 0.824782, -0.563704, -0.044419
Y 0.296927, 0.498619, -0.814379
Z 0.481217, 0.658496, 0.578631

PART 29
OFFSET 1.671116, 13.750552, 52.902414
SCALE 1.000000, 1.000000, 1.000000
X 0.824782, -0.563704, -0.044419
Y 0.320583, 0.530875, -0.784473
Z 0.465792, 0.632779, 0.618570

PART 30
OFFSET 0.660185, 14.441510, 52.956969
SCALE 1.000000, 1.000000, 1.000000
X 0.824782, -0.563704, -0.044419
Y 0.339346, 0.556285, -0.758546
Z 0.452305, 0.610561, 0.650104

PART 31
OFFSET -0.350750, 15.132471, 53.011527
SCALE 1.000000, 1.000000, 1.000000
X 0.824782, -0.563704, -0.044419
Y 0.353549, 0.575408, -0.737502
Z 0.441292, 0.592574, 0.673883

PART 32
OFFSET -1.361683, 15.823427, 53.066081
SCALE 1.000000, 1.000000, 1.000000
X 0.824782, -0.563704, -0.044419
Y 0.363476, 0.588713, -0.722013
Z 0.433152, 0.579358, 0.690452

PART 33
OFFSET -2.372614, 16.514387, 53.120639
SCALE 1.000000, 1.000000, 1.000000
X 0.824782, -0.563704, -0.044419
Y 0.371283, 0.599138, -0.709353
Z 0.426478, 0.568570, 0.703452

PART 34
OFFSET 3.694481, 12.366381, 52.838889
SCALE 1.000000, 1.000000, 1.000000
X 0.830244, -0.556597, -0.029913
Y 0.274261, 0.454642, -0.847397
Z 0.485259, 0.695342, 0.530117

PART 35
OFFSET 7.235364, -7.489970, 54.501610
SCALE 1.000000, 1.000000, 1.000000
X -0.009382, -0.975530, -0.219665
Y -0.864701, -0.102411, 0.491735
Z -0.502199, 0.194558, -0.842581

PART 36
OFFSET 8.305726, 0.573654, 58.061754
SCALE 1.000000, 1.000000, 1.000000
X -0.009382, -0.975530, -0.219665
Y -0.864701, -0.102411, 0.491735
Z -0.502199, 0.194558, -0.842581

PART 37
OFFSET 6.337329, 0.590418, 58.070834
SCALE 1.000000, 1.000000, 1.000000
X -0.009375, -0.975531, -0.219663
Y -0.867268, 0.117280, -0.483831
Z 0.497754, 0.185970, -0.847146

PART 38
OFFSET 5.348826, 0.973259, 56.412822
SCALE 1.000000, 1.000000, 1.000000
X -0.009357, -0.975535, -0.219647
Y -0.001825, 0.219673, -0.975572
Z 0.999955, -0.008727, -0.003836

PART 39
OFFSET 6.328714, 1.339379, 54.745756
SCALE 1.000000, 1.000000, 1.000000
X -0.009382, -0.975530, -0.219665
Y 0.864701, 0.102411, -0.491735
Z 0.502199, -0.194558, 0.842581

PART 40
OFFSET 8.297115, 1.322614, 54.736678
SCALE 1.000000, 1.000000, 1.000000
X -0.009387, -0.975529, -0.219672
Y 0.867637, -0.117157, 0.483199
Z -0.497110, -0.186060, 0.847504

PART 41
OFFSET 9.285617, 0.939769, 56.394690
SCALE 1.000000, 1.000000, 1.000000
X -0.009387, -0.975531, -0.219660
Y 0.002566, -0.219693, 0.975566
Z -0.999953, 0.008594, 0.004566

PART 42
OFFSET 8.279694, -2.113764, 57.456379
SCALE 1.000000, 1.000000, 1.000000
X -0.009382, -0.975530, -0.219665
Y -0.864701, -0.102411, 0.491735
Z -0.502199, 0.194558, -0.842581

PART 43
OFFSET 6.311308, -2.097036, 57.465439
SCALE 1.000000, 1.000000, 1.000000
X -0.009375, -0.975531, -0.219663
Y -0.867268, 0.117280, -0.483831
Z 0.497754, 0.185970, -0.847146

PART 44
OFFSET 5.322790, -1.714159, 55.807449
SCALE 1.000000, 1.000000, 1.000000
X -0.009357, -0.975535, -0.219647
Y -0.001825, 0.219673, -0.975572
Z 0.999955, -0.008727, -0.003836

PART 45
OFFSET 6.302626, -1.348293, 54.140684
SCALE 1.000000, 1.000000, 1.000000
X -0.009382, -0.975530, -0.219665
Y 0.864701, 0.102411, -0.491735
Z 0.502199, -0.194558, 0.842581

PART 46
OFFSET 8.271081, -1.364805, 54.131304
SCALE 1.000000, 1.000000, 1.000000
X -0.009387, -0.975529, -0.219672
Y 0.867637, -0.117157, 0.483199
Z -0.497110, -0.186060, 0.847504

PART 47
OFFSET 9.259584, -1.747649, 55.789311
SCALE 1.000000, 1.000000, 1.000000
X -0.009387, -0.975531, -0.219660
Y 0.002566, -0.219693, 0.975566
Z -0.999953, 0.008594, 0.004566

PART 48
OFFSET 8.253628, -4.801394, 56.851338
SCALE 1.000000, 1.000000, 1.000000
X -0.009382, -0.975530, -0.219665
Y -0.864701, -0.102411, 0.491735
Z -0.502199, 0.194558, -0.842581

PART 49
OFFSET 6.285240, -4.784665, 56.860398
SCALE 1.000000, 1.000000, 1.000000
X -0.009375, -0.975531, -0.219663
Y -0.867268, 0.117280, -0.483831
Z 0.497754, 0.185970, -0.847146

PART 50
OFFSET 5.296721, -4.401787, 55.202405
SCALE 1.000000, 1.000000, 1.000000
X -0.009357, -0.975535, -0.219647
Y -0.001825, 0.219673, -0.975572
Z 0.999955, -0.008727, -0.003836

PART 51
OFFSET 6.276625, -4.035705, 53.535320
SCALE 1.000000, 1.000000, 1.000000
X -0.009382, -0.975530, -0.219665
Y 0.864701, 0.102411, -0.491735
Z 0.502199, -0.194558, 0.842581

PART 52
OFFSET 8.245013, -4.052436, 53.526263
SCALE 1.000000, 1.000000, 1.000000
X -0.009387, -0.975529, -0.219672
Y 0.867637, -0.117157, 0.483199
Z -0.497110, -0.186060, 0.847504

PART 53
OFFSET 9.233515, -4.435280, 55.184271
SCALE 1.000000, 1.000000, 1.000000
X -0.009387, -0.975531, -0.219660
Y 0.002566, -0.219693, 0.975566
Z -0.999953, 0.008594, 0.004566

PART 54
OFFSET 7.438303, 1.905703, 56.194474
SCALE 1.000000, 1.000000, 1.000000
X -0.373905, -0.738484, 0.561103
Y -0.721422, 0.611786, 0.324451
Z -0.582877, -0.283478, -0.761508

PART 55
OFFSET 7.304862, -0.317974, 56.116733
SCALE 1.000000, 1.000000, 1.000000
X -0.009382, -0.975530, -0.219665
Y -0.754398, -0.137285, 0.641900
Z -0.656350, 0.171737, -0.734650

PART 56
OFFSET 7.293280, -1.513307, 55.847548
SCALE 1.000000, 1.000000, 1.000000
X -0.009382, -0.975530, -0.219665
Y -0.791181, -0.127097, 0.598229
Z -0.611510, 0.179407, -0.770629

PART 57
OFFSET 7.281695, -2.708639, 55.578359
SCALE 1.000000, 1.000000, 1.000000
X -0.009382, -0.975530, -0.219665
Y -0.819302, -0.118443, 0.560995
Z -0.573285, 0.185235, -0.798143

PART 58
OFFSET 7.270112, -3.903975, 55.309174
SCALE 1.000000, 1.000000, 1.000000
X -0.009382, -0.975530, -0.219665
Y -0.839902, -0.111526, 0.531156
Z -0.542657, 0.189480, -0.818303

PART 59
OFFSET 7.258528, -5.099306, 55.039985
SCALE 1.000000, 1.000000, 1.000000
X -0.009382, -0.975530, -0.219665
Y -0.853916, -0.106492, 0.509398
Z -0.520326, 0.192354, -0.832022

PART 60
OFFSET 7.246946, -6.294638, 54.770800
SCALE 1.000000, 1.000000, 1.000000
X -0.009382, -0.975530, -0.219665
Y -0.864701, -0.102411, 0.491735
Z -0.502199, 0.194558, -0.842581

PART 61
OFFSET 7.306407, 0.868102, 56.429707
SCALE 1.000000, 1.000000, 1.000000
X -0.015113, -0.971527, -0.236448
Y -0.707742, -0.156650, 0.688885
Z -0.706309, 0.177756, -0.685223

PART 62
OFFSET 5.432048, 4.312304, 52.160579
SCALE 1.000000, 1.000000, 1.000000
X 0.085212, -0.545747, -0.833606
Y -0.901902, -0.397823, 0.168255
Z -0.423452, 0.737494, -0.526109

PART 63
OFFSET 7.242647, 9.356563, 51.721031
SCALE 1.000000, 1.000000, 1.000000
X 0.480176, -0.513524, -0.711143
Y 0.090205, 0.835332, -0.542295
Z 0.872522, 0.196248, 0.447429

PART 64
OFFSET 7.340420, 10.217591, 51.008744
SCALE 1.000000, 1.000000, 1.000000
X 0.052963, -0.645535, -0.761892
Y -0.987783, -0.145845, 0.054906
Z -0.146562, 0.749676, -0.645372

PART 65
OFFSET 4.868628, 11.977432, 51.261686
SCALE 1.000000, 1.000000, 1.000000
X 0.572684, -0.243904, -0.782652
Y -0.754274, -0.530725, -0.386526
Z -0.321098, 0.811691, -0.487908

PART 66
OFFSET 5.449825, 11.638906, 51.611251
SCALE 1.000000, 1.000000, 1.000000
X 0.672962, -0.306136, -0.673352
Y -0.706256, -0.536486, -0.461937
Z -0.219828, 0.786425, -0.577245

PART 67
OFFSET 4.840738, 10.730489, 53.105229
SCALE 1.000000, 1.000000, 1.000000
X -0.053093, -0.930691, -0.361934
Y 0.258430, 0.337291, -0.905234
Z 0.964570, -0.141596, 0.222611

PART 68
OFFSET 3.694481, 12.366381, 52.838889
SCALE 1.000000, 1.000000, 1.000000
X 0.830244, -0.556597, -0.029913
Y 0.274261, 0.454642, -0.847397
Z 0.485259, 0.695342, 0.530117

PART 69
OFFSET 3.694481, 12.366381, 52.838889
SCALE 1.000000, 1.000000, 1.000000
X 0.830244, -0.556597, -0.029913
Y 0.274261, 0.454642, -0.847397
Z 0.485259, 0.695342, 0.530117

PART 70
OFFSET 7.846997, 5.059056, 54.478110
SCALE 1.000000, 1.000000, 1.000000
X -0.027105, -0.471845, 0.881265
Y -0.784168, 0.556784, 0.273993
Z -0.619956, -0.683633, -0.385097

PART 71
OFFSET 8.719396, 4.431728, 54.157922
SCALE 1.000000, 1.000000, 1.000000
X 0.507859, -0.078258, 0.857878
Y 0.633852, 0.708341, -0.310620
Z -0.583361, 0.701519, 0.409341

PART 72
OFFSET 8.324212, 1.589531, 55.260669
SCALE 1.000000, 1.000000, 1.000000
X 0.486781, 0.426357, -0.762407
Y 0.304896, -0.900831, -0.309098
Z -0.818586, -0.081992, -0.568502

PART 73
OFFSET 8.327186, 2.329459, 55.424637
SCALE 1.000000, 1.000000, 1.000000
X 0.392245, 0.549383, -0.737782
Y 0.413110, -0.821833, -0.392340
Z -0.821878, -0.150891, -0.549316

PART 74
OFFSET 6.593386, 2.519179, 56.232717
SCALE 1.000000, 1.000000, 1.000000
X 0.620961, -0.011058, 0.783764
Y -0.776313, -0.146933, 0.612984
Z 0.108383, -0.989085, -0.099824

PART 75
OFFSET 7.306407, 0.868102, 56.429707
SCALE 1.000000, 1.000000, 1.000000
X -0.015113, -0.971527, -0.236448
Y -0.707742, -0.156650, 0.688885
Z -0.706309, 0.177756, -0.685223

PART 76
OFFSET 7.306407, 0.868102, 56.429707
SCALE 1.000000, 1.000000, 1.000000
X -0.015113, -0.971527, -0.236448
Y -0.707742, -0.156650, 0.688885
Z -0.706309, 0.177756, -0.685223

PART 77
OFFSET 4.605119, 4.869493, 52.238717
SCALE 1.000000, 1.000000, 1.000000
X -0.969688, -0.002073, -0.244338
Y -0.176951, 0.695541, 0.696355
Z 0.168504, 0.718483, -0.674824

PART 78
OFFSET 7.242647, 9.356563, 51.721031
SCALE 1.000000, 1.000000, 1.000000
X -0.107667, -0.583795, -0.804731
Y -0.993485, 0.093600, 0.065019
Z 0.037365, 0.806488, -0.590069

PART 79
OFFSET 7.242647, 9.356563, 51.721031
SCALE 1.000000, 1.000000, 1.000000
X 0.480176, -0.513524, -0.711143
Y 0.090205, 0.835332, -0.542295
Z 0.872522, 0.196248, 0.447429

PART 80
OFFSET 7.409055, 9.083150, 49.673874
SCALE 1.000000, 1.000000, 1.000000
X -0.339772, -0.656061, -0.673898
Y -0.926942, 0.112334, 0.357993
Z -0.159163, 0.746301, -0.646299

PART 81
OFFSET 6.169340, 11.495895, 49.552840
SCALE 1.000000, 1.000000, 1.000000
X 0.506157, -0.491704, -0.708542
Y -0.778998, -0.613201, -0.130948
Z -0.370091, 0.618232, -0.693413

PART 82
OFFSET 6.824186, 11.079817, 50.261623
SCALE 1.000000, 1.000000, 1.000000
X 0.265035, -0.560356, -0.784702
Y -0.873748, -0.483766, 0.050347
Z -0.407824, 0.672288, -0.617825

PART 83
OFFSET 4.731044, 8.621303, 52.231652
SCALE 1.000000, 1.000000, 1.000000
X 0.095411, -0.596020, -0.797281
Y 0.253075, 0.789142, -0.559649
Z 0.962730, -0.148375, 0.226131

PART 84
OFFSET 7.846997, 5.059056, 54.478110
SCALE 1.000000, 1.000000, 1.000000
X 0.378067, -0.032351, 0.925213
Y 0.560073, 0.803750, -0.200757
Z -0.737146, 0.594087, 0.321990

PART 85
OFFSET 7.846997, 5.059056, 54.478110
SCALE 1.000000, 1.000000, 1.000000
X -0.027105, -0.471845, 0.881265
Y -0.784168, 0.556784, 0.273993
Z -0.619956, -0.683633, -0.385097

PART 86
OFFSET 7.814596, 4.559351, 52.647425
SCALE 1.000000, 1.000000, 1.000000
X 0.772917, 0.314677, 0.550979
Y 0.261171, 0.633606, -0.728240
Z -0.578264, 0.706769, 0.407540

PART 87
OFFSET 9.400508, 2.520297, 53.561091
SCALE 1.000000, 1.000000, 1.000000
X 0.428843, -0.261748, 0.864628
Y 0.897385, 0.233500, -0.374402
Z -0.103891, 0.936464, 0.335024

PART 88
OFFSET 9.139224, 3.435174, 53.806724
SCALE 1.000000, 1.000000, 1.000000
X 0.367985, -0.202571, 0.907498
Y 0.900494, 0.320869, -0.293520
Z -0.231729, 0.925207, 0.300489

PART 89
OFFSET 5.169959, 2.544518, 54.436313
SCALE 1.000000, 1.000000, 1.000000
X 0.215403, -0.074710, 0.973663
Y -0.970496, -0.127004, 0.204957
Z 0.108347, -0.989085, -0.099863

PART 90
OFFSET 7.088677, 8.523000, 50.571470
SCALE 1.000000, 1.000000, 1.000000
X -0.367611, -0.498848, -0.784865
Y -0.928499, 0.244487, 0.279493
Z 0.052464, 0.831491, -0.553056

PART 91
OFFSET 7.030928, 8.400777, 48.977753
SCALE 1.000000, 1.000000, 1.000000
X -0.459261, -0.637549, -0.618556
Y -0.873360, 0.196899, 0.445502
Z -0.162236, 0.744824, -0.647238

PART 92
OFFSET 6.765022, 10.927378, 48.727059
SCALE 1.000000, 1.000000, 1.000000
X -0.342784, -0.786922, -0.513082
Y -0.857923, 0.039726, 0.512240
Z -0.382710, 0.615773, -0.688736

PART 93
OFFSET 7.261795, 10.154404, 48.966676
SCALE 1.000000, 1.000000, 1.000000
X -0.351277, -0.740132, -0.573419
Y -0.842654, -0.017026, 0.538187
Z -0.408092, 0.672246, -0.617694

PART 94
OFFSET 4.838269, 7.918205, 51.316449
