// Export filename: 'C:\Program Files (x86)\Steam\steamapps\common\Call of Duty Black Ops III\xanim_export\tbd\s2\grenade_frag\vm_frag_grenade_s2_throw.xanim_export'
// Source filename: 'C:\Users\Ash\Documents\WW2 Waffe 28\rig\iw7-t7.ma'
// Export time: Sat Oct 14 2017, 23:35:01

ANIMATION
VERSION 3

NUMPARTS 111
PART 0 "tag_torso"
PART 1 "j_shoulder_le"
PART 2 "j_shoulder_ri"
PART 3 "tag_weapon_left"
PART 4 "tag_weapon_right"
PART 5 "j_elbow_le"
PART 6 "j_elbow_ri"
PART 7 "tag_weapon"
PART 8 "j_elbow_bulge_le"
PART 9 "j_sleeve1_01_le"
PART 10 "j_sleeve1_02_le"
PART 11 "j_sleeve1_03_le"
PART 12 "j_sleeve1_04_le"
PART 13 "j_sleeve1_05_le"
PART 14 "j_sleeve1_06_le"
PART 15 "j_sleeve2_01_le"
PART 16 "j_sleeve2_02_le"
PART 17 "j_sleeve2_03_le"
PART 18 "j_sleeve2_04_le"
PART 19 "j_sleeve2_05_le"
PART 20 "j_sleeve2_06_le"
PART 21 "j_sleeve3_01_le"
PART 22 "j_sleeve3_02_le"
PART 23 "j_sleeve3_03_le"
PART 24 "j_sleeve3_04_le"
PART 25 "j_sleeve3_05_le"
PART 26 "j_sleeve3_06_le"
PART 27 "j_wrist_le"
PART 28 "j_wristtwist1_le"
PART 29 "j_wristtwist2_le"
PART 30 "j_wristtwist3_le"
PART 31 "j_wristtwist4_le"
PART 32 "j_wristtwist5_le"
PART 33 "j_wristtwist6_le"
PART 34 "j_wristtwist_le"
PART 35 "j_elbow_bulge_ri"
PART 36 "j_sleeve1_01_ri"
PART 37 "j_sleeve1_02_ri"
PART 38 "j_sleeve1_03_ri"
PART 39 "j_sleeve1_04_ri"
PART 40 "j_sleeve1_05_ri"
PART 41 "j_sleeve1_06_ri"
PART 42 "j_sleeve2_01_ri"
PART 43 "j_sleeve2_02_ri"
PART 44 "j_sleeve2_03_ri"
PART 45 "j_sleeve2_04_ri"
PART 46 "j_sleeve2_05_ri"
PART 47 "j_sleeve2_06_ri"
PART 48 "j_sleeve3_01_ri"
PART 49 "j_sleeve3_02_ri"
PART 50 "j_sleeve3_03_ri"
PART 51 "j_sleeve3_04_ri"
PART 52 "j_sleeve3_05_ri"
PART 53 "j_sleeve3_06_ri"
PART 54 "j_wrist_ri"
PART 55 "j_wristtwist1_ri"
PART 56 "j_wristtwist2_ri"
PART 57 "j_wristtwist3_ri"
PART 58 "j_wristtwist4_ri"
PART 59 "j_wristtwist5_ri"
PART 60 "j_wristtwist6_ri"
PART 61 "j_wristtwist_ri"
PART 62 "tag_clip"
PART 63 "j_indexbase_le"
PART 64 "j_mid_le_1"
PART 65 "j_pinkybase_le"
PART 66 "j_ringbase_le"
PART 67 "j_thumb_le_1"
PART 68 "j_wristcrease2_le"
PART 69 "j_wristcrease_le"
PART 70 "j_indexbase_ri"
PART 71 "j_mid_ri_1"
PART 72 "j_pinkybase_ri"
PART 73 "j_ringbase_ri"
PART 74 "j_thumb_ri_1"
PART 75 "j_wristcrease2_ri"
PART 76 "j_wristcrease_ri"
PART 77 "jnt_pin"
PART 78 "j_index_le_1"
PART 79 "j_indexretract_le"
PART 80 "j_mid_le_2"
PART 81 "j_pinky_le_1"
PART 82 "j_ring_le_1"
PART 83 "j_thumb_le_2"
PART 84 "j_index_ri_1"
PART 85 "j_indexretract_ri"
PART 86 "j_mid_ri_2"
PART 87 "j_pinky_ri_1"
PART 88 "j_ring_ri_1"
PART 89 "j_thumb_ri_2"
PART 90 "j_index_le_2"
PART 91 "j_mid_le_3"
PART 92 "j_pinky_le_2"
PART 93 "j_ring_le_2"
PART 94 "j_thumb_le_3"
PART 95 "j_index_ri_2"
PART 96 "j_mid_ri_3"
PART 97 "j_pinky_ri_2"
PART 98 "j_ring_ri_2"
PART 99 "j_thumb_ri_3"
PART 100 "j_index_le_3"
PART 101 "j_pinky_le_3"
PART 102 "j_ring_le_3"
PART 103 "j_index_ri_3"
PART 104 "j_pinky_ri_3"
PART 105 "j_ring_ri_3"
PART 106 "tag_cambone"
PART 107 "tag_camera"
PART 108 "tag_fill_light"
PART 109 "tag_flashlight"
PART 110 "tag_gasmask"

FRAMERATE 30
NUMFRAMES 11

FRAME 0
PART 0
OFFSET -4.738198, -0.000001, 62.942887
SCALE 1.000000, 1.000000, 1.000000
X 1.000000, 0.000000, 0.000000
Y 0.000000, 1.000000, 0.000000
Z 0.000000, 0.000000, 1.000000

PART 1
OFFSET 0.016078, 10.678981, 58.056301
SCALE 1.000000, 1.000000, 1.000000
X 0.451467, 0.890743, -0.052488
Y -0.795819, 0.375356, -0.475162
Z -0.403546, 0.256291, 0.878331

PART 2
OFFSET -2.755670, -7.851455, 60.972049
SCALE 1.000000, 1.000000, 1.000000
X -0.300076, 0.367467, -0.880297
Y -0.600436, 0.644317, 0.473637
Z 0.741236, 0.670689, 0.027296

PART 3
OFFSET 4.569910, -21.876169, 73.711962
SCALE 1.000000, 1.000000, 1.000000
X 0.396292, -0.579415, 0.712202
Y -0.000084, 0.775691, 0.631113
Z -0.918125, -0.250165, 0.307351

PART 4
OFFSET 3.224512, -16.319901, 81.867341
SCALE 1.000000, 1.000000, 1.000000
X 0.655248, -0.684026, 0.320560
Y 0.678297, 0.719542, 0.148905
Z -0.332511, 0.119865, 0.935451

PART 5
OFFSET 4.779295, 20.336704, 57.463420
SCALE 1.000000, 1.000000, 1.000000
X 0.819499, 0.572038, 0.034560
Y -0.522236, 0.770265, -0.366008
Z -0.235991, 0.281895, 0.929970

PART 6
OFFSET 0.896756, -12.654859, 70.068674
SCALE 1.000000, 1.000000, 1.000000
X -0.333551, 0.368510, -0.867724
Y -0.493785, 0.715783, 0.493793
Z 0.803069, 0.593174, -0.056786

PART 7
OFFSET 3.224512, -16.319901, 81.867341
SCALE 1.000000, 1.000000, 1.000000
X 0.655217, -0.684019, 0.320638
Y 0.678178, 0.719583, 0.149249
Z -0.332815, 0.119659, 0.935370

PART 8
OFFSET 4.779295, 20.336704, 57.463420
SCALE 1.000000, 1.000000, 1.000000
X 0.819499, 0.572038, 0.034560
Y -0.522236, 0.770265, -0.366008
Z -0.235991, 0.281895, 0.929970

PART 9
OFFSET 11.412421, 25.846499, 59.592437
SCALE 1.000000, 1.000000, 1.000000
X 0.819499, 0.572038, 0.034560
Y -0.522236, 0.770265, -0.366008
Z -0.235991, 0.281895, 0.929970

PART 10
OFFSET 12.535068, 24.256022, 59.301320
SCALE 1.000000, 1.000000, 1.000000
X 0.819503, 0.572033, 0.034557
Y -0.465486, 0.629265, 0.622373
Z 0.334273, -0.526122, 0.781957

PART 11
OFFSET 12.999710, 23.700911, 57.470854
SCALE 1.000000, 1.000000, 1.000000
X 0.819512, 0.572020, 0.034538
Y 0.057182, -0.141593, 0.988272
Z 0.570202, -0.807926, -0.148746

PART 12
OFFSET 12.341696, 24.736269, 55.931505
SCALE 1.000000, 1.000000, 1.000000
X 0.819499, 0.572038, 0.034560
Y 0.522236, -0.770265, 0.366008
Z 0.235991, -0.281895, -0.929970

PART 13
OFFSET 11.219052, 26.326742, 56.222619
SCALE 1.000000, 1.000000, 1.000000
X 0.819496, 0.572041, 0.034568
Y 0.465746, -0.629646, -0.621793
Z -0.333925, 0.525657, -0.782419

PART 14
OFFSET 10.754415, 26.881859, 58.053084
SCALE 1.000000, 1.000000, 1.000000
X 0.819495, 0.572043, 0.034556
Y -0.056747, 0.141001, -0.988382
Z -0.570269, 0.808013, 0.148012

PART 15
OFFSET 9.154043, 24.270006, 59.497443
SCALE 1.000000, 1.000000, 1.000000
X 0.819499, 0.572038, 0.034560
Y -0.522236, 0.770265, -0.366008
Z -0.235991, 0.281895, 0.929970

PART 16
OFFSET 10.276690, 22.679536, 59.206328
SCALE 1.000000, 1.000000, 1.000000
X 0.819503, 0.572033, 0.034557
Y -0.465486, 0.629265, 0.622373
Z 0.334273, -0.526122, 0.781957

PART 17
OFFSET 10.741329, 22.124422, 57.375859
SCALE 1.000000, 1.000000, 1.000000
X 0.819512, 0.572020, 0.034538
Y 0.057182, -0.141593, 0.988272
Z 0.570202, -0.807926, -0.148746

PART 18
OFFSET 10.083320, 23.159781, 55.836509
SCALE 1.000000, 1.000000, 1.000000
X 0.819499, 0.572038, 0.034560
Y 0.522236, -0.770265, 0.366008
Z 0.235991, -0.281895, -0.929970

PART 19
OFFSET 8.960674, 24.750256, 56.127624
SCALE 1.000000, 1.000000, 1.000000
X 0.819496, 0.572041, 0.034568
Y 0.465746, -0.629646, -0.621793
Z -0.333925, 0.525657, -0.782419

PART 20
OFFSET 8.496036, 25.305368, 57.958090
SCALE 1.000000, 1.000000, 1.000000
X 0.819495, 0.572043, 0.034556
Y -0.056747, 0.141001, -0.988382
Z -0.570269, 0.808013, 0.148012

PART 21
OFFSET 6.895662, 22.693519, 59.402447
SCALE 1.000000, 1.000000, 1.000000
X 0.819499, 0.572038, 0.034560
Y -0.522236, 0.770265, -0.366008
Z -0.235991, 0.281895, 0.929970

PART 22
OFFSET 8.018309, 21.103046, 59.111333
SCALE 1.000000, 1.000000, 1.000000
X 0.819503, 0.572033, 0.034557
Y -0.465486, 0.629265, 0.622373
Z 0.334273, -0.526122, 0.781957

PART 23
OFFSET 8.482946, 20.547932, 57.280871
SCALE 1.000000, 1.000000, 1.000000
X 0.819512, 0.572020, 0.034538
Y 0.057182, -0.141593, 0.988272
Z 0.570202, -0.807926, -0.148746

PART 24
OFFSET 7.824939, 21.583293, 55.741517
SCALE 1.000000, 1.000000, 1.000000
X 0.819499, 0.572038, 0.034560
Y 0.522236, -0.770265, 0.366008
Z 0.235991, -0.281895, -0.929970

PART 25
OFFSET 6.702292, 23.173764, 56.032631
SCALE 1.000000, 1.000000, 1.000000
X 0.819496, 0.572041, 0.034568
Y 0.465746, -0.629646, -0.621793
Z -0.333925, 0.525657, -0.782419

PART 26
OFFSET 6.237653, 23.728881, 57.863096
SCALE 1.000000, 1.000000, 1.000000
X 0.819495, 0.572043, 0.034556
Y -0.056747, 0.141001, -0.988382
Z -0.570269, 0.808013, 0.148012

PART 27
OFFSET 12.839633, 25.880830, 57.891886
SCALE 1.000000, 1.000000, 1.000000
X 0.924766, 0.003686, 0.380518
Y -0.343061, 0.440792, 0.829465
Z -0.164672, -0.897602, 0.408894

PART 28
OFFSET 10.806081, 24.543773, 57.716919
SCALE 1.000000, 1.000000, 1.000000
X 0.819499, 0.572038, 0.034560
Y -0.463106, 0.625507, 0.627912
Z 0.337572, -0.530578, 0.777516

PART 29
OFFSET 9.801618, 23.842595, 57.674671
SCALE 1.000000, 1.000000, 1.000000
X 0.819499, 0.572038, 0.034560
Y -0.546159, 0.761313, 0.349446
Z 0.173585, -0.305246, 0.936319

PART 30
OFFSET 8.797155, 23.141417, 57.632420
SCALE 1.000000, 1.000000, 1.000000
X 0.819499, 0.572038, 0.034560
Y -0.572522, 0.814548, 0.093435
Z 0.025297, -0.096356, 0.995025

PART 31
OFFSET 7.792688, 22.440238, 57.590172
SCALE 1.000000, 1.000000, 1.000000
X 0.819499, 0.572038, 0.034560
Y -0.565684, 0.817107, -0.111079
Z -0.091781, 0.071480, 0.993210

PART 32
OFFSET 6.788225, 21.739058, 57.547920
SCALE 1.000000, 1.000000, 1.000000
X 0.819499, 0.572038, 0.034560
Y -0.546238, 0.797933, -0.254808
Z -0.173336, 0.189937, 0.966374

PART 33
OFFSET 5.783761, 21.037881, 57.505672
SCALE 1.000000, 1.000000, 1.000000
X 0.819499, 0.572038, 0.034560
Y -0.522236, 0.770265, -0.366008
Z -0.235991, 0.281895, 0.929970

PART 34
OFFSET 11.760875, 25.313454, 57.732699
SCALE 1.000000, 1.000000, 1.000000
X 0.807643, 0.589603, 0.009045
Y -0.294944, 0.390639, 0.872014
Z 0.510609, -0.706944, 0.489397

PART 35
OFFSET 0.896756, -12.654859, 70.068674
SCALE 1.000000, 1.000000, 1.000000
X -0.333551, 0.368510, -0.867724
Y -0.493785, 0.715783, 0.493793
Z 0.803069, 0.593174, -0.056786

PART 36
OFFSET 2.204350, -17.013663, 77.693197
SCALE 1.000000, 1.000000, 1.000000
X -0.333551, 0.368510, -0.867724
Y -0.493785, 0.715783, 0.493793
Z 0.803069, 0.593174, -0.056786

PART 37
OFFSET 2.152826, -15.209570, 78.479039
SCALE 1.000000, 1.000000, 1.000000
X -0.333553, 0.368503, -0.867726
Y 0.448584, 0.871598, 0.197712
Z 0.829165, -0.323300, -0.456029

PART 38
OFFSET 3.733076, -14.042070, 78.367406
SCALE 1.000000, 1.000000, 1.000000
X -0.333568, 0.368484, -0.867728
Y 0.942384, 0.155139, -0.296387
Z 0.025405, -0.916598, -0.399003

PART 39
OFFSET 5.364852, -14.678677, 77.469978
SCALE 1.000000, 1.000000, 1.000000
X -0.333551, 0.368510, -0.867724
Y 0.493785, -0.715783, -0.493793
Z -0.803069, -0.593174, 0.056786

PART 40
OFFSET 5.416374, -16.482773, 76.684136
SCALE 1.000000, 1.000000, 1.000000
X -0.333544, 0.368516, -0.867724
Y -0.447974, -0.871832, -0.198064
Z -0.829499, 0.322654, 0.455880

PART 41
OFFSET 3.836121, -17.650271, 76.795767
SCALE 1.000000, 1.000000, 1.000000
X -0.333556, 0.368514, -0.867720
Y -0.942369, -0.155814, 0.296078
Z -0.026094, 0.916471, 0.399249

PART 42
OFFSET 1.285669, -15.998256, 75.302727
SCALE 1.000000, 1.000000, 1.000000
X -0.333551, 0.368510, -0.867724
Y -0.493785, 0.715783, 0.493793
Z 0.803069, 0.593174, -0.056786

PART 43
OFFSET 1.234142, -14.194158, 76.088527
SCALE 1.000000, 1.000000, 1.000000
X -0.333553, 0.368503, -0.867726
Y 0.448584, 0.871598, 0.197712
Z 0.829165, -0.323300, -0.456029

PART 44
OFFSET 2.814393, -13.026660, 75.976937
SCALE 1.000000, 1.000000, 1.000000
X -0.333568, 0.368484, -0.867728
Y 0.942384, 0.155139, -0.296387
Z 0.025405, -0.916598, -0.399003

PART 45
OFFSET 4.445777, -13.663207, 75.079477
SCALE 1.000000, 1.000000, 1.000000
X -0.333551, 0.368510, -0.867724
Y 0.493785, -0.715783, -0.493793
Z -0.803069, -0.593174, 0.056786

PART 46
OFFSET 4.497691, -15.467364, 74.293667
SCALE 1.000000, 1.000000, 1.000000
X -0.333544, 0.368516, -0.867724
Y -0.447974, -0.871832, -0.198064
Z -0.829499, 0.322654, 0.455880

PART 47
OFFSET 2.917444, -16.634862, 74.405296
SCALE 1.000000, 1.000000, 1.000000
X -0.333556, 0.368514, -0.867720
Y -0.942369, -0.155814, 0.296078
Z -0.026094, 0.916471, 0.399249

PART 48
OFFSET 0.366591, -14.982826, 72.912266
SCALE 1.000000, 1.000000, 1.000000
X -0.333551, 0.368510, -0.867724
Y -0.493785, 0.715783, 0.493793
Z 0.803069, 0.593174, -0.056786

PART 49
OFFSET 0.315065, -13.178727, 73.698067
SCALE 1.000000, 1.000000, 1.000000
X -0.333553, 0.368503, -0.867726
Y 0.448584, 0.871598, 0.197712
Z 0.829165, -0.323300, -0.456029

PART 50
OFFSET 1.895318, -12.011228, 73.586478
SCALE 1.000000, 1.000000, 1.000000
X -0.333568, 0.368484, -0.867728
Y 0.942384, 0.155139, -0.296387
Z 0.025405, -0.916598, -0.399003

PART 51
OFFSET 3.527091, -12.647833, 72.689005
SCALE 1.000000, 1.000000, 1.000000
X -0.333551, 0.368510, -0.867724
Y 0.493785, -0.715783, -0.493793
Z -0.803069, -0.593174, 0.056786

PART 52
OFFSET 3.578613, -14.451932, 71.903205
SCALE 1.000000, 1.000000, 1.000000
X -0.333544, 0.368516, -0.867724
Y -0.447974, -0.871832, -0.198064
Z -0.829499, 0.322654, 0.455880

PART 53
OFFSET 1.998364, -15.619430, 72.014835
SCALE 1.000000, 1.000000, 1.000000
X -0.333556, 0.368514, -0.867720
Y -0.942369, -0.155814, 0.296078
Z -0.026094, 0.916471, 0.399249

PART 54
OFFSET 3.696078, -16.306612, 78.526736
SCALE 1.000000, 1.000000, 1.000000
X 0.757370, 0.401222, -0.515181
Y -0.338379, 0.915917, 0.215862
Z 0.558472, 0.010840, 0.829453

PART 55
OFFSET 3.348860, -15.364625, 76.447964
SCALE 1.000000, 1.000000, 1.000000
X -0.333551, 0.368510, -0.867724
Y -0.524362, 0.692395, 0.495614
Z 0.783446, 0.620314, -0.037717

PART 56
OFFSET 2.940174, -14.912999, 75.384749
SCALE 1.000000, 1.000000, 1.000000
X -0.333551, 0.368510, -0.867724
Y -0.515100, 0.699652, 0.495135
Z 0.789567, 0.612117, -0.043551

PART 57
OFFSET 2.531491, -14.461369, 74.321534
SCALE 1.000000, 1.000000, 1.000000
X -0.333551, 0.368510, -0.867724
Y -0.507468, 0.705518, 0.494693
Z 0.794493, 0.605347, -0.048319

PART 58
OFFSET 2.122805, -14.009741, 73.258318
SCALE 1.000000, 1.000000, 1.000000
X -0.333551, 0.368510, -0.867724
Y -0.501500, 0.710035, 0.494317
Z 0.798274, 0.600043, -0.052025

PART 59
OFFSET 1.714122, -13.558112, 72.195104
SCALE 1.000000, 1.000000, 1.000000
X -0.333551, 0.368510, -0.867724
Y -0.497219, 0.713236, 0.494031
Z 0.800947, 0.596234, -0.054671

PART 60
OFFSET 1.305437, -13.106485, 71.131890
SCALE 1.000000, 1.000000, 1.000000
X -0.333551, 0.368510, -0.867724
Y -0.493785, 0.715783, 0.493793
Z 0.803069, 0.593174, -0.056786

PART 61
OFFSET 3.730865, -15.812125, 77.523572
SCALE 1.000000, 1.000000, 1.000000
X -0.322656, 0.372693, -0.870054
Y -0.536585, 0.685212, 0.492505
Z 0.779724, 0.625768, -0.021107

PART 62
OFFSET 2.634622, -16.107814, 83.525217
SCALE 1.000000, 1.000000, 1.000000
X 0.565215, -0.640519, 0.519872
Y 0.678178, 0.719583, 0.149249
Z -0.469688, 0.268208, 0.841105

PART 63
OFFSET 16.280439, 25.175192, 58.338960
SCALE 1.000000, 1.000000, 1.000000
X 0.797631, -0.441086, 0.411373
Y -0.206714, 0.440822, 0.873468
Z -0.566616, -0.781741, 0.260435

PART 64
OFFSET 15.731234, 25.601077, 59.305503
SCALE 1.000000, 1.000000, 1.000000
X 0.907219, 0.026207, 0.419843
Y 0.195716, 0.857159, -0.476418
Z -0.372357, 0.514385, 0.772501

PART 65
OFFSET 13.071904, 26.639031, 58.953793
SCALE 1.000000, 1.000000, 1.000000
X 0.718247, 0.346334, 0.603468
Y 0.006611, 0.863880, -0.503655
Z -0.695757, 0.365738, 0.618189

PART 66
OFFSET 13.610779, 26.116760, 58.847119
SCALE 1.000000, 1.000000, 1.000000
X 0.803005, 0.218710, 0.554390
Y 0.058219, 0.896992, -0.438196
Z -0.593122, 0.384149, 0.707556

PART 67
OFFSET 13.440915, 25.168696, 57.315774
SCALE 1.000000, 1.000000, 1.000000
X 0.710961, -0.078380, -0.698850
Y 0.362188, 0.892641, 0.268350
Z 0.602789, -0.443902, 0.663021

PART 68
OFFSET 11.760875, 25.313454, 57.732699
SCALE 1.000000, 1.000000, 1.000000
X 0.807643, 0.589603, 0.009045
Y -0.294944, 0.390639, 0.872014
Z 0.510609, -0.706944, 0.489397

PART 69
OFFSET 11.760875, 25.313454, 57.732699
SCALE 1.000000, 1.000000, 1.000000
X 0.807643, 0.589603, 0.009045
Y -0.294944, 0.390639, 0.872014
Z 0.510609, -0.706944, 0.489397

PART 70
OFFSET 0.828998, -16.692521, 80.665674
SCALE 1.000000, 1.000000, 1.000000
X 0.349223, 0.351988, -0.868417
Y -0.259084, 0.926908, 0.271509
Z 0.900510, 0.130176, 0.414892

PART 71
OFFSET 1.125873, -17.734602, 80.374489
SCALE 1.000000, 1.000000, 1.000000
X -0.207252, 0.005482, -0.978272
Y -0.851870, -0.492683, 0.177712
Z -0.481004, 0.870192, 0.106780

PART 72
OFFSET 3.768184, -17.592929, 78.837721
SCALE 1.000000, 1.000000, 1.000000
X -0.487798, -0.678333, 0.549470
Y 0.755799, -0.643146, -0.123010
Z 0.436831, 0.355285, 0.826409

PART 73
OFFSET 3.064813, -17.318002, 78.902103
SCALE 1.000000, 1.000000, 1.000000
X -0.569848, -0.556330, 0.604790
Y 0.652451, -0.753744, -0.078594
Z 0.499581, 0.349809, 0.792498

PART 74
OFFSET 3.433322, -15.438559, 79.040865
SCALE 1.000000, 1.000000, 1.000000
X -0.302428, -0.107526, -0.947088
Y 0.351386, 0.911058, -0.215641
Z 0.886039, -0.398010, -0.237746

PART 75
OFFSET 3.730865, -15.812125, 77.523572
SCALE 1.000000, 1.000000, 1.000000
X -0.322656, 0.372693, -0.870054
Y -0.536585, 0.685212, 0.492505
Z 0.779724, 0.625768, -0.021107

PART 76
OFFSET 3.730865, -15.812125, 77.523572
SCALE 1.000000, 1.000000, 1.000000
X -0.322656, 0.372693, -0.870054
Y -0.536585, 0.685212, 0.492505
Z 0.779724, 0.625768, -0.021107

PART 77
OFFSET -23.444901, 15.796585, 77.245258
SCALE 1.000000, 1.000000, 1.000000
X -0.121074, -0.105326, -0.987040
Y -0.831261, -0.532715, 0.158811
Z -0.542538, 0.839715, -0.023055

PART 78
OFFSET 16.280439, 25.175192, 58.338960
SCALE 1.000000, 1.000000, 1.000000
X 0.989119, 0.055742, 0.136145
Y 0.018196, 0.871974, -0.489215
Z -0.145985, 0.486369, 0.861472

PART 79
OFFSET 16.280439, 25.175192, 58.338960
SCALE 1.000000, 1.000000, 1.000000
X 0.797631, -0.441086, 0.411373
Y -0.206714, 0.440822, 0.873468
Z -0.566616, -0.781741, 0.260435

PART 80
OFFSET 17.309111, 25.716412, 59.991750
SCALE 1.000000, 1.000000, 1.000000
X 0.861842, -0.129448, 0.490379
Y 0.362980, 0.832718, -0.418121
Z -0.354223, 0.538352, 0.764659

PART 81
OFFSET 14.542077, 27.288606, 60.333951
SCALE 1.000000, 1.000000, 1.000000
X 0.539082, 0.094878, 0.836892
Y 0.364919, 0.869219, -0.333605
Z -0.759094, 0.485239, 0.433958

PART 82
OFFSET 15.031469, 26.414044, 59.901230
SCALE 1.000000, 1.000000, 1.000000
X 0.706136, 0.254938, 0.660589
Y 0.192658, 0.828563, -0.525706
Z -0.681362, 0.498488, 0.535962

PART 83
OFFSET 15.082942, 25.035794, 55.731483
SCALE 1.000000, 1.000000, 1.000000
X 0.792787, 0.421547, -0.440212
Y -0.079445, 0.787561, 0.611094
Z 0.604299, -0.449495, 0.657858

PART 84
OFFSET 0.828998, -16.692521, 80.665674
SCALE 1.000000, 1.000000, 1.000000
X -0.209707, 0.158228, -0.964877
Y -0.925293, -0.351041, 0.143538
Z -0.316000, 0.922894, 0.220023

PART 85
OFFSET 0.828998, -16.692521, 80.665674
SCALE 1.000000, 1.000000, 1.000000
X 0.349223, 0.351988, -0.868417
Y -0.259084, 0.926908, 0.271509
Z 0.900510, 0.130176, 0.414892

PART 86
OFFSET 1.504060, -17.738361, 82.098889
SCALE 1.000000, 1.000000, 1.000000
X -0.633483, -0.266254, -0.726504
Y -0.600838, -0.422343, 0.678690
Z -0.487537, 0.866450, 0.107572

PART 87
OFFSET 2.703940, -19.098384, 80.052615
SCALE 1.000000, 1.000000, 1.000000
X -0.010120, 0.025887, -0.999614
Y -0.502325, -0.864506, -0.017302
Z -0.864619, 0.501956, 0.021752

PART 88
OFFSET 1.929503, -18.519154, 80.211960
SCALE 1.000000, 1.000000, 1.000000
X -0.046665, 0.112915, -0.992508
Y -0.592714, -0.802908, -0.063476
Z -0.804060, 0.585311, 0.104394

PART 89
OFFSET 4.126583, -15.192074, 81.211733
SCALE 1.000000, 1.000000, 1.000000
X -0.116721, 0.304921, -0.945198
Y 0.448706, 0.865226, 0.223712
Z 0.886024, -0.398004, -0.237810

PART 90
OFFSET 17.692133, 25.261264, 58.530985
SCALE 1.000000, 1.000000, 1.000000
X 0.971942, -0.106498, 0.209730
Y 0.197265, 0.854709, -0.480166
Z -0.128121, 0.508066, 0.851736

PART 91
OFFSET 18.253421, 25.689612, 60.452412
SCALE 1.000000, 1.000000, 1.000000
X 0.716722, -0.380765, 0.584233
Y 0.610210, 0.747974, -0.261109
Z -0.337570, 0.543647, 0.768436

PART 92
OFFSET 15.154665, 27.401153, 61.278262
SCALE 1.000000, 1.000000, 1.000000
X 0.650334, 0.563585, 0.509350
Y -0.003150, 0.672503, -0.740088
Z -0.759642, 0.479700, 0.439127

PART 93
OFFSET 16.107307, 26.817636, 60.879741
SCALE 1.000000, 1.000000, 1.000000
X 0.700367, 0.212545, 0.681403
Y 0.197064, 0.859956, -0.470788
Z -0.686040, 0.464004, 0.560400

PART 94
OFFSET 15.965155, 25.390210, 55.172651
SCALE 1.000000, 1.000000, 1.000000
X 0.794211, 0.236274, -0.559824
Y 0.077128, 0.874656, 0.478569
Z 0.602727, -0.423262, 0.676439

PART 95
OFFSET 1.125083, -16.919886, 82.049329
SCALE 1.000000, 1.000000, 1.000000
X -0.699288, 0.028095, -0.714287
Y -0.667601, -0.382882, 0.638522
Z -0.255548, 0.923370, 0.286501

PART 96
OFFSET 2.150640, -17.478753, 82.971880
SCALE 1.000000, 1.000000, 1.000000
X -0.878478, -0.463649, -0.115356
Y -0.052344, -0.146593, 0.987811
Z -0.474908, 0.873808, 0.104510

PART 97
OFFSET 2.715097, -19.129351, 81.197007
SCALE 1.000000, 1.000000, 1.000000
X -0.366456, -0.592552, -0.717351
Y -0.347926, -0.627782, 0.696302
Z -0.862935, 0.504750, 0.023890

PART 98
OFFSET 2.028673, -18.680020, 81.862065
SCALE 1.000000, 1.000000, 1.000000
X -0.499103, -0.543284, -0.675084
Y -0.336511, -0.596396, 0.728747
Z -0.798534, 0.590893, 0.114842

PART 99
OFFSET 4.224132, -15.627789, 82.297021
SCALE 1.000000, 1.000000, 1.000000
X 0.154438, 0.730114, -0.665644
Y 0.455741, 0.545125, 0.703661
Z 0.876612, -0.412033, -0.248555

PART 100
OFFSET 18.631693, 25.149849, 58.738552
SCALE 1.000000, 1.000000, 1.000000
X 0.754119, -0.595542, 0.276831
Y 0.655566, 0.657453, -0.371469
Z 0.039222, 0.461613, 0.886214

PART 101
OFFSET 15.615024, 27.860158, 61.567840
SCALE 1.000000, 1.000000, 1.000000
X 0.636228, 0.576059, 0.513196
Y -0.032469, 0.684595, -0.728200
Z -0.770818, 0.446639, 0.454262

PART 102
OFFSET 16.708025, 27.160267, 61.318518
SCALE 1.000000, 1.000000, 1.000000
X 0.684268, 0.199495, 0.701412
Y 0.192556, 0.878285, -0.437651
Z -0.703348, 0.434532, 0.562568

PART 103
OFFSET 1.806064, -16.947497, 82.747559
SCALE 1.000000, 1.000000, 1.000000
X -0.837456, -0.131085, -0.530551
Y -0.453295, -0.375672, 0.808328
Z -0.305273, 0.917435, 0.255189

PART 104
OFFSET 2.981427, -18.699123, 81.721685
SCALE 1.000000, 1.000000, 1.000000
X -0.505738, -0.856641, -0.101957
Y -0.030313, -0.100466, 0.994479
Z -0.862154, 0.506036, 0.024843

PART 105
OFFSET 2.460000, -18.210776, 82.445652
SCALE 1.000000, 1.000000, 1.000000
X -0.601638, -0.777430, -0.183397
Y -0.019056, -0.215565, 0.976304
Z -0.798541, 0.590876, 0.114878

PART 106
OFFSET -0.106364, -0.000001, 64.319843
SCALE 1.000000, 1.000000, 1.000000
X 1.000000, 0.000000, 0.000000
Y 0.000000, 1.000000, 0.000000
Z 0.000000, 0.000000, 1.000000

PART 107
OFFSET -0.106364, -0.000001, 64.319843
SCALE 1.000000, 1.000000, 1.000000
X 1.000000, 0.000000, 0.000000
Y 0.000000, 1.000000, 0.000000
Z 0.000000, 0.000000, 1.000000

PART 108
OFFSET -4.738254, -0.000001, 62.943069
SCALE 1.000000, 1.000000, 1.000000
X 1.000000, 0.000000, 0.000000
Y 0.000000, 1.000000, 0.000000
Z 0.000000, 0.000000, 1.000000

PART 109
OFFSET 1.434187, -0.000001, 68.455665
SCALE 1.000000, 1.000000, 1.000000
X 1.000000, 0.000000, 0.000000
Y 0.000000, 1.000000, 0.000000
Z 0.000000, 0.000000, 1.000000

PART 110
OFFSET 1.434187, -0.000001, 68.455665
SCALE 1.000000, 1.000000, 1.000000
X 1.000000, 0.000000, 0.000000
Y 0.000000, 1.000000, 0.000000
Z 0.000000, 0.000000, 1.000000

FRAME 1
PART 0
OFFSET -4.738198, -0.000001, 62.942887
SCALE 1.000000, 1.000000, 1.000000
X 1.000000, 0.000000, 0.000000
Y 0.000000, 1.000000, 0.000000
Z 0.000000, 0.000000, 1.000000

PART 1
OFFSET 0.874681, 10.731522, 57.574170
SCALE 1.000000, 1.000000, 1.000000
X 0.503788, 0.858401, -0.096671
Y -0.793868, 0.415960, -0.443566
Z -0.340546, 0.300208, 0.891013

PART 2
OFFSET -2.741184, -7.842546, 59.597325
SCALE 1.000000, 1.000000, 1.000000
X -0.675100, 0.373789, -0.636020
Y -0.434556, 0.495201, 0.752288
Z 0.596155, 0.784256, -0.171878

PART 3
OFFSET 4.782146, -21.611409, 75.030719
SCALE 1.000000, 1.000000, 1.000000
X 0.423109, -0.514541, 0.745806
Y -0.068024, 0.802752, 0.592420
Z -0.903522, -0.301391, 0.304651

PART 4
OFFSET 10.692337, -12.549394, 77.578022
SCALE 1.000000, 1.000000, 1.000000
X 0.781790, -0.604873, 0.151434
Y 0.621801, 0.738135, -0.261762
Z 0.046554, 0.298805, 0.953178

PART 5
OFFSET 5.103262, 20.637706, 56.268342
SCALE 1.000000, 1.000000, 1.000000
X 0.283745, 0.943880, -0.169052
Y -0.928850, 0.226759, -0.292947
Z -0.238173, 0.240146, 0.941065

PART 6
OFFSET 4.685000, -12.149116, 66.251329
SCALE 1.000000, 1.000000, 1.000000
X -0.562952, 0.095480, -0.820956
Y -0.572157, 0.671782, 0.470474
Z 0.596424, 0.734570, -0.323552

PART 7
OFFSET 10.692337, -12.549394, 77.578022
SCALE 1.000000, 1.000000, 1.000000
X 0.781792, -0.604851, 0.151515
Y 0.621821, 0.738242, -0.261412
Z 0.046261, 0.298585, 0.953261

PART 8
OFFSET 5.103262, 20.637706, 56.268342
SCALE 1.000000, 1.000000, 1.000000
X 0.283745, 0.943880, -0.169052
Y -0.928850, 0.226759, -0.292947
Z -0.238173, 0.240146, 0.941065

PART 9
OFFSET 7.091520, 29.285577, 56.655716
SCALE 1.000000, 1.000000, 1.000000
X 0.283745, 0.943880, -0.169052
Y -0.928850, 0.226759, -0.292947
Z -0.238173, 0.240146, 0.941065

PART 10
OFFSET 8.909448, 28.662813, 56.229097
SCALE 1.000000, 1.000000, 1.000000
X 0.283751, 0.943878, -0.169056
Y -0.670687, 0.321359, 0.668512
Z 0.685321, -0.076307, 0.724232

PART 11
OFFSET 9.378512, 28.190015, 54.376777
SCALE 1.000000, 1.000000, 1.000000
X 0.283763, 0.943871, -0.169075
Y 0.258851, 0.094376, 0.961296
Z 0.923295, -0.316546, -0.217542

PART 12
OFFSET 8.029646, 28.339971, 52.951078
SCALE 1.000000, 1.000000, 1.000000
X 0.283745, 0.943880, -0.169052
Y 0.928850, -0.226759, 0.292947
Z 0.238173, -0.240146, -0.941065

PART 13
OFFSET 6.211722, 28.962733, 53.377695
SCALE 1.000000, 1.000000, 1.000000
X 0.283742, 0.943883, -0.169044
Y 0.671199, -0.321401, -0.667977
Z -0.684822, 0.076071, -0.724728

PART 14
OFFSET 5.742658, 29.435538, 55.230012
SCALE 1.000000, 1.000000, 1.000000
X 0.283739, 0.943882, -0.169055
Y -0.258162, -0.094597, -0.961459
Z -0.923496, 0.316447, 0.216834

PART 15
OFFSET 6.309649, 26.684416, 57.121834
SCALE 1.000000, 1.000000, 1.000000
X 0.283745, 0.943880, -0.169052
Y -0.928850, 0.226759, -0.292947
Z -0.238173, 0.240146, 0.941065

PART 16
OFFSET 8.127573, 26.061658, 56.695217
SCALE 1.000000, 1.000000, 1.000000
X 0.283751, 0.943878, -0.169056
Y -0.670687, 0.321359, 0.668512
Z 0.685321, -0.076307, 0.724232

PART 17
OFFSET 8.596636, 25.588856, 54.842895
SCALE 1.000000, 1.000000, 1.000000
X 0.283763, 0.943871, -0.169075
Y 0.258851, 0.094376, 0.961296
Z 0.923295, -0.316546, -0.217542

PART 18
OFFSET 7.247772, 25.738815, 53.417194
SCALE 1.000000, 1.000000, 1.000000
X 0.283745, 0.943880, -0.169052
Y 0.928850, -0.226759, 0.292947
Z 0.238173, -0.240146, -0.941065

PART 19
OFFSET 5.429846, 26.361578, 53.843811
SCALE 1.000000, 1.000000, 1.000000
X 0.283742, 0.943883, -0.169044
Y 0.671199, -0.321401, -0.667977
Z -0.684822, 0.076071, -0.724728

PART 20
OFFSET 4.960784, 26.834379, 55.696130
SCALE 1.000000, 1.000000, 1.000000
X 0.283739, 0.943882, -0.169055
Y -0.258162, -0.094597, -0.961459
Z -0.923496, 0.316447, 0.216834

PART 21
OFFSET 5.527771, 24.083258, 57.587951
SCALE 1.000000, 1.000000, 1.000000
X 0.283745, 0.943880, -0.169052
Y -0.928850, 0.226759, -0.292947
Z -0.238173, 0.240146, 0.941065

PART 22
OFFSET 7.345697, 23.460498, 57.161334
SCALE 1.000000, 1.000000, 1.000000
X 0.283751, 0.943878, -0.169056
Y -0.670687, 0.321359, 0.668512
Z 0.685321, -0.076307, 0.724232

PART 23
OFFSET 7.814760, 22.987696, 55.309020
SCALE 1.000000, 1.000000, 1.000000
X 0.283763, 0.943871, -0.169075
Y 0.258851, 0.094376, 0.961296
Z 0.923295, -0.316546, -0.217542

PART 24
OFFSET 6.465896, 23.137657, 53.883315
SCALE 1.000000, 1.000000, 1.000000
X 0.283745, 0.943880, -0.169052
Y 0.928850, -0.226759, 0.292947
Z 0.238173, -0.240146, -0.941065

PART 25
OFFSET 4.647971, 23.760416, 54.309932
SCALE 1.000000, 1.000000, 1.000000
X 0.283742, 0.943883, -0.169044
Y 0.671199, -0.321401, -0.667977
Z -0.684822, 0.076071, -0.724728

PART 26
OFFSET 4.178906, 24.233220, 56.162250
SCALE 1.000000, 1.000000, 1.000000
X 0.283739, 0.943882, -0.169055
Y -0.258162, -0.094597, -0.961459
Z -0.923496, 0.316447, 0.216834

PART 27
OFFSET 8.045633, 29.776328, 54.634181
SCALE 1.000000, 1.000000, 1.000000
X 0.935406, 0.353285, -0.014331
Y -0.097595, 0.296936, 0.949897
Z 0.339839, -0.887141, 0.312235

PART 28
OFFSET 7.189800, 27.579240, 55.024439
SCALE 1.000000, 1.000000, 1.000000
X 0.283745, 0.943880, -0.169052
Y -0.529699, 0.301244, 0.792888
Z 0.799317, -0.135431, 0.585449

PART 29
OFFSET 6.842045, 26.422319, 55.231758
SCALE 1.000000, 1.000000, 1.000000
X 0.283745, 0.943880, -0.169052
Y -0.787214, 0.329958, 0.520982
Z 0.547525, -0.014746, 0.836660

PART 30
OFFSET 6.494289, 25.265397, 55.439073
SCALE 1.000000, 1.000000, 1.000000
X 0.283745, 0.943880, -0.169052
Y -0.916475, 0.318803, 0.241740
Z 0.282068, 0.086339, 0.955502

PART 31
OFFSET 6.146532, 24.108472, 55.646393
SCALE 1.000000, 1.000000, 1.000000
X 0.283745, 0.943880, -0.169052
Y -0.957280, 0.289072, 0.007249
Z 0.055711, 0.159773, 0.985580

PART 32
OFFSET 5.798777, 22.951549, 55.853708
SCALE 1.000000, 1.000000, 1.000000
X 0.283745, 0.943880, -0.169052
Y -0.952718, 0.257513, -0.161294
Z -0.108710, 0.206825, 0.972320

PART 33
OFFSET 5.451021, 21.794628, 56.061027
SCALE 1.000000, 1.000000, 1.000000
X 0.283745, 0.943880, -0.169052
Y -0.928850, 0.226759, -0.292947
Z -0.238173, 0.240146, 0.941065

PART 34
OFFSET 7.435539, 28.761704, 54.806689
SCALE 1.000000, 1.000000, 1.000000
X 0.252914, 0.947936, -0.193527
Y -0.127810, 0.231013, 0.964519
Z 0.959009, -0.219206, 0.179582

PART 35
OFFSET 4.685000, -12.149116, 66.251329
SCALE 1.000000, 1.000000, 1.000000
X -0.562952, 0.095480, -0.820956
Y -0.572157, 0.671782, 0.470474
Z 0.596424, 0.734570, -0.323552

PART 36
OFFSET 8.385651, -14.422214, 73.996039
SCALE 1.000000, 1.000000, 1.000000
X -0.562952, 0.095480, -0.820956
Y -0.572157, 0.671782, 0.470474
Z 0.596424, 0.734570, -0.323552

PART 37
OFFSET 7.997121, -12.554015, 74.479598
SCALE 1.000000, 1.000000, 1.000000
X -0.562952, 0.095472, -0.820956
Y 0.230436, 0.972048, -0.044973
Z 0.793715, -0.214495, -0.569217

PART 38
OFFSET 9.170688, -11.108272, 73.842986
SCALE 1.000000, 1.000000, 1.000000
X -0.562962, 0.095450, -0.820953
Y 0.802732, 0.299563, -0.515638
Z 0.196709, -0.949290, -0.245264

PART 39
OFFSET 10.732799, -11.530730, 72.722862
SCALE 1.000000, 1.000000, 1.000000
X -0.562952, 0.095480, -0.820956
Y 0.572157, -0.671782, -0.470474
Z -0.596424, -0.734570, 0.323552

PART 40
OFFSET 11.121328, -13.398933, 72.239304
SCALE 1.000000, 1.000000, 1.000000
X -0.562947, 0.095487, -0.820959
Y -0.229855, -0.972205, 0.044538
Z -0.793887, 0.213774, 0.569248

PART 41
OFFSET 9.947757, -14.844676, 72.875914
SCALE 1.000000, 1.000000, 1.000000
X -0.562957, 0.095484, -0.820952
Y -0.802594, -0.300266, 0.515444
Z -0.197287, 0.949064, 0.245671

PART 42
OFFSET 6.834934, -14.158933, 71.734329
SCALE 1.000000, 1.000000, 1.000000
X -0.562952, 0.095480, -0.820956
Y -0.572157, 0.671782, 0.470474
Z 0.596424, 0.734570, -0.323552

PART 43
OFFSET 6.446393, -12.290738, 72.217847
SCALE 1.000000, 1.000000, 1.000000
X -0.562952, 0.095472, -0.820956
Y 0.230436, 0.972048, -0.044973
Z 0.793715, -0.214495, -0.569217

PART 44
OFFSET 7.619969, -10.844988, 71.581277
SCALE 1.000000, 1.000000, 1.000000
X -0.562962, 0.095450, -0.820953
Y 0.802732, 0.299563, -0.515638
Z 0.196709, -0.949290, -0.245264

PART 45
OFFSET 9.181686, -11.267485, 70.461199
SCALE 1.000000, 1.000000, 1.000000
X -0.562952, 0.095480, -0.820956
Y 0.572157, -0.671782, -0.470474
Z -0.596424, -0.734570, 0.323552

PART 46
OFFSET 9.570608, -13.135651, 69.977596
SCALE 1.000000, 1.000000, 1.000000
X -0.562947, 0.095487, -0.820959
Y -0.229855, -0.972205, 0.044538
Z -0.793887, 0.213774, 0.569248

PART 47
OFFSET 8.397043, -14.581392, 70.614202
SCALE 1.000000, 1.000000, 1.000000
X -0.562957, 0.095484, -0.820952
Y -0.802594, -0.300266, 0.515444
Z -0.197287, 0.949064, 0.245671

PART 48
OFFSET 5.283835, -13.895719, 69.472710
SCALE 1.000000, 1.000000, 1.000000
X -0.562952, 0.095480, -0.820956
Y -0.572157, 0.671782, 0.470474
Z 0.596424, 0.734570, -0.323552

PART 49
OFFSET 4.895295, -12.027522, 69.956229
SCALE 1.000000, 1.000000, 1.000000
X -0.562952, 0.095472, -0.820956
Y 0.230436, 0.972048, -0.044973
Z 0.793715, -0.214495, -0.569217

PART 50
OFFSET 6.068873, -10.581770, 69.319659
SCALE 1.000000, 1.000000, 1.000000
X -0.562962, 0.095450, -0.820953
Y 0.802732, 0.299563, -0.515638
Z 0.196709, -0.949290, -0.245264

PART 51
OFFSET 7.630972, -11.004238, 68.199493
SCALE 1.000000, 1.000000, 1.000000
X -0.562952, 0.095480, -0.820956
Y 0.572157, -0.671782, -0.470474
Z -0.596424, -0.734570, 0.323552

PART 52
OFFSET 8.019509, -12.872435, 67.715975
SCALE 1.000000, 1.000000, 1.000000
X -0.562947, 0.095487, -0.820959
Y -0.229855, -0.972205, 0.044538
Z -0.793887, 0.213774, 0.569248

PART 53
OFFSET 6.845942, -14.318176, 68.352584
SCALE 1.000000, 1.000000, 1.000000
X -0.562957, 0.095484, -0.820952
Y -0.802594, -0.300266, 0.515444
Z -0.197287, 0.949064, 0.245671

PART 54
OFFSET 9.831628, -13.187722, 74.386562
SCALE 1.000000, 1.000000, 1.000000
X 0.463789, 0.296422, -0.834886
Y -0.302326, 0.938753, 0.165354
Z 0.832766, 0.175718, 0.524999

PART 55
OFFSET 8.823756, -12.851624, 72.286903
SCALE 1.000000, 1.000000, 1.000000
X -0.562952, 0.095480, -0.820956
Y -0.392778, 0.843060, 0.367389
Z 0.727194, 0.529276, -0.437100

PART 56
OFFSET 8.133962, -12.734541, 71.280975
SCALE 1.000000, 1.000000, 1.000000
X -0.562952, 0.095480, -0.820956
Y -0.451241, 0.796686, 0.402085
Z 0.692435, 0.596804, -0.405412

PART 57
OFFSET 7.444170, -12.617454, 70.275046
SCALE 1.000000, 1.000000, 1.000000
X -0.562952, 0.095480, -0.820956
Y -0.496819, 0.754715, 0.428458
Z 0.660497, 0.649067, -0.377432

PART 58
OFFSET 6.754374, -12.500370, 69.269115
SCALE 1.000000, 1.000000, 1.000000
X -0.562952, 0.095480, -0.820956
Y -0.530721, 0.719695, 0.447632
Z 0.633578, 0.687694, -0.354481

PART 59
OFFSET 6.064583, -12.383284, 68.263187
SCALE 1.000000, 1.000000, 1.000000
X -0.562952, 0.095480, -0.820956
Y -0.554050, 0.693466, 0.460579
Z 0.613281, 0.714135, -0.337487

PART 60
OFFSET 5.374789, -12.266200, 67.257260
SCALE 1.000000, 1.000000, 1.000000
X -0.562952, 0.095480, -0.820956
Y -0.572157, 0.671782, 0.470474
Z 0.596424, 0.734570, -0.323552

PART 61
OFFSET 9.516436, -12.969503, 73.290693
SCALE 1.000000, 1.000000, 1.000000
X -0.564000, 0.095079, -0.820283
Y -0.320177, 0.890464, 0.323358
Z 0.761177, 0.445010, -0.471780

PART 62
OFFSET 10.774332, -12.020173, 79.267610
SCALE 1.000000, 1.000000, 1.000000
X 0.772616, -0.523680, 0.358920
Y 0.621821, 0.738242, -0.261412
Z -0.128073, 0.425155, 0.896013

PART 63
OFFSET 11.372924, 30.405532, 53.599626
SCALE 1.000000, 1.000000, 1.000000
X 0.994343, -0.106205, 0.001848
Y 0.035462, 0.348314, 0.936707
Z -0.100127, -0.931342, 0.350109

PART 64
OFFSET 11.163600, 30.614641, 54.752706
SCALE 1.000000, 1.000000, 1.000000
X 0.929051, 0.368621, 0.031367
Y -0.327930, 0.859802, -0.391411
Z -0.171252, 0.353355, 0.919681

PART 65
OFFSET 8.419624, 30.585565, 55.614873
SCALE 1.000000, 1.000000, 1.000000
X 0.735612, 0.598829, 0.316667
Y -0.500615, 0.795504, -0.341407
Z -0.456354, 0.092615, 0.884965

PART 66
OFFSET 9.009473, 30.298604, 55.235046
SCALE 1.000000, 1.000000, 1.000000
X 0.830692, 0.510892, 0.221225
Y -0.441454, 0.846566, -0.297396
Z -0.339219, 0.149384, 0.928771

PART 67
OFFSET 8.559152, 29.327864, 53.776378
SCALE 1.000000, 1.000000, 1.000000
X 0.336745, 0.178567, -0.924509
Y 0.108680, 0.967920, 0.226537
Z 0.935303, -0.176761, 0.306536

PART 68
OFFSET 7.435539, 28.761704, 54.806689
SCALE 1.000000, 1.000000, 1.000000
X 0.252914, 0.947936, -0.193527
Y -0.127810, 0.231013, 0.964519
Z 0.959009, -0.219206, 0.179582

PART 69
OFFSET 7.435539, 28.761704, 54.806689
SCALE 1.000000, 1.000000, 1.000000
X 0.252914, 0.947936, -0.193527
Y -0.127810, 0.231013, 0.964519
Z 0.959009, -0.219206, 0.179582

PART 70
OFFSET 8.056195, -13.161922, 77.515670
SCALE 1.000000, 1.000000, 1.000000
X -0.043684, 0.177047, -0.983233
Y -0.208860, 0.960806, 0.182288
Z 0.976969, 0.213321, -0.004994

PART 71
OFFSET 8.301593, -14.239331, 77.321255
SCALE 1.000000, 1.000000, 1.000000
X -0.569019, -0.187015, -0.800777
Y -0.673571, -0.452612, 0.584332
Z -0.471720, 0.871876, 0.131577

PART 72
OFFSET 10.123296, -14.387945, 74.867108
SCALE 1.000000, 1.000000, 1.000000
X -0.180224, -0.560122, 0.808568
Y 0.699362, -0.651009, -0.295093
Z 0.691673, 0.512299, 0.509056

PART 73
OFFSET 9.479555, -14.109235, 75.154129
SCALE 1.000000, 1.000000, 1.000000
X -0.244193, -0.430058, 0.869149
Y 0.630632, -0.751298, -0.194564
Z 0.736663, 0.500602, 0.454670

PART 74
OFFSET 9.717998, -12.237175, 74.799397
SCALE 1.000000, 1.000000, 1.000000
X -0.635163, -0.292218, -0.714966
Y 0.164912, 0.853015, -0.495146
Z 0.754568, -0.432405, -0.493613

PART 75
OFFSET 9.516436, -12.969503, 73.290693
SCALE 1.000000, 1.000000, 1.000000
X -0.564000, 0.095079, -0.820283
Y -0.320177, 0.890464, 0.323358
Z 0.761177, 0.445010, -0.471780

PART 76
OFFSET 9.516436, -12.969503, 73.290693
SCALE 1.000000, 1.000000, 1.000000
X -0.564000, 0.095079, -0.820283
Y -0.320177, 0.890464, 0.323358
Z 0.761177, 0.445010, -0.471780

PART 77
OFFSET -12.420094, 22.072588, 85.703099
SCALE 1.000000, 1.000000, 1.000000
X -0.663333, -0.044603, -0.746994
Y -0.556755, -0.637573, 0.532470
Z -0.500013, 0.769097, 0.398090

PART 78
OFFSET 11.372924, 30.405532, 53.599626
SCALE 1.000000, 1.000000, 1.000000
X 0.870497, 0.421168, -0.254660
Y -0.487733, 0.807538, -0.331662
Z 0.065962, 0.412917, 0.908377

PART 79
OFFSET 11.372924, 30.405532, 53.599626
SCALE 1.000000, 1.000000, 1.000000
X 0.994343, -0.106205, 0.001848
Y 0.035462, 0.348314, 0.936707
Z -0.100127, -0.931342, 0.350109

PART 80
OFFSET 12.737204, 31.319714, 54.776912
SCALE 1.000000, 1.000000, 1.000000
X 0.973673, 0.208704, 0.091671
Y -0.154630, 0.900207, -0.407084
Z -0.167483, 0.382191, 0.908779

PART 81
OFFSET 10.005798, 31.758838, 56.386740
SCALE 1.000000, 1.000000, 1.000000
X 0.767970, 0.303227, 0.564159
Y -0.130297, 0.936376, -0.325919
Z -0.627092, 0.176788, 0.758618

PART 82
OFFSET 10.540421, 31.120581, 55.680739
SCALE 1.000000, 1.000000, 1.000000
X 0.780518, 0.510625, 0.360629
Y -0.340942, 0.831247, -0.439075
Z -0.523975, 0.219752, 0.822897

PART 83
OFFSET 9.332612, 29.785499, 51.674899
SCALE 1.000000, 1.000000, 1.000000
X 0.340489, 0.677694, -0.651765
Y -0.085216, 0.712573, 0.696404
Z 0.936379, -0.181577, 0.300373

PART 84
OFFSET 8.056195, -13.161922, 77.515670
SCALE 1.000000, 1.000000, 1.000000
X -0.578572, -0.034631, -0.814896
Y -0.765801, -0.320799, 0.557348
Z -0.280719, 0.946514, 0.159085

PART 85
OFFSET 8.056195, -13.161922, 77.515670
SCALE 1.000000, 1.000000, 1.000000
X -0.043684, 0.177047, -0.983233
Y -0.208860, 0.960806, 0.182288
Z 0.976969, 0.213321, -0.004994

PART 86
OFFSET 9.315940, -13.903830, 78.726650
SCALE 1.000000, 1.000000, 1.000000
X -0.840994, -0.406408, -0.357157
Y -0.255057, -0.284372, 0.924164
Z -0.477153, 0.868312, 0.135498

PART 87
OFFSET 9.738400, -15.631854, 76.650232
SCALE 1.000000, 1.000000, 1.000000
X -0.397800, -0.170213, -0.901545
Y -0.397492, -0.853655, 0.336562
Z -0.826895, 0.492241, 0.271925

PART 88
OFFSET 9.041189, -15.036476, 76.996810
SCALE 1.000000, 1.000000, 1.000000
X -0.435727, -0.083754, -0.896174
Y -0.503369, -0.802728, 0.319763
Z -0.746165, 0.590435, 0.307611

PART 89
OFFSET 11.173932, -11.567348, 76.438183
SCALE 1.000000, 1.000000, 1.000000
X -0.497571, 0.113551, -0.859959
Y 0.427913, 0.894498, -0.129478
Z 0.754529, -0.432412, -0.493666

PART 90
OFFSET 12.612127, 31.012639, 53.234993
SCALE 1.000000, 1.000000, 1.000000
X 0.942366, 0.265602, -0.203476
Y -0.327288, 0.858075, -0.395715
Z 0.069495, 0.439503, 0.895549

PART 91
OFFSET 13.732628, 31.653760, 54.823535
SCALE 1.000000, 1.000000, 1.000000
X 0.977004, -0.076660, 0.198962
Y 0.147750, 0.916185, -0.372525
Z -0.153728, 0.393355, 0.906443

PART 92
OFFSET 10.874096, 32.107678, 57.022401
SCALE 1.000000, 1.000000, 1.000000
X 0.564417, 0.773874, 0.287320
Y -0.540992, 0.609663, -0.579344
Z -0.623507, 0.171553, 0.762764

PART 93
OFFSET 11.712824, 31.912135, 56.206881
SCALE 1.000000, 1.000000, 1.000000
X 0.798817, 0.469693, 0.375872
Y -0.325488, 0.862916, -0.386568
Z -0.505914, 0.186455, 0.842191

PART 94
OFFSET 9.722469, 30.432012, 50.870952
SCALE 1.000000, 1.000000, 1.000000
X 0.355985, 0.504296, -0.786741
